<reference>
Airfoil "Interp_010000" created on 31-Oct-2019 15:10:14 for blade project BAR008_numad
</reference>
<coords>
 1.00000000000000  0.00017054782578
 0.99198227627472 -0.01272175499957
 0.98371743845047 -0.02273060614556
 0.97520782566450 -0.03308469471762
 0.96645602399198 -0.04377551708354
 0.95746486533764 -0.05467890065859
 0.94823742608132 -0.06589813087238
 0.93877702547831 -0.07734779159952
 0.92908722381577 -0.08894907971021
 0.91917182032674 -0.10072404773949
 0.90903485086332 -0.11251084864641
 0.89868058533112 -0.12432003364548
 0.88811352488707 -0.13605117743011
 0.87733839890312 -0.14779173562855
 0.86636016169836 -0.15951018622074
 0.85518398904261 -0.17106185462221
 0.84381527443449 -0.18240161115099
 0.83225962515739 -0.19361245525650
 0.82052285811683 -0.20461445637841
 0.80861099546316 -0.21529529742731
 0.79653026000341 -0.22570995491410
 0.78428707040669 -0.23587262396929
 0.77188803620744 -0.24576537164041
 0.75933995261121 -0.25526439113098
 0.74664979510789 -0.26438507630191
 0.73382471389716 -0.27327336033703
 0.72087202813174 -0.28177118617364
 0.70779921998344 -0.28990105137081
 0.69461392853795 -0.29771639669867
 0.68132394352384 -0.30511331217451
 0.66793719888182 -0.31227062895075
 0.65446176618036 -0.31889668088668
 0.64090584788381 -0.32524082526955
 0.62727777047945 -0.33121348917952
 0.61358597747006 -0.33676911772830
 0.59983902223850 -0.34187619450351
 0.58604556079130 -0.34664502321350
 0.57221434438807 -0.35107832598700
 0.55835421206370 -0.35508100616284
 0.54447408305065 -0.35866670008690
 0.53058294910845 -0.36190610987389
 0.51668986676784 -0.36476196764277
 0.50280394949686 -0.36723705171566
 0.48893435979653 -0.36925829736137
 0.47509030123367 -0.37100982783354
 0.46128101041847 -0.37229690796262
 0.44751574893451 -0.37331650349003
 0.43380379522908 -0.37387531955340
 0.42015443647153 -0.37408602009691
 0.40657696038750 -0.37384102704322
 0.39308064707691 -0.37332761010990
 0.37967476082358 -0.37254160047429
 0.36636854190446 -0.37122925782864
 0.35317119840621 -0.36970329180415
 0.34009189805719 -0.36778137217018
 0.32713976008272 -0.36546242831624
 0.31432384709134 -0.36292798546922
 0.30165315700016 -0.35993374487055
 0.28913661500689 -0.35674468887137
 0.27678306561642 -0.35314594553373
 0.26460126472968 -0.34927204121305
 0.25259987180237 -0.34500425369679
 0.24078744208124 -0.34046096007666
 0.22917241892536 -0.33566147439048
 0.21776312621990 -0.33047043753686
 0.20656776088971 -0.32502930949902
 0.19559438551999 -0.31926932631060
 0.18485092109125 -0.31328998851784
 0.17434513983550 -0.30691791561806
 0.16408465822072 -0.30032744070622
 0.15407693007035 -0.29350899790293
 0.14432923982450 -0.28632358390220
 0.13484869594946 -0.27893450616663
 0.12564222450182 -0.27125693471744
 0.11671656285358 -0.26332496283616
 0.10807825358424 -0.25511455420547
 0.09973363854584 -0.24672322625716
 0.09168885310678 -0.23801321588123
 0.08394982057990 -0.22912355533549
 0.07652224684037 -0.22005278891820
 0.06941161513848 -0.21087285758111
 0.06262318111256 -0.20129819284120
 0.05616196800664 -0.19166882467952
 0.05003276209781 -0.18181752152620
 0.04424010833737 -0.17170696912094
 0.03878830621037 -0.16146478021131
 0.03368140581728 -0.15105005215844
 0.02892320418183 -0.14048500837957
 0.02451724178842 -0.12980601781472
 0.02046679935258 -0.11901913865535
 0.01677489482770 -0.10828072969367
 0.01344428065070 -0.09728187829579
 0.01047744122960 -0.08592646124903
 0.00787659067524 -0.07436422833760
 0.00564367077947 -0.06242784041362
 0.00378034924169 -0.05059899093867
 0.00228801814559 -0.03895303552653
 0.00116779268741 -0.02718828378090
 0.00042051015715 -0.01504362094697
 0.00004672917351 -0.00484081769732
 0.00000000000000  0.00000000000000
 0.00018690795963  0.01006683233367
 0.00074749210404  0.02085557752153
 0.00168133335750  0.03223544528439
 0.00298773368594  0.04381814875394
 0.00466571673472  0.05626100621626
 0.00671402872070  0.06832572719436
 0.00913113957761  0.08041000536164
 0.01191524435374  0.09200017819864
 0.01506426486051  0.10321384741036
 0.01857585157029  0.11417050486092
 0.02244738576178  0.12510067482778
 0.02667598191058  0.13580156317319
 0.03125849032295  0.14636978554108
 0.03619150000991  0.15705564305812
 0.04147134179908  0.16752114743415
 0.04709409168110  0.17775091338607
 0.05305557438747  0.18778572246275
 0.05935136719623  0.19765652742301
 0.06597680396191  0.20743091543554
 0.07292697936561  0.21690084561032
 0.08019675338137  0.22619558714134
 0.08778075595417  0.23528738192761
 0.09567339188527  0.24418849500213
 0.10386884591997  0.25285765153844
 0.11236108803290  0.26125758613684
 0.12114387890570  0.26943581426566
 0.13021077559176  0.27732782102184
 0.13955513736253  0.28487934315716
 0.14917013172964  0.29223964031252
 0.15904874063708  0.29932823632236
 0.16918376681737  0.30616603773895
 0.17956784030548  0.31272215195392
 0.19019342510435  0.31893808962961
 0.20105282599532  0.32488463295641
 0.21213819548702  0.33049432304059
 0.22344154089588  0.33586194222540
 0.23495473155142  0.34096927816533
 0.24666950611936  0.34563458211932
 0.25857748003536  0.35004714704911
 0.27067015304229  0.35412452604773
 0.28293891682359  0.35779385566817
 0.29537506272546  0.36122843663966
 0.30796978956028  0.36424633418844
 0.32071421148379  0.36693829470457
 0.33359936593831  0.36928067318600
 0.34661622165442  0.37129725952658
 0.35975568670322  0.37296057520764
 0.37300861659155  0.37421509207346
 0.38636582239216  0.37513085722722
 0.39981807890109  0.37576741134942
 0.41335613281440  0.37591726600741
 0.42697071091619  0.37579997179088
 0.44065252827023  0.37526450583755
 0.45439229640710  0.37433274937512
 0.46818073149910  0.37310951796163
 0.48200856251488  0.37155706734859
 0.49586653934615  0.36953709923362
 0.50974544089847  0.36724219208502
 0.52363608313836  0.36460024648117
 0.53752932708916  0.36156943567919
 0.55141608676765  0.35819628586752
 0.56528733705417  0.35443204118468
 0.57913412148841  0.35033367992297
 0.59294755998350  0.34588689732921
 0.60671885645105  0.34111841516685
 0.62043930632981  0.33595577128798
 0.63410030401072  0.33046244236822
 0.64769335015132  0.32461841811220
 0.66121005887250  0.31840700921480
 0.67464216483075  0.31189651000826
 0.68798153015923  0.30507432219431
 0.70122015127091  0.29794716283251
 0.71435016551757  0.29043071082838
 0.72736385769809  0.28269318779860
 0.74025366641005  0.27465927818608
 0.75301219023863  0.26634127433578
 0.76563219377682  0.25766652227518
 0.77810661347150  0.24879568086791
 0.79042856328976  0.23962927779908
 0.80259134020016  0.23015523780318
 0.81458842946390  0.22042631634004
 0.82641350973082  0.21049420722843
 0.83806045793573  0.20035988804185
 0.84952335399025  0.18995363475266
 0.86079648526607  0.17935336043231
 0.87187435086546  0.16847396600312
 0.88275166567498  0.15748777049140
 0.89342336419895  0.14624522831910
 0.90388460416902  0.13487833103277
 0.91413076992667  0.12325052162491
 0.92415747557566  0.11147090251233
 0.93396056790161  0.09953193807300
 0.94353612905612  0.08752683235047
 0.95288047900325  0.07527164711046
 0.96199017772613  0.06282012554470
 0.97086202719197  0.05035155083030
 0.97949307307382  0.03757939762072
 0.98788060622780  0.02461688579038
 0.99602216392456  0.01106882350062
</coords>