<reference>
Airfoil "Interp_046380" created on 31-Oct-2019 15:10:14 for blade project BAR008_numad
</reference>
<coords>
 1.00000000000000  0.00000000000000
 1.00000000000000 -0.00943099404961
 0.98421375798636 -0.00612201366216
 0.96843145023519 -0.00343177878274
 0.95265701002844 -0.00154865659133
 0.93689436868733 -0.00034847546810
 0.92114745459252  0.00025395759184
 0.90542019220516  0.00027680304874
 0.88971650108872 -0.00027530213507
 0.87404029493228 -0.00139328729597
 0.85839548057505 -0.00303558292749
 0.84278595703275 -0.00516253682646
 0.82721561452590 -0.00774777186790
 0.81168833351028 -0.01076122860915
 0.79620798370985 -0.01418439975152
 0.78077842315231 -0.01802206121421
 0.76540349720763 -0.02227200532821
 0.75008703762969 -0.02684949839755
 0.73483286160132 -0.03170093131169
 0.71964477078299 -0.03681103084140
 0.70452655036533 -0.04215412326747
 0.68948196812583 -0.04768011591679
 0.67451477348979 -0.05336865812383
 0.65962869659589 -0.05915549042505
 0.64482744736657 -0.06499013846040
 0.63011471458345 -0.07084349653717
 0.61549416496799 -0.07667436207877
 0.60096944226766 -0.08243264090546
 0.58654416634787 -0.08808803579420
 0.57222193228979 -0.09360953016880
 0.55800630949442 -0.09895924989328
 0.54390084079298 -0.10413498523915
 0.52990904156400 -0.10908718390042
 0.51603439885716 -0.11382523456969
 0.50228037052432 -0.11830893347201
 0.48865038435767 -0.12255942720417
 0.47514783723553 -0.12654515625721
 0.46177609427571 -0.13025517426737
 0.44853848799689 -0.13370741210377
 0.43543831748808 -0.13688559015910
 0.42247884758641 -0.13980008640526
 0.40966330806347 -0.14244090230991
 0.39699489282039 -0.14482068604053
 0.38447675909182 -0.14692820507823
 0.37211202665914 -0.14878864144872
 0.35990377707289 -0.15038198640855
 0.34785505288481 -0.15172665653720
 0.33596885688957 -0.15282451324185
 0.32424815137639 -0.15368034249179
 0.31269585739082 -0.15429737696833
 0.30131485400669 -0.15468906223178
 0.29010797760867 -0.15485683247929
 0.27907802118528 -0.15480054204747
 0.26822773363292 -0.15451677411867
 0.25755981907072 -0.15403445079931
 0.24707693616662 -0.15334495235133
 0.23678169747483 -0.15244996541578
 0.22667666878466 -0.15135440228704
 0.21676436848111 -0.15006694719754
 0.20704726691722 -0.14859381369688
 0.19752778579842 -0.14693657171881
 0.18820829757898 -0.14510003266115
 0.17909112487074 -0.14308894220014
 0.17017853986427 -0.14091330367606
 0.16147276376262 -0.13856303297424
 0.15297596622770 -0.13605298360298
 0.14469026483959 -0.13339899876616
 0.13661772456878 -0.13059936116160
 0.12876035726154 -0.12765433859777
 0.12112012113854 -0.12458054954246
 0.11369892030679 -0.12138595446566
 0.10649860428513 -0.11807121831211
 0.09952096754325 -0.11464244014972
 0.09276774905452 -0.11111531894054
 0.08624063186256 -0.10749700261111
 0.07994124266183 -0.10378856332379
 0.07387115139216 -0.10000797196767
 0.06803187084757 -0.09616028752597
 0.06242485629917 -0.09224566490202
 0.05705150513256 -0.08827978277089
 0.05191315649949 -0.08427301907035
 0.04701109098416 -0.08022124729268
 0.04234653028407 -0.07613468443666
 0.03792063690554 -0.07202566747822
 0.03373451387398 -0.06790464812105
 0.02978920445901 -0.06377768092790
 0.02608569191446 -0.05964387662274
 0.02262489923329 -0.05550410782386
 0.01940768891760 -0.05136055778284
 0.01643486276363 -0.04722011627784
 0.01370716166200 -0.04309195927206
 0.01122526541300 -0.03898248442095
 0.00898979255721 -0.03488832443619
 0.00700130022133 -0.03079497776257
 0.00526028397934 -0.02669171715590
 0.00376717772899 -0.02258063585494
 0.00252235358366 -0.01847305694950
 0.00152612177962 -0.01434068482857
 0.00077873059872 -0.01023342155701
 0.00028036630652 -0.00613573327893
 0.00003115310584 -0.00205281249217
 0.00000000000000  0.00000000000000
 0.00003115310584  0.00201037935656
 0.00028036630652  0.00616756014080
 0.00077873059872  0.01043206130165
 0.00152612177962  0.01478167909661
 0.00252235358366  0.01919490729715
 0.00376717772899  0.02366019620712
 0.00526028397934  0.02802851175122
 0.00700130022133  0.03236682673056
 0.00898979255721  0.03669580932106
 0.01122526541300  0.04102991592199
 0.01370716166200  0.04537258165584
 0.01643486276363  0.04971548956312
 0.01940768891760  0.05405027086642
 0.02262489923329  0.05836443818015
 0.02608569191446  0.06264778401454
 0.02978920445901  0.06689701054346
 0.03373451387398  0.07111252781968
 0.03792063690554  0.07529283235282
 0.04234653028407  0.07943243298731
 0.04701109098416  0.08352391525308
 0.05191315649949  0.08756220216594
 0.05705150513256  0.09153355474679
 0.06242485629917  0.09542872294858
 0.06803187084757  0.09924631961607
 0.07387115139216  0.10298543156553
 0.07994124266183  0.10663848259446
 0.08624063186256  0.11019147520243
 0.09276774905452  0.11363671084475
 0.09952096754325  0.11697812840485
 0.10649860428513  0.12019495130219
 0.11369892030679  0.12328075380074
 0.12112012113854  0.12624209763021
 0.12876035726154  0.12906271665728
 0.13661772456878  0.13174213704964
 0.14469026483959  0.13427568473866
 0.15297596622770  0.13665065042896
 0.16147276376262  0.13887314601139
 0.17017853986427  0.14092847426285
 0.17909112487074  0.14281478393006
 0.18820829757898  0.14452830697315
 0.19752778579842  0.14606219566384
 0.20704726691722  0.14742615451579
 0.21676436848111  0.14860732113418
 0.22667666878466  0.14961110205040
 0.23678169747483  0.15044576281117
 0.24707693616662  0.15109842498852
 0.25755981907072  0.15158751355945
 0.26822773363292  0.15189951019750
 0.27907802118528  0.15203656913306
 0.29010797760867  0.15200714769104
 0.30131485400669  0.15180164341128
 0.31269585739082  0.15143295261223
 0.32424815137639  0.15089519670907
 0.33596885688957  0.15021447907483
 0.34785505288481  0.14936593141274
 0.35990377707289  0.14836626388787
 0.37211202665914  0.14721101331506
 0.38447675909182  0.14591268189244
 0.39699489282039  0.14446553874035
 0.40966330806347  0.14286489304106
 0.42247884758641  0.14112818669869
 0.43543831748808  0.13926093960058
 0.44853848799689  0.13725373113392
 0.46177609427571  0.13512417571860
 0.47514783723553  0.13286235057898
 0.48865038435767  0.13047014141644
 0.50228037052432  0.12796706953828
 0.51603439885716  0.12534710913012
 0.52990904156400  0.12263287267032
 0.54390084079298  0.11981381499305
 0.55800630949442  0.11690978193441
 0.57222193228979  0.11390221555175
 0.58654416634787  0.11080384239871
 0.60096944226766  0.10762175242290
 0.61549416496799  0.10435993890535
 0.63011471458345  0.10101322940396
 0.64482744736657  0.09759800067405
 0.65962869659589  0.09410562624429
 0.67451477348979  0.09054158011374
 0.68948196812583  0.08691026716973
 0.70452655036533  0.08322990880862
 0.71964477078299  0.07947879665297
 0.73483286160132  0.07568127847106
 0.75008703762969  0.07183964863613
 0.76540349720763  0.06797644997190
 0.78077842315231  0.06409720959545
 0.79620798370985  0.06019806023563
 0.81168833351028  0.05626875357650
 0.82721561452590  0.05231765279959
 0.84278595703275  0.04836446556806
 0.85839548057505  0.04440983503349
 0.87404029493228  0.04047045670010
 0.88971650108872  0.03654769609968
 0.90542019220516  0.03264581144574
 0.92114745459252  0.02878189398416
 0.93689436868733  0.02497682142375
 0.95265701002844  0.02120527905363
 0.96843145023519  0.01747239840675
 0.98421375798636  0.01372606915937
 1.00000000000000  0.00992342017310
</coords>