<reference>
Airfoil "Interp_055172" recreated on 26-Oct-2021 for blade project numad</reference>
<coords>
1.000000000000	0.000000000000
1.000000000000	-0.000008326260
0.999751000000	0.001933720000
0.999003000000	-0.002673810000
0.997759000000	-0.002470210000
0.996018000000	-0.002213180000
0.993782000000	-0.001894530000
0.991055000000	-0.001503700000
0.987838000000	-0.001082450000
0.984134000000	-0.000611727000
0.979948000000	-0.000093760400
0.975284000000	0.000460889000
0.970146000000	0.001045580000
0.964539000000	0.001652930000
0.958469000000	0.002274380000
0.951942000000	0.002905490000
0.944964000000	0.003543300000
0.937544000000	0.004148840000
0.929686000000	0.004690470000
0.921401000000	0.005153370000
0.912695000000	0.005514280000
0.903579000000	0.005738680000
0.894059000000	0.005808400000
0.884147000000	0.005727550000
0.873852000000	0.005462910000
0.863185000000	0.005009720000
0.852155000000	0.004372140000
0.840775000000	0.003522860000
0.829054000000	0.002450030000
0.817006000000	0.001144190000
0.804642000000	-0.000412395000
0.791974000000	-0.002250600000
0.779014000000	-0.004393010000
0.765777000000	-0.006912290000
0.752275000000	-0.009751600000
0.738522000000	-0.012910500000
0.724530000000	-0.016367900000
0.710315000000	-0.020107600000
0.695890000000	-0.024123900000
0.681270000000	-0.028395300000
0.666469000000	-0.032837600000
0.651503000000	-0.037490700000
0.636385000000	-0.042313500000
0.621131000000	-0.047258100000
0.605757000000	-0.052274900000
0.590277000000	-0.057329500000
0.574707000000	-0.062367300000
0.559063000000	-0.067339300000
0.543359000000	-0.072207900000
0.527613000000	-0.076930200000
0.511839000000	-0.081463100000
0.496053000000	-0.085782700000
0.480272000000	-0.089849300000
0.464509000000	-0.093668500000
0.448783000000	-0.097139400000
0.433107000000	-0.100265000000
0.417498000000	-0.103051000000
0.401971000000	-0.105479000000
0.386542000000	-0.107572000000
0.371226000000	-0.109311000000
0.356038000000	-0.110697000000
0.340994000000	-0.111740000000
0.326109000000	-0.112455000000
0.311396000000	-0.112830000000
0.296872000000	-0.112890000000
0.282550000000	-0.112633000000
0.268445000000	-0.112065000000
0.254571000000	-0.111216000000
0.240941000000	-0.110078000000
0.227570000000	-0.108674000000
0.214470000000	-0.106999000000
0.201655000000	-0.105070000000
0.189138000000	-0.102893000000
0.176930000000	-0.100482000000
0.165044000000	-0.097851600000
0.153492000000	-0.095009600000
0.142285000000	-0.091974900000
0.131435000000	-0.088773100000
0.120953000000	-0.085406700000
0.110848000000	-0.081895500000
0.101131000000	-0.078254900000
0.091812100000	-0.074506000000
0.082899800000	-0.070673200000
0.074403300000	-0.066761800000
0.066331000000	-0.062802400000
0.058691000000	-0.058797000000
0.051490900000	-0.054778700000
0.044737900000	-0.050761400000
0.038438700000	-0.046756500000
0.032599600000	-0.042772400000
0.027226400000	-0.038817100000
0.022324500000	-0.034908400000
0.017898800000	-0.031054700000
0.013953600000	-0.027241400000
0.010492900000	-0.023466600000
0.007520160000	-0.019698800000
0.005038340000	-0.016313000000
0.003049910000	-0.012866500000
0.001556850000	-0.008675420000
0.000560654000	-0.003322610000
0.000062305200	-0.000328313000
0.000000000000	0.000000000000
0.000062305200	0.000514485000
0.000560654000	0.004138460000
0.001556850000	0.010653400000
0.003049910000	0.015534700000
0.005038340000	0.019945000000
0.007520160000	0.024470500000
0.010492900000	0.028917400000
0.013953600000	0.033496200000
0.017898800000	0.038089900000
0.022324500000	0.042714700000
0.027226400000	0.047340200000
0.032599600000	0.051932000000
0.038438700000	0.056515900000
0.044737900000	0.061061700000
0.051490900000	0.065548400000
0.058691000000	0.069966400000
0.066331000000	0.074316200000
0.074403300000	0.078571700000
0.082899800000	0.082719300000
0.091812100000	0.086748100000
0.101131000000	0.090641400000
0.110848000000	0.094386700000
0.120953000000	0.097972500000
0.131435000000	0.101388000000
0.142285000000	0.104613000000
0.153492000000	0.107637000000
0.165044000000	0.110451000000
0.176930000000	0.113045000000
0.189138000000	0.115410000000
0.201655000000	0.117525000000
0.214470000000	0.119387000000
0.227570000000	0.121005000000
0.240941000000	0.122358000000
0.254571000000	0.123438000000
0.268445000000	0.124254000000
0.282550000000	0.124785000000
0.296872000000	0.125051000000
0.311396000000	0.125039000000
0.326109000000	0.124749000000
0.340994000000	0.124202000000
0.356038000000	0.123406000000
0.371226000000	0.122374000000
0.386542000000	0.121115000000
0.401971000000	0.119644000000
0.417498000000	0.117981000000
0.433107000000	0.116124000000
0.448783000000	0.114079000000
0.464509000000	0.111868000000
0.480272000000	0.109477000000
0.496053000000	0.106990000000
0.511839000000	0.104401000000
0.527613000000	0.101702000000
0.543359000000	0.098900700000
0.559063000000	0.096014100000
0.574707000000	0.093046700000
0.590277000000	0.090011100000
0.605757000000	0.086922500000
0.621131000000	0.083778200000
0.636385000000	0.080600800000
0.651503000000	0.077408600000
0.666469000000	0.074197600000
0.681270000000	0.070987700000
0.695890000000	0.067853100000
0.710315000000	0.064749000000
0.724530000000	0.061672700000
0.738522000000	0.058627500000
0.752275000000	0.055637600000
0.765777000000	0.052703400000
0.779014000000	0.049825900000
0.791974000000	0.046956900000
0.804642000000	0.044167000000
0.817006000000	0.041468400000
0.829054000000	0.038857800000
0.840775000000	0.036330500000
0.852155000000	0.033894200000
0.863185000000	0.031547400000
0.873852000000	0.029292100000
0.884147000000	0.027133500000
0.894059000000	0.025075600000
0.903579000000	0.023106900000
0.912695000000	0.021232300000
0.921401000000	0.019458500000
0.929686000000	0.017778200000
0.937544000000	0.016196800000
0.944964000000	0.014712700000
0.951942000000	0.013320900000
0.958469000000	0.012021200000
0.964539000000	0.010814800000
0.970146000000	0.009702520000
0.975284000000	0.008685470000
0.979948000000	0.007764750000
0.984134000000	0.006941470000
0.987838000000	0.006218030000
0.991055000000	0.005590950000
0.993782000000	0.005041990000
0.996018000000	0.004590700000
0.997759000000	0.004240770000
0.999003000000	0.003993780000
0.999751000000	0.004082750000
1.000000000000	0.000008326260
</coords>