<reference>
Airfoil "Interp_091117" created on 31-Oct-2019 15:10:14 for blade project BAR008_numad
</reference>
<coords>
 1.00000000000000  0.00000000000000
 1.00000000000000  0.00025174259101
 0.98421375798636  0.00142650282088
 0.96843145023519  0.00274879204634
 0.95265701002844  0.00413918721936
 0.93689436868733  0.00529307857208
 0.92114745459252  0.00596251571432
 0.90542019220516  0.00625934867040
 0.88971650108872  0.00619258804786
 0.87404029493228  0.00579975539904
 0.85839548057505  0.00509940907867
 0.84278595703275  0.00409170821133
 0.82721561452590  0.00279290687626
 0.81168833351028  0.00123104212436
 0.79620798370985 -0.00060272705576
 0.78077842315231 -0.00268616427406
 0.76540349720763 -0.00501524853702
 0.75008703762969 -0.00754746671418
 0.73483286160132 -0.01026779082013
 0.71964477078299 -0.01317999345400
 0.70452655036533 -0.01626836963443
 0.68948196812583 -0.01941272275724
 0.67451477348979 -0.02265672246461
 0.65962869659589 -0.02601753051258
 0.64482744736657 -0.02947605188045
 0.63011471458345 -0.03302753784255
 0.61549416496799 -0.03672349493571
 0.60096944226766 -0.04043643269352
 0.58654416634787 -0.04419187657262
 0.57222193228979 -0.04788262556489
 0.55800630949442 -0.05116442058934
 0.54390084079298 -0.05427815955471
 0.52990904156400 -0.05730124865383
 0.51603439885716 -0.06025820130360
 0.50228037052432 -0.06312634131862
 0.48865038435767 -0.06592915445264
 0.47514783723553 -0.06854818365830
 0.46177609427571 -0.07097318691929
 0.44853848799689 -0.07320353466027
 0.43543831748808 -0.07520840676729
 0.42247884758641 -0.07701017488087
 0.40966330806347 -0.07857634483958
 0.39699489282039 -0.07996285079634
 0.38447675909182 -0.08114136033784
 0.37211202665914 -0.08213133789363
 0.35990377707289 -0.08291767748268
 0.34785505288481 -0.08352062566035
 0.33596885688957 -0.08394602660784
 0.32424815137639 -0.08419782042116
 0.31269585739082 -0.08427685486795
 0.30131485400669 -0.08419900666548
 0.29010797760867 -0.08398725432088
 0.27907802118528 -0.08363290951073
 0.26822773363292 -0.08314176919307
 0.25755981907072 -0.08253855625013
 0.24707693616662 -0.08182202789873
 0.23678169747483 -0.08098584046772
 0.22667666878466 -0.08005119508622
 0.21676436848111 -0.07901696291821
 0.20704726691722 -0.07789772669188
 0.19752778579842 -0.07668275292665
 0.18820829757898 -0.07537913084987
 0.17909112487074 -0.07399287668624
 0.17017853986427 -0.07254429754223
 0.16147276376262 -0.07102699310135
 0.15297596622770 -0.06944285967173
 0.14469026483959 -0.06781217944700
 0.13661772456878 -0.06613805543813
 0.12876035726154 -0.06441343113584
 0.12112012113854 -0.06264702884392
 0.11369892030679 -0.06084369512822
 0.10649860428513 -0.05899714146767
 0.09952096754325 -0.05711741501166
 0.09276774905452 -0.05521050404834
 0.08624063186256 -0.05327912214517
 0.07994124266183 -0.05132665216268
 0.07387115139216 -0.04935672816108
 0.06803187084757 -0.04737461757058
 0.06242485629917 -0.04538730640666
 0.05705150513256 -0.04339609847397
 0.05191315649949 -0.04139536456999
 0.04701109098416 -0.03938647774380
 0.04234653028407 -0.03738727291790
 0.03792063690554 -0.03539634594050
 0.03373451387398 -0.03339179880356
 0.02978920445901 -0.03136712912740
 0.02608569191446 -0.02937401966331
 0.02262489923329 -0.02738838505524
 0.01940768891760 -0.02541302381494
 0.01643486276363 -0.02345944273140
 0.01370716166200 -0.02149700677478
 0.01122526541300 -0.01953528645669
 0.00898979255721 -0.01758721094726
 0.00700130022133 -0.01565281046945
 0.00526028397934 -0.01370050897765
 0.00376717772899 -0.01172292888400
 0.00252235358366 -0.00974073875703
 0.00152612177962 -0.00769979979542
 0.00077873059872 -0.00551574939864
 0.00028036630652 -0.00332019094916
 0.00003115310584 -0.00114355264293
 0.00000000000000  0.00000000000000
 0.00003115310584  0.00102143505567
 0.00028036630652  0.00327118349055
 0.00077873059872  0.00560736519792
 0.00152612177962  0.00803832838181
 0.00252235358366  0.01047548533294
 0.00376717772899  0.01297561156096
 0.00526028397934  0.01553924335430
 0.00700130022133  0.01819396122976
 0.00898979255721  0.02090686453437
 0.01122526541300  0.02363995529595
 0.01370716166200  0.02639240181224
 0.01643486276363  0.02917160208255
 0.01940768891760  0.03197577907517
 0.02262489923329  0.03477340871228
 0.02608569191446  0.03757770964273
 0.02978920445901  0.04039703734981
 0.03373451387398  0.04321321866682
 0.03792063690554  0.04611920305873
 0.04234653028407  0.04905623449256
 0.04701109098416  0.05198585689107
 0.05191315649949  0.05489727011039
 0.05705150513256  0.05780301689757
 0.06242485629917  0.06070226054849
 0.06803187084757  0.06358638788871
 0.07387115139216  0.06644888975234
 0.07994124266183  0.06928460405959
 0.08624063186256  0.07208995308771
 0.09276774905452  0.07485770329472
 0.09952096754325  0.07758212550324
 0.10649860428513  0.08027759074974
 0.11369892030679  0.08293195377197
 0.12112012113854  0.08552266609663
 0.12876035726154  0.08805488884859
 0.13661772456878  0.09051087955036
 0.14469026483959  0.09289587515786
 0.15297596622770  0.09523846330515
 0.16147276376262  0.09751261399690
 0.17017853986427  0.09962630167845
 0.17909112487074  0.10171496278659
 0.18820829757898  0.10370851848120
 0.19752778579842  0.10558009376548
 0.20704726691722  0.10731228364635
 0.21676436848111  0.10895764216736
 0.22667666878466  0.11052742384740
 0.23678169747483  0.11192017432590
 0.24707693616662  0.11315943520310
 0.25755981907072  0.11421524515574
 0.26822773363292  0.11513001870159
 0.27907802118528  0.11591245240614
 0.29010797760867  0.11653952134427
 0.30131485400669  0.11701932631062
 0.31269585739082  0.11725078899479
 0.32424815137639  0.11734450211236
 0.33596885688957  0.11720891218881
 0.34785505288481  0.11692387694857
 0.35990377707289  0.11647086269344
 0.37211202665914  0.11581621072345
 0.38447675909182  0.11501411809476
 0.39699489282039  0.11409145781873
 0.40966330806347  0.11292771451280
 0.42247884758641  0.11170903774365
 0.43543831748808  0.11030331214378
 0.44853848799689  0.10872114517013
 0.46177609427571  0.10707467690051
 0.47514783723553  0.10524959089037
 0.48865038435767  0.10332198633948
 0.50228037052432  0.10126767987036
 0.51603439885716  0.09928033552994
 0.52990904156400  0.09715588715534
 0.54390084079298  0.09492617748240
 0.55800630949442  0.09265020216683
 0.57222193228979  0.09015556701844
 0.58654416634787  0.08718296568080
 0.60096944226766  0.08410595394342
 0.61549416496799  0.08092052419852
 0.63011471458345  0.07765519828151
 0.64482744736657  0.07443578849860
 0.65962869659589  0.07113500073570
 0.67451477348979  0.06776843959563
 0.68948196812583  0.06437879260660
 0.70452655036533  0.06097499799784
 0.71964477078299  0.05765926357085
 0.73483286160132  0.05430401449346
 0.75008703762969  0.05095067721961
 0.76540349720763  0.04758535681121
 0.78077842315231  0.04424271570111
 0.79620798370985  0.04091901822019
 0.81168833351028  0.03760635687784
 0.82721561452590  0.03434096417134
 0.84278595703275  0.03109877512141
 0.85839548057505  0.02787680676362
 0.87404029493228  0.02467904184051
 0.88971650108872  0.02155081071984
 0.90542019220516  0.01845789281434
 0.92114745459252  0.01541495223571
 0.93689436868733  0.01243563805011
 0.95265701002844  0.00956865010393
 0.96843145023519  0.00666987792024
 0.98421375798636  0.00373210443256
 1.00000000000000  0.00093967989760
</coords>