<reference>
Airfoil "Interp_074443" created on 31-Oct-2019 15:10:14 for blade project BAR008_numad
</reference>
<coords>
 1.00000000000000  0.00000000000000
 1.00000000000000 -0.00404811985491
 0.98421375798636 -0.00185600714148
 0.96843145023519  0.00021477036096
 0.95265701002844  0.00200526071317
 0.93689436868733  0.00340738834278
 0.92114745459252  0.00438012910593
 0.90542019220516  0.00490626537905
 0.88971650108872  0.00496783960852
 0.87404029493228  0.00458578107510
 0.85839548057505  0.00380160000186
 0.84278595703275  0.00263679755632
 0.82721561452590  0.00110803341771
 0.81168833351028 -0.00079296810526
 0.79620798370985 -0.00306660326933
 0.78077842315231 -0.00573072878423
 0.76540349720763 -0.00878831267900
 0.75008703762969 -0.01217104778866
 0.73483286160132 -0.01585558272387
 0.71964477078299 -0.01981244196898
 0.70452655036533 -0.02400611245678
 0.68948196812583 -0.02847260593573
 0.67451477348979 -0.03313684405148
 0.65962869659589 -0.03792582207757
 0.64482744736657 -0.04281128378426
 0.63011471458345 -0.04775120951592
 0.61549416496799 -0.05269456141419
 0.60096944226766 -0.05762242303860
 0.58654416634787 -0.06248866737634
 0.57222193228979 -0.06726719918559
 0.55800630949442 -0.07190918003764
 0.54390084079298 -0.07640920534981
 0.52990904156400 -0.08073615371873
 0.51603439885716 -0.08486178287181
 0.50228037052432 -0.08878828739527
 0.48865038435767 -0.09248158751616
 0.47514783723553 -0.09593492356026
 0.46177609427571 -0.09914056752490
 0.44853848799689 -0.10208214178944
 0.43543831748808 -0.10476581366368
 0.42247884758641 -0.10720551069828
 0.40966330806347 -0.10939028692559
 0.39699489282039 -0.11132487263336
 0.38447675909182 -0.11302348244004
 0.37211202665914 -0.11447450390744
 0.35990377707289 -0.11569764647710
 0.34785505288481 -0.11667902089505
 0.33596885688957 -0.11744721430126
 0.32424815137639 -0.11799815923312
 0.31269585739082 -0.11834683214274
 0.30131485400669 -0.11848861802967
 0.29010797760867 -0.11842908455088
 0.27907802118528 -0.11818065804782
 0.26822773363292 -0.11774658679656
 0.25755981907072 -0.11714038400242
 0.24707693616662 -0.11636021951201
 0.23678169747483 -0.11542115137033
 0.22667666878466 -0.11432399580878
 0.21676436848111 -0.11307072691565
 0.20704726691722 -0.11166110071553
 0.19752778579842 -0.11011618510214
 0.18820829757898 -0.10842129929064
 0.17909112487074 -0.10660444729334
 0.17017853986427 -0.10465751919410
 0.16147276376262 -0.10258649366480
 0.15297596622770 -0.10040273214718
 0.14469026483959 -0.09810951473337
 0.13661772456878 -0.09572125758606
 0.12876035726154 -0.09323983510415
 0.12112012113854 -0.09066789069866
 0.11369892030679 -0.08801606211312
 0.10649860428513 -0.08529495750396
 0.09952096754325 -0.08250127251557
 0.09276774905452 -0.07965231003667
 0.08624063186256 -0.07676009484137
 0.07994124266183 -0.07381842361843
 0.07387115139216 -0.07084149172449
 0.06803187084757 -0.06784023506625
 0.06242485629917 -0.06480913002016
 0.05705150513256 -0.06175849387040
 0.05191315649949 -0.05870624431702
 0.04701109098416 -0.05565594845583
 0.04234653028407 -0.05260899299672
 0.03792063690554 -0.04956980390076
 0.03373451387398 -0.04654217428865
 0.02978920445901 -0.04352440080592
 0.02608569191446 -0.04051940840644
 0.02262489923329 -0.03754315006072
 0.01940768891760 -0.03462082937084
 0.01643486276363 -0.03175946718305
 0.01370716166200 -0.02890526048422
 0.01122526541300 -0.02604752337240
 0.00898979255721 -0.02321292970544
 0.00700130022133 -0.02044081899923
 0.00526028397934 -0.01775857148078
 0.00376717772899 -0.01513079808178
 0.00252235358366 -0.01251017630086
 0.00152612177962 -0.00984357796887
 0.00077873059872 -0.00708844799539
 0.00028036630652 -0.00426608238772
 0.00003115310584 -0.00140280711383
 0.00000000000000  0.00000000000000
 0.00003115310584  0.00148384969539
 0.00028036630652  0.00448138219681
 0.00077873059872  0.00760316155172
 0.00152612177962  0.01087204486968
 0.00252235358366  0.01428184262948
 0.00376717772899  0.01772409560235
 0.00526028397934  0.02112971280866
 0.00700130022133  0.02446900006373
 0.00898979255721  0.02778635547174
 0.01122526541300  0.03112507976328
 0.01370716166200  0.03450433764357
 0.01643486276363  0.03790906347670
 0.01940768891760  0.04132634267389
 0.02262489923329  0.04471348444623
 0.02608569191446  0.04807488482009
 0.02978920445901  0.05141642905000
 0.03373451387398  0.05475221693654
 0.03792063690554  0.05808636643920
 0.04234653028407  0.06140563660074
 0.04701109098416  0.06469902026799
 0.05191315649949  0.06795920311712
 0.05705150513256  0.07118410395417
 0.06242485629917  0.07437653428275
 0.06803187084757  0.07752923247429
 0.07387115139216  0.08063151749167
 0.07994124266183  0.08367905325724
 0.08624063186256  0.08666786009815
 0.09276774905452  0.08959347892018
 0.09952096754325  0.09244808271753
 0.10649860428513  0.09522262661803
 0.11369892030679  0.09791371414924
 0.12112012113854  0.10052090311827
 0.12876035726154  0.10303733449146
 0.13661772456878  0.10545662812348
 0.14469026483959  0.10776928139548
 0.15297596622770  0.10996378150088
 0.16147276376262  0.11204847846111
 0.17017853986427  0.11401939868893
 0.17909112487074  0.11586030360519
 0.18820829757898  0.11757152468442
 0.19752778579842  0.11914539979687
 0.20704726691722  0.12058087850114
 0.21676436848111  0.12187316611809
 0.22667666878466  0.12302273514662
 0.23678169747483  0.12402490701781
 0.24707693616662  0.12487892704652
 0.25755981907072  0.12557917200360
 0.26822773363292  0.12613277477576
 0.27907802118528  0.12651388725663
 0.29010797760867  0.12673406990637
 0.30131485400669  0.12679709625605
 0.31269585739082  0.12670011932806
 0.32424815137639  0.12643432658410
 0.33596885688957  0.12602056206509
 0.34785505288481  0.12545090730001
 0.35990377707289  0.12471947835365
 0.37211202665914  0.12384298985541
 0.38447675909182  0.12281961273667
 0.39699489282039  0.12165135629915
 0.40966330806347  0.12035402148455
 0.42247884758641  0.11891412983619
 0.43543831748808  0.11733563157655
 0.44853848799689  0.11563948544368
 0.46177609427571  0.11381081038220
 0.47514783723553  0.11186573315708
 0.48865038435767  0.10979428876032
 0.50228037052432  0.10760710232073
 0.51603439885716  0.10531390968380
 0.52990904156400  0.10292211881955
 0.54390084079298  0.10042746552512
 0.55800630949442  0.09783229730905
 0.57222193228979  0.09514757781571
 0.58654416634787  0.09236789600549
 0.60096944226766  0.08951183802322
 0.61549416496799  0.08657240098835
 0.63011471458345  0.08355445014448
 0.64482744736657  0.08047330366614
 0.65962869659589  0.07733570484957
 0.67451477348979  0.07415315590057
 0.68948196812583  0.07093199046121
 0.70452655036533  0.06767095904187
 0.71964477078299  0.06430962977356
 0.73483286160132  0.06091899582383
 0.75008703762969  0.05751152250980
 0.76540349720763  0.05410597478419
 0.78077842315231  0.05072997572077
 0.79620798370985  0.04733919166953
 0.81168833351028  0.04395509790054
 0.82721561452590  0.04057257780248
 0.84278595703275  0.03719947149198
 0.85839548057505  0.03383192521354
 0.87404029493228  0.03048074422044
 0.88971650108872  0.02714859743699
 0.90542019220516  0.02383757721684
 0.92114745459252  0.02055678626700
 0.93689436868733  0.01729633404388
 0.95265701002844  0.01406849902842
 0.96843145023519  0.01083692237663
 0.98421375798636  0.00757748430583
 1.00000000000000  0.00435905787335
</coords>