<reference>
Airfoil "Interp_027693" created on 31-Oct-2019 15:10:14 for blade project BAR008_numad
</reference>
<coords>
 1.00000000000000  0.00000000000000
 1.00000000000000 -0.01412358521452
 0.98421375798636 -0.01029202280033
 0.96843145023519 -0.00757869861948
 0.95265701002844 -0.00598892464024
 0.93689436868733 -0.00536514990499
 0.92114745459252 -0.00546417041975
 0.90542019220516 -0.00625920280543
 0.88971650108872 -0.00771838453020
 0.87404029493228 -0.00982983318311
 0.85839548057505 -0.01256513412471
 0.84278595703275 -0.01587631251905
 0.82721561452590 -0.01971122064448
 0.81168833351028 -0.02401095759091
 0.79620798370985 -0.02870361292180
 0.78077842315231 -0.03379552373307
 0.76540349720763 -0.03920646870888
 0.75008703762969 -0.04493784186370
 0.73483286160132 -0.05096916842460
 0.71964477078299 -0.05722964297491
 0.70452655036533 -0.06365460102563
 0.68948196812583 -0.07021386502809
 0.67451477348979 -0.07685591608080
 0.65962869659589 -0.08351823107062
 0.64482744736657 -0.09015364863348
 0.63011471458345 -0.09672032833324
 0.61549416496799 -0.10319896521706
 0.60096944226766 -0.10954049994532
 0.58654416634787 -0.11571440859422
 0.57222193228979 -0.12171966806366
 0.55800630949442 -0.12752665026783
 0.54390084079298 -0.13312497043999
 0.52990904156400 -0.13847528211575
 0.51603439885716 -0.14359707498416
 0.50228037052432 -0.14847902670111
 0.48865038435767 -0.15310135474763
 0.47514783723553 -0.15745467134787
 0.46177609427571 -0.16155035625047
 0.44853848799689 -0.16536891210917
 0.43543831748808 -0.16889623148029
 0.42247884758641 -0.17210911027326
 0.40966330806347 -0.17503308929409
 0.39699489282039 -0.17765261792785
 0.38447675909182 -0.17999522450531
 0.37211202665914 -0.18204997767065
 0.35990377707289 -0.18384053991185
 0.34785505288481 -0.18535904234266
 0.33596885688957 -0.18662539581451
 0.32424815137639 -0.18762920449373
 0.31269585739082 -0.18838351648843
 0.30131485400669 -0.18888490056801
 0.29010797760867 -0.18915515185469
 0.27907802118528 -0.18919647431850
 0.26822773363292 -0.18898633075226
 0.25755981907072 -0.18856088718912
 0.24707693616662 -0.18791566451355
 0.23678169747483 -0.18705043166024
 0.22667666878466 -0.18598330781241
 0.21676436848111 -0.18471155097252
 0.20704726691722 -0.18324968678517
 0.19752778579842 -0.18159767646403
 0.18820829757898 -0.17976968450292
 0.17909112487074 -0.17775646454848
 0.17017853986427 -0.17558183173559
 0.16147276376262 -0.17325744252400
 0.15297596622770 -0.17075230019842
 0.14469026483959 -0.16808749773334
 0.13661772456878 -0.16526863582533
 0.12876035726154 -0.16230624254867
 0.12112012113854 -0.15917862205936
 0.11369892030679 -0.15592298728020
 0.10649860428513 -0.15254045262590
 0.09952096754325 -0.14900834558332
 0.09276774905452 -0.14534793721618
 0.08624063186256 -0.14154465668286
 0.07994124266183 -0.13760072990997
 0.07387115139216 -0.13351826067692
 0.06803187084757 -0.12930554331336
 0.06242485629917 -0.12494386224659
 0.05705150513256 -0.12045822876187
 0.05191315649949 -0.11585640453038
 0.04701109098416 -0.11115072685547
 0.04234653028407 -0.10631651835074
 0.03792063690554 -0.10140576525551
 0.03373451387398 -0.09638772400101
 0.02978920445901 -0.09124453026320
 0.02608569191446 -0.08598706354514
 0.02262489923329 -0.08059913935278
 0.01940768891760 -0.07506605867978
 0.01643486276363 -0.06942988993892
 0.01370716166200 -0.06376211050653
 0.01122526541300 -0.05812125148018
 0.00898979255721 -0.05247354923144
 0.00700130022133 -0.04670506384956
 0.00526028397934 -0.04066439741816
 0.00376717772899 -0.03400801656609
 0.00252235358366 -0.02652443600978
 0.00152612177962 -0.01895028604162
 0.00077873059872 -0.01224938855329
 0.00028036630652 -0.00668547361311
 0.00003115310584 -0.00206800899778
 0.00000000000000  0.00000000000000
 0.00003115310584  0.00206458733223
 0.00028036630652  0.00649720236151
 0.00077873059872  0.01175192325069
 0.00152612177962  0.01810994224293
 0.00252235358366  0.02601164327980
 0.00376717772899  0.03501428426463
 0.00526028397934  0.04261434220955
 0.00700130022133  0.04915008931494
 0.00898979255721  0.05517772815540
 0.01122526541300  0.06107976601176
 0.01370716166200  0.06700581662583
 0.01643486276363  0.07298230746931
 0.01940768891760  0.07891232180522
 0.02262489923329  0.08473921579577
 0.02608569191446  0.09046691306127
 0.02978920445901  0.09608873757544
 0.03373451387398  0.10160782525190
 0.03792063690554  0.10701431740330
 0.04234653028407  0.11230464606021
 0.04701109098416  0.11749120423084
 0.05191315649949  0.12252109547614
 0.05705150513256  0.12744043772041
 0.06242485629917  0.13221418742057
 0.06803187084757  0.13683411036956
 0.07387115139216  0.14128334115843
 0.07994124266183  0.14559797812292
 0.08624063186256  0.14974031174867
 0.09276774905452  0.15372029038254
 0.09952096754325  0.15752963469285
 0.10649860428513  0.16116673981598
 0.11369892030679  0.16462024378577
 0.12112012113854  0.16791838237492
 0.12876035726154  0.17103581326091
 0.13661772456878  0.17397617882376
 0.14469026483959  0.17673360726904
 0.15297596622770  0.17929213322742
 0.16147276376262  0.18164692203759
 0.17017853986427  0.18380703738570
 0.17909112487074  0.18576758427225
 0.18820829757898  0.18752074178250
 0.19752778579842  0.18906909710630
 0.20704726691722  0.19040933921199
 0.21676436848111  0.19153487075149
 0.22667666878466  0.19246632500370
 0.23678169747483  0.19319628477265
 0.24707693616662  0.19373554297929
 0.25755981907072  0.19406669899705
 0.26822773363292  0.19420493654503
 0.27907802118528  0.19413685901483
 0.29010797760867  0.19387298359962
 0.30131485400669  0.19343006742148
 0.31269585739082  0.19279804697939
 0.32424815137639  0.19196884807103
 0.33596885688957  0.19094316104993
 0.34785505288481  0.18972579220194
 0.35990377707289  0.18835128482747
 0.37211202665914  0.18677305043924
 0.38447675909182  0.18503278917248
 0.39699489282039  0.18310181809214
 0.40966330806347  0.18099574062064
 0.42247884758641  0.17873760274302
 0.43543831748808  0.17629596415642
 0.44853848799689  0.17370428205207
 0.46177609427571  0.17096091658945
 0.47514783723553  0.16806075877626
 0.48865038435767  0.16502587406459
 0.50228037052432  0.16185798060995
 0.51603439885716  0.15855931017824
 0.52990904156400  0.15512204677210
 0.54390084079298  0.15159172892595
 0.55800630949442  0.14793911658368
 0.57222193228979  0.14418899960707
 0.58654416634787  0.14032243635093
 0.60096944226766  0.13638219411449
 0.61549416496799  0.13234298115838
 0.63011471458345  0.12821565913839
 0.64482744736657  0.12400166804514
 0.65962869659589  0.11972276095991
 0.67451477348979  0.11536772814922
 0.68948196812583  0.11096048782289
 0.70452655036533  0.10646905730094
 0.71964477078299  0.10193760062176
 0.73483286160132  0.09734719476264
 0.75008703762969  0.09270290165557
 0.76540349720763  0.08802558369399
 0.78077842315231  0.08331188760678
 0.79620798370985  0.07855046181508
 0.81168833351028  0.07376221704068
 0.82721561452590  0.06895814163666
 0.84278595703275  0.06413159174227
 0.85839548057505  0.05929638244383
 0.87404029493228  0.05446054630927
 0.88971650108872  0.04962381929331
 0.90542019220516  0.04480002454008
 0.92114745459252  0.04000514629271
 0.93689436868733  0.03524012213644
 0.95265701002844  0.03044519105717
 0.96843145023519  0.02558540161614
 0.98421375798636  0.02045496182406
 1.00000000000000  0.01521049170896
</coords>