<reference>
Airfoil "Interp_079310" recreated on 26-Oct-2021 for blade project numad</reference>
<coords>
1.000000000000	-0.000002210400
0.999751000000	-0.000123893000
0.999003000000	-0.000337772000
0.997759000000	-0.000123538000
0.996018000000	0.000041830000
0.993782000000	0.000226708000
0.991055000000	0.000510728000
0.987838000000	0.000806507000
0.984134000000	0.001142910000
0.979948000000	0.001517730000
0.975284000000	0.001919100000
0.970146000000	0.002347840000
0.964539000000	0.002799550000
0.958469000000	0.003269770000
0.951942000000	0.003756480000
0.944964000000	0.004257950000
0.937544000000	0.004757820000
0.929686000000	0.005218290000
0.921401000000	0.005597770000
0.912695000000	0.005886680000
0.903579000000	0.006061440000
0.894059000000	0.006105970000
0.884147000000	0.006022100000
0.873852000000	0.005788800000
0.863185000000	0.005398940000
0.852155000000	0.004844180000
0.840775000000	0.004097190000
0.829054000000	0.003160160000
0.817006000000	0.002027170000
0.804642000000	0.000681856000
0.791974000000	-0.000887316000
0.779014000000	-0.002697580000
0.765777000000	-0.004740370000
0.752275000000	-0.006999570000
0.738522000000	-0.009484820000
0.724530000000	-0.012202200000
0.710315000000	-0.015146600000
0.695890000000	-0.018311400000
0.681270000000	-0.021695900000
0.666469000000	-0.025301100000
0.651503000000	-0.029084200000
0.636385000000	-0.033025400000
0.621131000000	-0.037098900000
0.605757000000	-0.041266200000
0.590277000000	-0.045516400000
0.574707000000	-0.049781200000
0.559063000000	-0.054021300000
0.543359000000	-0.058214200000
0.527613000000	-0.062314900000
0.511839000000	-0.066308000000
0.496053000000	-0.070140500000
0.480272000000	-0.073753400000
0.464509000000	-0.077202300000
0.448783000000	-0.080296500000
0.433107000000	-0.083038000000
0.417498000000	-0.085436100000
0.401971000000	-0.087488000000
0.386542000000	-0.089213600000
0.371226000000	-0.090619900000
0.356038000000	-0.091689600000
0.340994000000	-0.092448800000
0.326109000000	-0.092901600000
0.311396000000	-0.093042700000
0.296872000000	-0.092907800000
0.282550000000	-0.092503600000
0.268445000000	-0.091829200000
0.254571000000	-0.090924900000
0.240941000000	-0.089790500000
0.227570000000	-0.088428600000
0.214470000000	-0.086870600000
0.201655000000	-0.085120600000
0.189138000000	-0.083174900000
0.176930000000	-0.081050600000
0.165044000000	-0.078776900000
0.153492000000	-0.076345500000
0.142285000000	-0.073791000000
0.131435000000	-0.071130200000
0.120953000000	-0.068360800000
0.110848000000	-0.065502600000
0.101131000000	-0.062555700000
0.091812100000	-0.059542300000
0.082899800000	-0.056474400000
0.074403300000	-0.053360700000
0.066331000000	-0.050219600000
0.058691000000	-0.047068100000
0.051490900000	-0.043903400000
0.044737900000	-0.040725200000
0.038438700000	-0.037554400000
0.032599600000	-0.034396400000
0.027226400000	-0.031264900000
0.022324500000	-0.028171000000
0.017898800000	-0.025120900000
0.013953600000	-0.022153300000
0.010492900000	-0.019208300000
0.007520160000	-0.016378700000
0.005038340000	-0.013702600000
0.003049910000	-0.010635900000
0.001556850000	-0.006524340000
0.000560654000	-0.002412240000
0.000062305200	-0.000312356000
0.000000000000	0.000000000000
0.000249205000	0.001025640000
0.000996573000	0.004810100000
0.002241360000	0.010162500000
0.003982320000	0.014166400000
0.006217720000	0.017827000000
0.008945340000	0.021764700000
0.012162500000	0.025741900000
0.015865800000	0.029820500000
0.020051800000	0.033937600000
0.024716300000	0.038094800000
0.029854400000	0.042268400000
0.035461300000	0.046473700000
0.041531200000	0.050687900000
0.048058100000	0.054889500000
0.055035500000	0.059062200000
0.062456500000	0.063214900000
0.070313600000	0.067323600000
0.078599100000	0.071368500000
0.087304600000	0.075335300000
0.096421400000	0.079205500000
0.105941000000	0.082983900000
0.115853000000	0.086663400000
0.126148000000	0.090201300000
0.136815000000	0.093580600000
0.147845000000	0.096804100000
0.159225000000	0.099916100000
0.170946000000	0.102744000000
0.182994000000	0.105471000000
0.195358000000	0.107950000000
0.208026000000	0.110186000000
0.220986000000	0.112215000000
0.234223000000	0.114030000000
0.247725000000	0.115509000000
0.261478000000	0.116687000000
0.275470000000	0.117582000000
0.289685000000	0.118238000000
0.304110000000	0.118580000000
0.318730000000	0.118572000000
0.333531000000	0.118295000000
0.348497000000	0.117678000000
0.363615000000	0.116849000000
0.378869000000	0.115740000000
0.394243000000	0.114379000000
0.409723000000	0.112779000000
0.425293000000	0.111039000000
0.440937000000	0.109025000000
0.456641000000	0.106845000000
0.472387000000	0.104452000000
0.488161000000	0.101874000000
0.503947000000	0.099315100000
0.519728000000	0.096672700000
0.535491000000	0.093874100000
0.551217000000	0.090989100000
0.566893000000	0.088034900000
0.582502000000	0.085003900000
0.598029000000	0.081910900000
0.613458000000	0.078761000000
0.628774000000	0.075550500000
0.643962000000	0.072350200000
0.659006000000	0.069139500000
0.673891000000	0.065944300000
0.688604000000	0.062766700000
0.703128000000	0.059581700000
0.717450000000	0.056468400000
0.731555000000	0.053391500000
0.745429000000	0.050362700000
0.759059000000	0.047417300000
0.772430000000	0.044547600000
0.785530000000	0.041757500000
0.798345000000	0.039052400000
0.810862000000	0.036439200000
0.823070000000	0.033922900000
0.834956000000	0.031499700000
0.846508000000	0.029167700000
0.857715000000	0.026918800000
0.868565000000	0.024755400000
0.879047000000	0.022706800000
0.889152000000	0.020750100000
0.898869000000	0.018883300000
0.908188000000	0.017122300000
0.917100000000	0.015450000000
0.925597000000	0.013876300000
0.933669000000	0.012400000000
0.941309000000	0.011010400000
0.948509000000	0.009727470000
0.955262000000	0.008540890000
0.961561000000	0.007438340000
0.967400000000	0.006424330000
0.972774000000	0.005498690000
0.977675000000	0.004660810000
0.982101000000	0.003910340000
0.986046000000	0.003246500000
0.989507000000	0.002668430000
0.992480000000	0.002175060000
0.994962000000	0.001765570000
0.996950000000	0.001439160000
0.998443000000	0.001194990000
0.999439000000	0.001032610000
0.999938000000	0.000952539000
</coords>