<reference>
Airfoil "Interp_019938" created on 31-Oct-2019 15:10:14 for blade project BAR008_numad
</reference>
<coords>
 1.00000000000000  0.00000000000000
 1.00000000000000 -0.01085894566768
 0.98421375798636 -0.01144062006381
 0.96843145023519 -0.01287222127381
 0.95265701002844 -0.01540451608004
 0.93689436868733 -0.01885501537572
 0.92114745459252 -0.02293236081810
 0.90542019220516 -0.02774146367477
 0.88971650108872 -0.03317024310675
 0.87404029493228 -0.03913205201336
 0.85839548057505 -0.04565767181263
 0.84278595703275 -0.05253169117260
 0.82721561452590 -0.05973449206259
 0.81168833351028 -0.06713467732636
 0.79620798370985 -0.07484316969596
 0.78077842315231 -0.08282399695994
 0.76540349720763 -0.09083727805022
 0.75008703762969 -0.09884925005805
 0.73483286160132 -0.10697385906073
 0.71964477078299 -0.11507844631380
 0.70452655036533 -0.12296844663314
 0.68948196812583 -0.13072994405608
 0.67451477348979 -0.13838839695786
 0.65962869659589 -0.14590101273791
 0.64482744736657 -0.15306662521152
 0.63011471458345 -0.15988990597571
 0.61549416496799 -0.16662922017465
 0.60096944226766 -0.17300712563403
 0.58654416634787 -0.17906430062037
 0.57222193228979 -0.18488546322409
 0.55800630949442 -0.19033496428105
 0.54390084079298 -0.19566863639089
 0.52990904156400 -0.20043730071349
 0.51603439885716 -0.20501809040186
 0.50228037052432 -0.20931999580820
 0.48865038435767 -0.21323796182719
 0.47514783723553 -0.21674982118712
 0.46177609427571 -0.21999789507390
 0.44853848799689 -0.22303362221964
 0.43543831748808 -0.22567305059182
 0.42247884758641 -0.22794495294829
 0.40966330806347 -0.23000852504772
 0.39699489282039 -0.23175828735149
 0.38447675909182 -0.23322323946802
 0.37211202665914 -0.23431602769986
 0.35990377707289 -0.23528237997898
 0.34785505288481 -0.23586809740703
 0.33596885688957 -0.23633678725647
 0.32424815137639 -0.23643820583485
 0.31269585739082 -0.23631793095717
 0.30131485400669 -0.23584159625258
 0.29010797760867 -0.23523614865098
 0.27907802118528 -0.23449683060155
 0.26822773363292 -0.23333129438476
 0.25755981907072 -0.23208484103758
 0.24707693616662 -0.23058185152789
 0.23678169747483 -0.22879256144076
 0.22667666878466 -0.22694743541456
 0.21676436848111 -0.22476127013915
 0.20704726691722 -0.22253813854253
 0.19752778579842 -0.22002888631770
 0.18820829757898 -0.21739820935078
 0.17909112487074 -0.21449978443702
 0.17017853986427 -0.21147848034392
 0.16147276376262 -0.20836194878617
 0.15297596622770 -0.20496189585852
 0.14469026483959 -0.20146176342096
 0.13661772456878 -0.19777545527965
 0.12876035726154 -0.19402621445533
 0.12112012113854 -0.18997508687261
 0.11369892030679 -0.18586148598884
 0.10649860428513 -0.18164975704740
 0.09952096754325 -0.17717934774068
 0.09276774905452 -0.17264867280073
 0.08624063186256 -0.16791665736420
 0.07994124266183 -0.16303328138641
 0.07387115139216 -0.15799909495157
 0.06803187084757 -0.15287112516494
 0.06242485629917 -0.14749314897429
 0.05705150513256 -0.14203466669475
 0.05191315649949 -0.13652255965291
 0.04701109098416 -0.13099283732508
 0.04234653028407 -0.12510085531538
 0.03792063690554 -0.11927150907382
 0.03373451387398 -0.11330104156419
 0.02978920445901 -0.10708933679088
 0.02608569191446 -0.10080965569419
 0.02262489923329 -0.09442076909465
 0.01940768891760 -0.08787564484739
 0.01643486276363 -0.08124964017812
 0.01370716166200 -0.07461810234221
 0.01122526541300 -0.06814114222085
 0.00898979255721 -0.06146516834648
 0.00700130022133 -0.05441605178202
 0.00526028397934 -0.04714968520866
 0.00376717772899 -0.03913420333632
 0.00252235358366 -0.03071326029771
 0.00152612177962 -0.02256989938269
 0.00077873059872 -0.01491722880048
 0.00028036630652 -0.00743831504132
 0.00003115310584 -0.00228065119019
 0.00000000000000  0.00000000000000
 0.00003115310584  0.00193064989589
 0.00028036630652  0.00640675142981
 0.00077873059872  0.01349769700815
 0.00152612177962  0.02102986260458
 0.00252235358366  0.02907198967950
 0.00376717772899  0.03834445477358
 0.00526028397934  0.04742790972577
 0.00700130022133  0.05532700101299
 0.00898979255721  0.06264989472282
 0.01122526541300  0.06956232966705
 0.01370716166200  0.07624821377791
 0.01643486276363  0.08314336189714
 0.01940768891760  0.08989914962779
 0.02262489923329  0.09661580618948
 0.02608569191446  0.10334019951800
 0.02978920445901  0.10986637437310
 0.03373451387398  0.11633233087604
 0.03792063690554  0.12270442155183
 0.04234653028407  0.12884719305952
 0.04701109098416  0.13499363361030
 0.05191315649949  0.14082655931626
 0.05705150513256  0.14674480427254
 0.06242485629917  0.15242011902581
 0.06803187084757  0.15800824726043
 0.07387115139216  0.16335624573145
 0.07994124266183  0.16877149360621
 0.08624063186256  0.17377026190388
 0.09276774905452  0.17862489082802
 0.09952096754325  0.18343052475831
 0.10649860428513  0.18807665575801
 0.11369892030679  0.19237559549498
 0.12112012113854  0.19666355455273
 0.12876035726154  0.20071494056640
 0.13661772456878  0.20461904273018
 0.14469026483959  0.20837287728375
 0.15297596622770  0.21192068070540
 0.16147276376262  0.21519378580098
 0.17017853986427  0.21836960396401
 0.17909112487074  0.22132376867629
 0.18820829757898  0.22400477343030
 0.19752778579842  0.22656872515829
 0.20704726691722  0.22891409782067
 0.21676436848111  0.23096719158988
 0.22667666878466  0.23284036843448
 0.23678169747483  0.23450712546512
 0.24707693616662  0.23605443948017
 0.25755981907072  0.23724256017037
 0.26822773363292  0.23832022626106
 0.27907802118528  0.23911116060647
 0.29010797760867  0.23969666614000
 0.30131485400669  0.24010395343595
 0.31269585739082  0.24030282120930
 0.32424815137639  0.24022846083182
 0.33596885688957  0.23995441287262
 0.34785505288481  0.23939158177837
 0.35990377707289  0.23880339688377
 0.37211202665914  0.23777484400085
 0.38447675909182  0.23670864607962
 0.39699489282039  0.23527505391991
 0.40966330806347  0.23365986162908
 0.42247884758641  0.23193235292207
 0.43543831748808  0.22982554328995
 0.44853848799689  0.22754018630192
 0.46177609427571  0.22508092175157
 0.47514783723553  0.22231868969475
 0.48865038435767  0.21949758436038
 0.50228037052432  0.21637770428225
 0.51603439885716  0.21307707261108
 0.52990904156400  0.20942899658206
 0.54390084079298  0.20577338695054
 0.55800630949442  0.20176420645920
 0.57222193228979  0.19774704853049
 0.58654416634787  0.19337347443468
 0.60096944226766  0.18893431304474
 0.61549416496799  0.18429161568435
 0.63011471458345  0.17947398294031
 0.64482744736657  0.17439052810745
 0.65962869659589  0.16921921064980
 0.67451477348979  0.16379203838851
 0.68948196812583  0.15828522160629
 0.70452655036533  0.15247679031595
 0.71964477078299  0.14658952859279
 0.73483286160132  0.14053168623316
 0.75008703762969  0.13430702948227
 0.76540349720763  0.12779297648043
 0.78077842315231  0.12129148975509
 0.79620798370985  0.11448940072485
 0.81168833351028  0.10753739818188
 0.82721561452590  0.10047779080880
 0.84278595703275  0.09326608412241
 0.85839548057505  0.08577862649973
 0.87404029493228  0.07818921856292
 0.88971650108872  0.07046765459527
 0.90542019220516  0.06265917533648
 0.92114745459252  0.05476942293402
 0.93689436868733  0.04677367716871
 0.95265701002844  0.03861275382261
 0.96843145023519  0.03032448049165
 0.98421375798636  0.02153834830139
 1.00000000000000  0.01173666721979
</coords>