<reference>
Airfoil "Interp_065517" recreated on 26-Oct-2021 for blade project numad</reference>
<coords>
1.000000000000	-0.000004685820
0.999751000000	0.001086560000
0.999003000000	-0.001218640000
0.997759000000	-0.001007610000
0.996018000000	-0.000792783000
0.993782000000	-0.000537439000
0.991055000000	-0.000196346000
0.987838000000	0.000143457000
0.984134000000	0.000527069000
0.979948000000	0.000957079000
0.975284000000	0.001420360000
0.970146000000	0.001913980000
0.964539000000	0.002432060000
0.958469000000	0.002968400000
0.951942000000	0.003520310000
0.944964000000	0.004085980000
0.937544000000	0.004637990000
0.929686000000	0.005141730000
0.921401000000	0.005567960000
0.912695000000	0.005899830000
0.903579000000	0.006108250000
0.894059000000	0.006175700000
0.884147000000	0.006107590000
0.873852000000	0.005877750000
0.863185000000	0.005479160000
0.852155000000	0.004910560000
0.840775000000	0.004145280000
0.829054000000	0.003179870000
0.817006000000	0.002006930000
0.804642000000	0.000611450000
0.791974000000	-0.001025100000
0.779014000000	-0.002922030000
0.765777000000	-0.005184290000
0.752275000000	-0.007714400000
0.738522000000	-0.010517700000
0.724530000000	-0.013586900000
0.710315000000	-0.016909600000
0.695890000000	-0.020483000000
0.681270000000	-0.024295900000
0.666469000000	-0.028324900000
0.651503000000	-0.032558300000
0.636385000000	-0.036957600000
0.621131000000	-0.041484700000
0.605757000000	-0.046093600000
0.590277000000	-0.050760200000
0.574707000000	-0.055425800000
0.559063000000	-0.060043800000
0.543359000000	-0.064584300000
0.527613000000	-0.069004900000
0.511839000000	-0.073273100000
0.496053000000	-0.077352000000
0.480272000000	-0.081300000000
0.464509000000	-0.085614000000
0.448783000000	-0.089288300000
0.433107000000	-0.092484200000
0.417498000000	-0.095263800000
0.401971000000	-0.097645700000
0.386542000000	-0.099666400000
0.371226000000	-0.101322000000
0.356038000000	-0.102612000000
0.340994000000	-0.103560000000
0.326109000000	-0.104180000000
0.311396000000	-0.104461000000
0.296872000000	-0.104436000000
0.282550000000	-0.104110000000
0.268445000000	-0.103485000000
0.254571000000	-0.102600000000
0.240941000000	-0.101446000000
0.227570000000	-0.100043000000
0.214470000000	-0.098401100000
0.201655000000	-0.096528600000
0.189138000000	-0.094430300000
0.176930000000	-0.092125200000
0.165044000000	-0.089630700000
0.153492000000	-0.086947100000
0.142285000000	-0.084102300000
0.131435000000	-0.081117700000
0.120953000000	-0.077996200000
0.110848000000	-0.074757400000
0.101131000000	-0.071409100000
0.091812100000	-0.067971500000
0.082899800000	-0.064465200000
0.074403300000	-0.060896800000
0.066331000000	-0.057291200000
0.058691000000	-0.053655700000
0.051490900000	-0.050006500000
0.044737900000	-0.046350000000
0.038438700000	-0.042700700000
0.032599600000	-0.039064500000
0.027226400000	-0.035454400000
0.022324500000	-0.031886600000
0.017898800000	-0.028375800000
0.013953600000	-0.024925900000
0.010492900000	-0.021503600000
0.007520160000	-0.018137200000
0.005038340000	-0.015054400000
0.003049910000	-0.011741400000
0.001556850000	-0.007648310000
0.000560654000	-0.002863800000
0.000062305200	-0.000309517000
0.000000000000	0.000000000000
0.000249205000	0.001385670000
0.000996573000	0.006187390000
0.002241360000	0.011687300000
0.003982320000	0.016028700000
0.006217720000	0.020170400000
0.008945340000	0.024405900000
0.012162500000	0.028715000000
0.015865800000	0.033082000000
0.020051800000	0.037493600000
0.024716300000	0.041925400000
0.029854400000	0.046347300000
0.035461300000	0.050783800000
0.041531200000	0.055215100000
0.048058100000	0.059618700000
0.055035500000	0.063974800000
0.062456500000	0.068288200000
0.070313600000	0.072537600000
0.078599100000	0.076700300000
0.087304600000	0.080762300000
0.096421400000	0.084707600000
0.105941000000	0.088531100000
0.115853000000	0.092223600000
0.126148000000	0.095756900000
0.136815000000	0.099114100000
0.147845000000	0.102286000000
0.159225000000	0.105295000000
0.170946000000	0.108049000000
0.182994000000	0.110638000000
0.195358000000	0.112974000000
0.208026000000	0.115055000000
0.220986000000	0.116902000000
0.234223000000	0.118513000000
0.247725000000	0.119814000000
0.261478000000	0.120829000000
0.275470000000	0.121563000000
0.289685000000	0.122031000000
0.304110000000	0.122207000000
0.318730000000	0.122065000000
0.333531000000	0.121651000000
0.348497000000	0.120940000000
0.363615000000	0.119992000000
0.378869000000	0.118782000000
0.394243000000	0.117322000000
0.409723000000	0.115625000000
0.425293000000	0.113729000000
0.440937000000	0.111551000000
0.456641000000	0.109112000000
0.472387000000	0.106299000000
0.488161000000	0.103339000000
0.503947000000	0.100839000000
0.519728000000	0.098248600000
0.535491000000	0.095530900000
0.551217000000	0.092731700000
0.566893000000	0.089862300000
0.582502000000	0.086923900000
0.598029000000	0.083928100000
0.613458000000	0.080882000000
0.628774000000	0.077786000000
0.643962000000	0.074689800000
0.659006000000	0.071580000000
0.673891000000	0.068469400000
0.688604000000	0.065367500000
0.703128000000	0.062279200000
0.717450000000	0.059238400000
0.731555000000	0.056225800000
0.745429000000	0.053255600000
0.759059000000	0.050351800000
0.772430000000	0.047506800000
0.785530000000	0.044680900000
0.798345000000	0.041888000000
0.810862000000	0.039193300000
0.823070000000	0.036600100000
0.834956000000	0.034099800000
0.846508000000	0.031692400000
0.857715000000	0.029374700000
0.868565000000	0.027147100000
0.879047000000	0.025026200000
0.889152000000	0.023001800000
0.898869000000	0.021071600000
0.908188000000	0.019239200000
0.917100000000	0.017500200000
0.925597000000	0.015858800000
0.933669000000	0.014314300000
0.941309000000	0.012863600000
0.948509000000	0.011513700000
0.955262000000	0.010258500000
0.961561000000	0.009092030000
0.967400000000	0.008016940000
0.972774000000	0.007033580000
0.977675000000	0.006142380000
0.982101000000	0.005344110000
0.986046000000	0.004639910000
0.989507000000	0.004035630000
0.992480000000	0.003493750000
0.994962000000	0.003032670000
0.996950000000	0.002661580000
0.998443000000	0.002390920000
0.999439000000	0.002203250000
0.999938000000	0.002121310000
</coords>