<reference>
Airfoil "Interp_075862" recreated on 26-Oct-2021 for blade project numad</reference>
<coords>
1.000000000000	-0.000002710860
0.999751000000	0.000011963400
0.999003000000	-0.000408954000
0.997759000000	-0.000194956000
0.996018000000	-0.000024064100
0.993782000000	0.000168630000
0.991055000000	0.000459070000
0.987838000000	0.000758940000
0.984134000000	0.001099800000
0.979948000000	0.001480190000
0.975284000000	0.001888050000
0.970146000000	0.002323810000
0.964539000000	0.002782930000
0.958469000000	0.003260800000
0.951942000000	0.003755380000
0.944964000000	0.004264930000
0.937544000000	0.004772070000
0.929686000000	0.005239410000
0.921401000000	0.005626640000
0.912695000000	0.005923470000
0.903579000000	0.006105790000
0.894059000000	0.006157390000
0.884147000000	0.006080610000
0.873852000000	0.005853950000
0.863185000000	0.005470320000
0.852155000000	0.004922140000
0.840775000000	0.004182190000
0.829054000000	0.003252190000
0.817006000000	0.002126080000
0.804642000000	0.000787808000
0.791974000000	-0.000774713000
0.779014000000	-0.002578870000
0.765777000000	-0.004631540000
0.752275000000	-0.006905150000
0.738522000000	-0.009408920000
0.724530000000	-0.012147600000
0.710315000000	-0.015115200000
0.695890000000	-0.018305900000
0.681270000000	-0.021724700000
0.666469000000	-0.025429600000
0.651503000000	-0.029313500000
0.636385000000	-0.033351700000
0.621131000000	-0.037517400000
0.605757000000	-0.041770800000
0.590277000000	-0.046098600000
0.574707000000	-0.050436600000
0.559063000000	-0.054743200000
0.543359000000	-0.058995000000
0.527613000000	-0.063148300000
0.511839000000	-0.067184000000
0.496053000000	-0.071053000000
0.480272000000	-0.074786700000
0.464509000000	-0.078824200000
0.448783000000	-0.082270500000
0.433107000000	-0.085257500000
0.417498000000	-0.087841200000
0.401971000000	-0.090040900000
0.386542000000	-0.091888100000
0.371226000000	-0.093391500000
0.356038000000	-0.094541300000
0.340994000000	-0.095366500000
0.326109000000	-0.095873700000
0.311396000000	-0.096059500000
0.296872000000	-0.095957500000
0.282550000000	-0.095577900000
0.268445000000	-0.094917800000
0.254571000000	-0.094018600000
0.240941000000	-0.092879300000
0.227570000000	-0.091507300000
0.214470000000	-0.089929700000
0.201655000000	-0.088147900000
0.189138000000	-0.086162800000
0.176930000000	-0.083994400000
0.165044000000	-0.081665100000
0.153492000000	-0.079169300000
0.142285000000	-0.076541800000
0.131435000000	-0.073798000000
0.120953000000	-0.070939800000
0.110848000000	-0.067986500000
0.101131000000	-0.064939000000
0.091812100000	-0.061817800000
0.082899800000	-0.058638000000
0.074403300000	-0.055407700000
0.066331000000	-0.052146400000
0.058691000000	-0.048867700000
0.051490900000	-0.045572800000
0.044737900000	-0.042262400000
0.038438700000	-0.038955300000
0.032599600000	-0.035656400000
0.027226400000	-0.032379900000
0.022324500000	-0.029140300000
0.017898800000	-0.025972700000
0.013953600000	-0.022887000000
0.010492900000	-0.019818900000
0.007520160000	-0.016858900000
0.005038340000	-0.014062700000
0.003049910000	-0.010897400000
0.001556850000	-0.006826390000
0.000560654000	-0.002556200000
0.000062305200	-0.000318331000
0.000000000000	0.000000000000
0.000249205000	0.001111130000
0.000996573000	0.005096090000
0.002241360000	0.010454500000
0.003982320000	0.014544000000
0.006217720000	0.018331100000
0.008945340000	0.022376500000
0.012162500000	0.026461300000
0.015865800000	0.030640600000
0.020051800000	0.034853400000
0.024716300000	0.039085600000
0.029854400000	0.043316700000
0.035461300000	0.047579400000
0.041531200000	0.051851800000
0.048058100000	0.056111000000
0.055035500000	0.060339100000
0.062456500000	0.064543700000
0.070313600000	0.068700200000
0.078599100000	0.072787000000
0.087304600000	0.076788600000
0.096421400000	0.080686700000
0.105941000000	0.084484800000
0.115853000000	0.088174800000
0.126148000000	0.091715800000
0.136815000000	0.095089600000
0.147845000000	0.098297100000
0.159225000000	0.101380000000
0.170946000000	0.104179000000
0.182994000000	0.106863000000
0.195358000000	0.109293000000
0.208026000000	0.111472000000
0.220986000000	0.113436000000
0.234223000000	0.115178000000
0.247725000000	0.116586000000
0.261478000000	0.117693000000
0.275470000000	0.118516000000
0.289685000000	0.119093000000
0.304110000000	0.119359000000
0.318730000000	0.119280000000
0.333531000000	0.118930000000
0.348497000000	0.118248000000
0.363615000000	0.117346000000
0.378869000000	0.116164000000
0.394243000000	0.114721000000
0.409723000000	0.113030000000
0.425293000000	0.111169000000
0.440937000000	0.109002000000
0.456641000000	0.106594000000
0.472387000000	0.103826000000
0.488161000000	0.100895000000
0.503947000000	0.098384900000
0.519728000000	0.095793600000
0.535491000000	0.093056000000
0.551217000000	0.090237800000
0.566893000000	0.087355000000
0.582502000000	0.084401800000
0.598029000000	0.081390700000
0.613458000000	0.078327900000
0.628774000000	0.075211700000
0.643962000000	0.072108100000
0.659006000000	0.068998400000
0.673891000000	0.065904600000
0.688604000000	0.062797900000
0.703128000000	0.059641400000
0.717450000000	0.056553400000
0.731555000000	0.053500100000
0.745429000000	0.050493500000
0.759059000000	0.047567500000
0.772430000000	0.044714600000
0.785530000000	0.041932400000
0.798345000000	0.039227400000
0.810862000000	0.036614700000
0.823070000000	0.034099100000
0.834956000000	0.031676000000
0.846508000000	0.029343800000
0.857715000000	0.027094800000
0.868565000000	0.024931400000
0.879047000000	0.022881400000
0.889152000000	0.020923200000
0.898869000000	0.019054900000
0.908188000000	0.017291000000
0.917100000000	0.015615700000
0.925597000000	0.014038500000
0.933669000000	0.012558300000
0.941309000000	0.011165000000
0.948509000000	0.009877670000
0.955262000000	0.008686280000
0.961561000000	0.007579270000
0.967400000000	0.006560930000
0.972774000000	0.005631150000
0.977675000000	0.004789460000
0.982101000000	0.004035640000
0.986046000000	0.003369150000
0.989507000000	0.002790090000
0.992480000000	0.002292270000
0.994962000000	0.001877550000
0.996950000000	0.001546650000
0.998443000000	0.001299810000
0.999439000000	0.001134820000
0.999938000000	0.001058320000
</coords>