<reference>
Airfoil "Interp_040797" created on 31-Oct-2019 15:10:14 for blade project BAR008_numad
</reference>
<coords>
 1.00000000000000  0.00000000000000
 1.00000000000000 -0.01146850522325
 0.98421375798636 -0.00740698186653
 0.96843145023519 -0.00410633092621
 0.95265701002844 -0.00203543018210
 0.93689436868733 -0.00080373556636
 0.92114745459252 -0.00023936653358
 0.90542019220516 -0.00030362484093
 0.88971650108872 -0.00097967371309
 0.87404029493228 -0.00225784412544
 0.85839548057505 -0.00409827059905
 0.84278595703275 -0.00646112309441
 0.82721561452590 -0.00931091962888
 0.81168833351028 -0.01261109839792
 0.79620798370985 -0.01632263696530
 0.78077842315231 -0.02045306379305
 0.76540349720763 -0.02498742286146
 0.75008703762969 -0.02983708041825
 0.73483286160132 -0.03495447852309
 0.71964477078299 -0.04032886994286
 0.70452655036533 -0.04592828149138
 0.68948196812583 -0.05170112603392
 0.67451477348979 -0.05762177917803
 0.65962869659589 -0.06362230514653
 0.64482744736657 -0.06965762584070
 0.63011471458345 -0.07569372363532
 0.61549416496799 -0.08168990627090
 0.60096944226766 -0.08760093021800
 0.58654416634787 -0.09339600845799
 0.57222193228979 -0.09904773712171
 0.55800630949442 -0.10452530211763
 0.54390084079298 -0.10981551080296
 0.52990904156400 -0.11488520857143
 0.51603439885716 -0.11973431959747
 0.50228037052432 -0.12433502588500
 0.48865038435767 -0.12869902979675
 0.47514783723553 -0.13280146667241
 0.46177609427571 -0.13663248157429
 0.44853848799689 -0.14019950164477
 0.43543831748808 -0.14349228577738
 0.42247884758641 -0.14650886639954
 0.40966330806347 -0.14924814163831
 0.39699489282039 -0.15171530206009
 0.38447675909182 -0.15390897067071
 0.37211202665914 -0.15584943258733
 0.35990377707289 -0.15751904099491
 0.34785505288481 -0.15893996566681
 0.33596885688957 -0.16010747619582
 0.32424815137639 -0.16103122049730
 0.31269585739082 -0.16171475682960
 0.30131485400669 -0.16216983655942
 0.29010797760867 -0.16239714508034
 0.27907802118528 -0.16239517475765
 0.26822773363292 -0.16216485401992
 0.25755981907072 -0.16172934133510
 0.24707693616662 -0.16108278320956
 0.23678169747483 -0.16023204348882
 0.22667666878466 -0.15917380190223
 0.21676436848111 -0.15792534378067
 0.20704726691722 -0.15648423026545
 0.19752778579842 -0.15486164744326
 0.18820829757898 -0.15305988651732
 0.17909112487074 -0.15108196011336
 0.17017853986427 -0.14894039399654
 0.16147276376262 -0.14662944309643
 0.15297596622770 -0.14415507718481
 0.14469026483959 -0.14153237462435
 0.13661772456878 -0.13876354104642
 0.12876035726154 -0.13584612526190
 0.12112012113854 -0.13279539447398
 0.11369892030679 -0.12962047259366
 0.10649860428513 -0.12631920303962
 0.09952096754325 -0.12290325423958
 0.09276774905452 -0.11937763017906
 0.08624063186256 -0.11574764060896
 0.07994124266183 -0.11201386971322
 0.07387115139216 -0.10819741716036
 0.06803187084757 -0.10428922423807
 0.06242485629917 -0.10030032310565
 0.05705150513256 -0.09623648952798
 0.05191315649949 -0.09211015211724
 0.04701109098416 -0.08791038745854
 0.04234653028407 -0.08366997046766
 0.03792063690554 -0.07938027987623
 0.03373451387398 -0.07505812302203
 0.02978920445901 -0.07070354696097
 0.02608569191446 -0.06630731044470
 0.02262489923329 -0.06187157814721
 0.01940768891760 -0.05738753245453
 0.01643486276363 -0.05287232001193
 0.01370716166200 -0.04835907392742
 0.01122526541300 -0.04384978559328
 0.00898979255721 -0.03937235462608
 0.00700130022133 -0.03489469613474
 0.00526028397934 -0.03034194726820
 0.00376717772899 -0.02564538914201
 0.00252235358366 -0.02058394707761
 0.00152612177962 -0.01551203879032
 0.00077873059872 -0.01073947653569
 0.00028036630652 -0.00630287149853
 0.00003115310584 -0.00206036443152
 0.00000000000000  0.00000000000000
 0.00003115310584  0.00204098090560
 0.00028036630652  0.00630582270745
 0.00077873059872  0.01081212516580
 0.00152612177962  0.01564867318054
 0.00252235358366  0.02102953534354
 0.00376717772899  0.02675257705200
 0.00526028397934  0.03193158092233
 0.00700130022133  0.03679869924970
 0.00898979255721  0.04151824840206
 0.01122526541300  0.04624004499347
 0.01370716166200  0.05100129459801
 0.01643486276363  0.05576103270570
 0.01940768891760  0.06050793767425
 0.02262489923329  0.06520655324373
 0.02608569191446  0.06985040353355
 0.02978920445901  0.07444761510039
 0.03373451387398  0.07898918727408
 0.03792063690554  0.08347900126475
 0.04234653028407  0.08791667266901
 0.04701109098416  0.09227988239295
 0.05191315649949  0.09657864925881
 0.05705150513256  0.10078410595405
 0.06242485629917  0.10489830413711
 0.06803187084757  0.10890948169560
 0.07387115139216  0.11282418104186
 0.07994124266183  0.11662859134206
 0.08624063186256  0.12032680051536
 0.09276774905452  0.12390149248074
 0.09952096754325  0.12734939765389
 0.10649860428513  0.13065705659219
 0.11369892030679  0.13382885139154
 0.12112012113854  0.13685901067007
 0.12876035726154  0.13973731082347
 0.13661772456878  0.14246590581732
 0.14469026483959  0.14503376078904
 0.15297596622770  0.14743140926030
 0.16147276376262  0.14966351157612
 0.17017853986427  0.15171796166348
 0.17909112487074  0.15359206756888
 0.18820829757898  0.15528410831777
 0.19752778579842  0.15678634608289
 0.20704726691722  0.15810646691840
 0.21676436848111  0.15923752511125
 0.22667666878466  0.16018296416050
 0.23678169747483  0.16095185221694
 0.24707693616662  0.16153085471100
 0.25755981907072  0.16193916705938
 0.26822773363292  0.16216327604669
 0.27907802118528  0.16220482524235
 0.29010797760867  0.16207422537246
 0.30131485400669  0.16176469147353
 0.31269585739082  0.16128427572147
 0.32424815137639  0.16063116644488
 0.33596885688957  0.15982025119566
 0.34785505288481  0.15883862043656
 0.35990377707289  0.15769916813336
 0.37211202665914  0.15639922246223
 0.38447675909182  0.15494562477130
 0.39699489282039  0.15333933125321
 0.40966330806347  0.15157259995671
 0.42247884758641  0.14966613657776
 0.43543831748808  0.14762095150293
 0.44853848799689  0.14543577481962
 0.46177609427571  0.14312110362826
 0.47514783723553  0.14067235646914
 0.48865038435767  0.13808715345470
 0.50228037052432  0.13538879613652
 0.51603439885716  0.13257157340172
 0.52990904156400  0.12965133492696
 0.54390084079298  0.12662679801661
 0.55800630949442  0.12351310710977
 0.57222193228979  0.12029594336908
 0.58654416634787  0.11698770636152
 0.60096944226766  0.11359880365845
 0.61549416496799  0.11013076507780
 0.63011471458345  0.10658168217931
 0.64482744736657  0.10296786131997
 0.65962869659589  0.09928507228145
 0.67451477348979  0.09553729698580
 0.68948196812583  0.09173134167843
 0.70452655036533  0.08787785590103
 0.71964477078299  0.08396496589372
 0.73483286160132  0.08000982595878
 0.75008703762969  0.07601270847246
 0.76540349720763  0.07201235274372
 0.78077842315231  0.06800947984610
 0.79620798370985  0.06398738214270
 0.81168833351028  0.05993601084746
 0.82721561452590  0.05586584996041
 0.84278595703275  0.05178738132821
 0.85839548057505  0.04770585727368
 0.87404029493228  0.04363078327643
 0.88971650108872  0.03956367314679
 0.90542019220516  0.03551327820089
 0.92114745459252  0.03149896360805
 0.93689436868733  0.02753969867647
 0.95265701002844  0.02360874817809
 0.96843145023519  0.01972292015886
 0.98421375798636  0.01601820936345
 1.00000000000000  0.01217946844745
</coords>