<reference>
Airfoil "Interp_076458" created on 31-Oct-2019 15:10:14 for blade project BAR008_numad
</reference>
<coords>
 1.00000000000000  0.00000000000000
 1.00000000000000 -0.00359885140362
 0.98421375798636 -0.00150086483321
 0.96843145023519  0.00050386840826
 0.95265701002844  0.00227415018566
 0.93689436868733  0.00367279151232
 0.92114745459252  0.00465174753259
 0.90542019220516  0.00519359521389
 0.88971650108872  0.00528045815754
 0.87404029493228  0.00493513188963
 0.85839548057505  0.00419719071824
 0.84278595703275  0.00308732821955
 0.82721561452590  0.00162222878002
 0.81168833351028 -0.00020625501239
 0.79620798370985 -0.00240047239472
 0.78077842315231 -0.00497438822471
 0.76540349720763 -0.00793205810598
 0.75008703762969 -0.01123404701127
 0.73483286160132 -0.01485346370546
 0.71964477078299 -0.01874498322015
 0.70452655036533 -0.02287216282534
 0.68948196812583 -0.02721622089818
 0.67451477348979 -0.03174769699030
 0.65962869659589 -0.03642033967827
 0.64482744736657 -0.04119863210531
 0.63011471458345 -0.04603886327307
 0.61549416496799 -0.05088935826473
 0.60096944226766 -0.05572912814297
 0.58654416634787 -0.06051548820711
 0.57222193228979 -0.06521757243229
 0.55800630949442 -0.06979092837084
 0.54390084079298 -0.07422704237415
 0.52990904156400 -0.07849629197029
 0.51603439885716 -0.08256925200307
 0.50228037052432 -0.08644820249581
 0.48865038435767 -0.09009728885401
 0.47514783723553 -0.09350805102799
 0.46177609427571 -0.09667391451188
 0.44853848799689 -0.09957447170345
 0.43543831748808 -0.10221976106976
 0.42247884758641 -0.10462047760402
 0.40966330806347 -0.10676532241299
 0.39699489282039 -0.10866484294309
 0.38447675909182 -0.11032714597971
 0.37211202665914 -0.11174364654475
 0.35990377707289 -0.11293483002024
 0.34785505288481 -0.11388455910641
 0.33596885688957 -0.11462403067349
 0.32424815137639 -0.11514862222047
 0.31269585739082 -0.11547159584364
 0.30131485400669 -0.11559051346246
 0.29010797760867 -0.11550906202148
 0.27907802118528 -0.11524162242033
 0.26822773363292 -0.11479220569356
 0.25755981907072 -0.11417470298800
 0.24707693616662 -0.11338640472231
 0.23678169747483 -0.11244195682898
 0.22667666878466 -0.11134293665767
 0.21676436848111 -0.11009047423104
 0.20704726691722 -0.10868654488069
 0.19752778579842 -0.10715179832860
 0.18820829757898 -0.10546997654990
 0.17909112487074 -0.10366990290818
 0.17017853986427 -0.10174406370927
 0.16147276376262 -0.09970052890675
 0.15297596622770 -0.09754636593007
 0.14469026483959 -0.09528713045690
 0.13661772456878 -0.09293864842863
 0.12876035726154 -0.09050167933348
 0.12112012113854 -0.08797804087409
 0.11369892030679 -0.08537862125002
 0.10649860428513 -0.08271379113316
 0.09952096754325 -0.07998074340382
 0.09276774905452 -0.07719655152215
 0.08624063186256 -0.07437285105269
 0.07994124266183 -0.07150344005761
 0.07387115139216 -0.06860202425627
 0.06803187084757 -0.06567975701201
 0.06242485629917 -0.06273181928402
 0.05705150513256 -0.05976788104774
 0.05191315649949 -0.05680486270386
 0.04701109098416 -0.05384650081915
 0.04234653028407 -0.05089438204740
 0.03792063690554 -0.04795271967759
 0.03373451387398 -0.04502534176140
 0.02978920445901 -0.04211152589740
 0.02608569191446 -0.03921499413656
 0.02262489923329 -0.03635083378770
 0.01940768891760 -0.03353521219676
 0.01643486276363 -0.03075457742998
 0.01370716166200 -0.02798235066834
 0.01122526541300 -0.02520787429150
 0.00898979255721 -0.02245783037496
 0.00700130022133 -0.01977178482291
 0.00526028397934 -0.01717638115947
 0.00376717772899 -0.01463551199251
 0.00252235358366 -0.01210288136966
 0.00152612177962 -0.00951962877532
 0.00077873059872 -0.00684921606992
 0.00028036630652 -0.00411676512441
 0.00003115310584 -0.00135074955004
 0.00000000000000  0.00000000000000
 0.00003115310584  0.00143364816205
 0.00028036630652  0.00433369160609
 0.00077873059872  0.00736598600559
 0.00152612177962  0.01055174680533
 0.00252235358366  0.01388280798435
 0.00376717772899  0.01725123739377
 0.00526028397934  0.02057793960305
 0.00700130022133  0.02383672678646
 0.00898979255721  0.02707260504798
 0.01122526541300  0.03033069328582
 0.01370716166200  0.03363097966215
 0.01643486276363  0.03695873312160
 0.01940768891760  0.04030068142477
 0.02262489923329  0.04364074696340
 0.02608569191446  0.04696305988975
 0.02978920445901  0.05026551719678
 0.03373451387398  0.05356117292368
 0.03792063690554  0.05685420679466
 0.04234653028407  0.06013245917761
 0.04701109098416  0.06338521178652
 0.05191315649949  0.06660543264325
 0.05705150513256  0.06979192419372
 0.06242485629917  0.07294789408415
 0.06803187084757  0.07606574468323
 0.07387115139216  0.07913470377752
 0.07994124266183  0.08215050363431
 0.08624063186256  0.08511000811810
 0.09276774905452  0.08800885107662
 0.09952096754325  0.09083841400470
 0.10649860428513  0.09359200331196
 0.11369892030679  0.09626613278210
 0.12112012113854  0.09885829738390
 0.12876035726154  0.10136342307849
 0.13661772456878  0.10377424448665
 0.14469026483959  0.10608132529894
 0.15297596622770  0.10827552763107
 0.16147276376262  0.11036404480632
 0.17017853986427  0.11233838134620
 0.17909112487074  0.11418951014240
 0.18820829757898  0.11591493389122
 0.19752778579842  0.11750495577023
 0.20704726691722  0.11895787792913
 0.21676436848111  0.12027167979560
 0.22667666878466  0.12144814606459
 0.23678169747483  0.12247626055611
 0.24707693616662  0.12335733362438
 0.25755981907072  0.12408222139355
 0.26822773363292  0.12466217745486
 0.27907802118528  0.12507110003277
 0.29010797760867  0.12531848877510
 0.30131485400669  0.12540948653754
 0.31269585739082  0.12533587859390
 0.32424815137639  0.12509448193925
 0.33596885688957  0.12469936863218
 0.34785505288481  0.12414906516284
 0.35990377707289  0.12343517589950
 0.37211202665914  0.12257444181412
 0.38447675909182  0.12156527233187
 0.39699489282039  0.12041315943033
 0.40966330806347  0.11912654140847
 0.42247884758641  0.11770181974978
 0.43543831748808  0.11613396476764
 0.44853848799689  0.11444622438916
 0.46177609427571  0.11262789083523
 0.47514783723553  0.11069108571495
 0.48865038435767  0.10862832763236
 0.50228037052432  0.10644760033215
 0.51603439885716  0.10416601015991
 0.52990904156400  0.10178190700129
 0.54390084079298  0.09929538401980
 0.55800630949442  0.09670847610556
 0.57222193228979  0.09403223003193
 0.58654416634787  0.09126195775850
 0.60096944226766  0.08841365667291
 0.61549416496799  0.08548110753881
 0.63011471458345  0.08246810604670
 0.64482744736657  0.07939318638158
 0.65962869659589  0.07625944389011
 0.67451477348979  0.07307519572480
 0.68948196812583  0.06984128598781
 0.70452655036533  0.06657642618058
 0.71964477078299  0.06327047139225
 0.73483286160132  0.05993427276989
 0.75008703762969  0.05658121956056
 0.76540349720763  0.05320871634954
 0.78077842315231  0.04984032969439
 0.79620798370985  0.04645974873342
 0.81168833351028  0.04308860614588
 0.82721561452590  0.03972419267503
 0.84278595703275  0.03637158519862
 0.85839548057505  0.03302858656474
 0.87404029493228  0.02970491760460
 0.88971650108872  0.02640520792695
 0.90542019220516  0.02312870086772
 0.92114745459252  0.01988469206431
 0.93689436868733  0.01666375194371
 0.95265701002844  0.01347929460172
 0.96843145023519  0.01029815302409
 0.98421375798636  0.00710124335363
 1.00000000000000  0.00390889949046
</coords>