<reference>
Airfoil "Interp_080000" created on 31-Oct-2019 15:10:14 for blade project BAR008_numad
</reference>
<coords>
 1.00000000000000  0.00000000000000
 1.00000000000000 -0.00237569850041
 0.98421375798636 -0.00065470969445
 0.96843145023519  0.00120920916824
 0.95265701002844  0.00293243958085
 0.93689436868733  0.00427694725972
 0.92114745459252  0.00521470404425
 0.90542019220516  0.00574042506224
 0.88971650108872  0.00583948005694
 0.87404029493228  0.00553913639386
 0.85839548057505  0.00487238054241
 0.84278595703275  0.00385400885031
 0.82721561452590  0.00250059960774
 0.81168833351028  0.00081318174680
 0.79620798370985 -0.00121505277367
 0.78077842315231 -0.00358560891722
 0.76540349720763 -0.00630185583425
 0.75008703762969 -0.00935080960001
 0.73483286160132 -0.01270464293037
 0.71964477078299 -0.01631499078909
 0.70452655036533 -0.02014978156737
 0.68948196812583 -0.02417122589077
 0.67451477348979 -0.02839030517519
 0.65962869659589 -0.03275851225556
 0.64482744736657 -0.03723530604132
 0.63011471458345 -0.04178458426629
 0.61549416496799 -0.04636005958283
 0.60096944226766 -0.05092883058175
 0.58654416634787 -0.05546897634495
 0.57222193228979 -0.05992871178924
 0.55800630949442 -0.06438003856462
 0.54390084079298 -0.06872907886234
 0.52990904156400 -0.07291138435742
 0.51603439885716 -0.07690920181827
 0.50228037052432 -0.08071546730966
 0.48865038435767 -0.08429973752858
 0.47514783723553 -0.08763963107448
 0.46177609427571 -0.09073404123487
 0.44853848799689 -0.09355981945072
 0.43543831748808 -0.09613052051461
 0.42247884758641 -0.09845130274658
 0.40966330806347 -0.10050569867592
 0.39699489282039 -0.10232880961099
 0.38447675909182 -0.10390598993587
 0.37211202665914 -0.10524490021395
 0.35990377707289 -0.10635838820792
 0.34785505288481 -0.10723521921541
 0.33596885688957 -0.10790594743415
 0.32424815137639 -0.10836675280057
 0.31269585739082 -0.10862412013561
 0.30131485400669 -0.10868377557055
 0.29010797760867 -0.10854982030674
 0.27907802118528 -0.10823533350760
 0.26822773363292 -0.10774526100280
 0.25755981907072 -0.10709797990938
 0.24707693616662 -0.10628946252028
 0.23678169747483 -0.10532884080628
 0.22667666878466 -0.10422399757731
 0.21676436848111 -0.10297444435054
 0.20704726691722 -0.10158886627044
 0.19752778579842 -0.10008019243216
 0.18820829757898 -0.09843472475732
 0.17909112487074 -0.09667763080086
 0.17017853986427 -0.09480885489634
 0.16147276376262 -0.09283516618760
 0.15297596622770 -0.09075667568557
 0.14469026483959 -0.08858678276474
 0.13661772456878 -0.08634092347073
 0.12876035726154 -0.08401642544463
 0.12112012113854 -0.08161676290369
 0.11369892030679 -0.07915259042733
 0.10649860428513 -0.07662982360571
 0.09952096754325 -0.07404992573547
 0.09276774905452 -0.07142806723888
 0.08624063186256 -0.06877333651184
 0.07994124266183 -0.06608147115085
 0.07387115139216 -0.06336397843695
 0.06803187084757 -0.06063171133452
 0.06242485629917 -0.05788389153647
 0.05705150513256 -0.05512796577425
 0.05191315649949 -0.05237388426525
 0.04701109098416 -0.04962460025660
 0.04234653028407 -0.04688344131830
 0.03792063690554 -0.04415380230735
 0.03373451387398 -0.04144440709395
 0.02978920445901 -0.03876656700629
 0.02608569191446 -0.03611063304899
 0.02262489923329 -0.03348879325604
 0.01940768891760 -0.03090143657909
 0.01643486276363 -0.02831562626805
 0.01370716166200 -0.02575201663443
 0.01122526541300 -0.02320335437000
 0.00898979255721 -0.02069244112413
 0.00700130022133 -0.01824769106117
 0.00526028397934 -0.01587488973181
 0.00376717772899 -0.01353609982493
 0.00252235358366 -0.01117696676044
 0.00152612177962 -0.00875970016469
 0.00077873059872 -0.00629410991127
 0.00028036630652 -0.00378256986030
 0.00003115310584 -0.00125069821765
 0.00000000000000  0.00000000000000
 0.00003115310584  0.00128747459274
 0.00028036630652  0.00393191156929
 0.00077873059872  0.00670221884132
 0.00152612177962  0.00961463391881
 0.00252235358366  0.01269135599623
 0.00376717772899  0.01583260036139
 0.00526028397934  0.01895908852424
 0.00700130022133  0.02203449357273
 0.00898979255721  0.02509782193893
 0.01122526541300  0.02818689776813
 0.01370716166200  0.03131780036549
 0.01643486276363  0.03448050750671
 0.01940768891760  0.03766124624226
 0.02262489923329  0.04088221797597
 0.02608569191446  0.04410586879600
 0.02978920445901  0.04732017709258
 0.03373451387398  0.05053340509510
 0.03792063690554  0.05373190771202
 0.04234653028407  0.05691591992822
 0.04701109098416  0.06008055790667
 0.05191315649949  0.06321870730457
 0.05705150513256  0.06633116405032
 0.06242485629917  0.06942046252703
 0.06803187084757  0.07247767209441
 0.07387115139216  0.07549229678036
 0.07994124266183  0.07845961411531
 0.08624063186256  0.08137699606903
 0.09276774905452  0.08423906793979
 0.09952096754325  0.08703681424739
 0.10649860428513  0.08977177690581
 0.11369892030679  0.09243768224453
 0.12112012113854  0.09502419789169
 0.12876035726154  0.09753083870686
 0.13661772456878  0.09994608724792
 0.14469026483959  0.10226416730050
 0.15297596622770  0.10448829657271
 0.16147276376262  0.10661609460875
 0.17017853986427  0.10861098454382
 0.17909112487074  0.11051103752282
 0.18820829757898  0.11229249944540
 0.19752778579842  0.11393857704006
 0.20704726691722  0.11544341762448
 0.21676436848111  0.11682230650411
 0.22667666878466  0.11808140014603
 0.23678169747483  0.11917939497028
 0.24707693616662  0.12012595079069
 0.25755981907072  0.12090317476244
 0.26822773363292  0.12153545506302
 0.27907802118528  0.12200411440550
 0.29010797760867  0.12230917052697
 0.30131485400669  0.12245816704977
 0.31269585739082  0.12241534286062
 0.32424815137639  0.12221156965991
 0.33596885688957  0.12183021216661
 0.34785505288481  0.12129663314654
 0.35990377707289  0.12059796723709
 0.37211202665914  0.11973961176765
 0.38447675909182  0.11873244238490
 0.39699489282039  0.11759084808349
 0.40966330806347  0.11628296691570
 0.42247884758641  0.11486252592496
 0.43543831748808  0.11328096245262
 0.44853848799689  0.11156205648491
 0.46177609427571  0.10972766718953
 0.47514783723553  0.10775434216628
 0.48865038435767  0.10565504079863
 0.50228037052432  0.10342420928734
 0.51603439885716  0.10111010225581
 0.52990904156400  0.09866891484151
 0.54390084079298  0.09611520929442
 0.55800630949442  0.09345821557199
 0.57222193228979  0.09073038481537
 0.58654416634787  0.08800991804115
 0.60096944226766  0.08520787331377
 0.61549416496799  0.08232277827393
 0.63011471458345  0.07935567482131
 0.64482744736657  0.07633907500035
 0.65962869659589  0.07326423070541
 0.67451477348979  0.07013778502226
 0.68948196812583  0.06696496523511
 0.70452655036533  0.06373762710825
 0.71964477078299  0.06050066435396
 0.73483286160132  0.05723150774327
 0.75008703762969  0.05395193620530
 0.76540349720763  0.05063490471054
 0.78077842315231  0.04730320958695
 0.79620798370985  0.04397104996078
 0.81168833351028  0.04065178159964
 0.82721561452590  0.03735530761959
 0.84278595703275  0.03407639354096
 0.85839548057505  0.03081400772452
 0.87404029493228  0.02757524210969
 0.88971650108872  0.02437695240614
 0.90542019220516  0.02120564569270
 0.92114745459252  0.01807240989032
 0.93689436868733  0.01497572359094
 0.95265701002844  0.01192226272663
 0.96843145023519  0.00893816591435
 0.98421375798636  0.00599148054866
 1.00000000000000  0.00293867032288
</coords>