<reference>
Airfoil "Interp_013793" recreated on 26-Oct-2021 for blade project numad</reference>
<coords>
1.000000000000	0.000000000000
0.986871000000	-0.012782400000
0.973661000000	-0.019450500000
0.960371000000	-0.025971800000
0.947007000000	-0.033024300000
0.933571000000	-0.041143900000
0.920067000000	-0.050092200000
0.906500000000	-0.059538300000
0.892871000000	-0.069390000000
0.879186000000	-0.079435200000
0.865449000000	-0.089667900000
0.851663000000	-0.100057000000
0.837832000000	-0.110406000000
0.823962000000	-0.120866000000
0.810055000000	-0.131424000000
0.796116000000	-0.141835000000
0.782150000000	-0.152083000000
0.768161000000	-0.162247000000
0.754154000000	-0.172223000000
0.740133000000	-0.181932000000
0.726102000000	-0.191297000000
0.712067000000	-0.200395000000
0.698031000000	-0.209272000000
0.684001000000	-0.217731000000
0.669980000000	-0.225843000000
0.655974000000	-0.233617000000
0.641987000000	-0.241027000000
0.628024000000	-0.248092000000
0.614091000000	-0.254817000000
0.600192000000	-0.261205000000
0.586332000000	-0.267228000000
0.572517000000	-0.272822000000
0.558751000000	-0.278009000000
0.545040000000	-0.282898000000
0.531389000000	-0.287433000000
0.517803000000	-0.291447000000
0.504287000000	-0.295199000000
0.490846000000	-0.298592000000
0.477486000000	-0.301446000000
0.464212000000	-0.304054000000
0.451028000000	-0.306374000000
0.437941000000	-0.308373000000
0.424955000000	-0.310055000000
0.412076000000	-0.311378000000
0.399308000000	-0.312296000000
0.386657000000	-0.312899000000
0.374128000000	-0.313313000000
0.361726000000	-0.313283000000
0.349456000000	-0.312915000000
0.337324000000	-0.312297000000
0.325334000000	-0.311363000000
0.313491000000	-0.310258000000
0.301801000000	-0.308778000000
0.290267000000	-0.306921000000
0.278896000000	-0.304905000000
0.267692000000	-0.302525000000
0.256660000000	-0.299948000000
0.245804000000	-0.297179000000
0.235129000000	-0.294078000000
0.224640000000	-0.290725000000
0.214341000000	-0.287201000000
0.204238000000	-0.283356000000
0.194333000000	-0.279270000000
0.184632000000	-0.275070000000
0.175139000000	-0.270526000000
0.165858000000	-0.265821000000
0.156793000000	-0.260921000000
0.147948000000	-0.255802000000
0.139328000000	-0.250442000000
0.130935000000	-0.244862000000
0.122775000000	-0.239193000000
0.114849000000	-0.233185000000
0.107163000000	-0.227053000000
0.099719400000	-0.220714000000
0.092521600000	-0.214125000000
0.085573000000	-0.207402000000
0.078876700000	-0.200463000000
0.072435700000	-0.193297000000
0.066253100000	-0.186051000000
0.060331600000	-0.178661000000
0.054674000000	-0.171169000000
0.049282900000	-0.163517000000
0.044160800000	-0.155522000000
0.039309900000	-0.147569000000
0.034732700000	-0.139450000000
0.030431100000	-0.130971000000
0.026407200000	-0.122341000000
0.022662800000	-0.113826000000
0.019199700000	-0.105141000000
0.016019600000	-0.096379200000
0.013123700000	-0.087705300000
0.010513600000	-0.078716500000
0.008190450000	-0.069437000000
0.006155290000	-0.059781800000
0.004409100000	-0.049601900000
0.002952700000	-0.039453600000
0.001786760000	-0.029297000000
0.000911824000	-0.019543900000
0.000328308000	-0.009587750000
0.000036481500	-0.003563020000
0.000000000000	0.000000000000
0.000145922000	0.008297550000
0.000583619000	0.015365300000
0.001312890000	0.025008300000
0.002333380000	0.034867400000
0.003644630000	0.045829000000
0.005246020000	0.056199500000
0.007136800000	0.067123700000
0.009316090000	0.076975800000
0.011782900000	0.086310500000
0.014536000000	0.095269600000
0.017574200000	0.104084000000
0.020896000000	0.113002000000
0.024500000000	0.121668000000
0.028384300000	0.130496000000
0.032547300000	0.139226000000
0.036987000000	0.147677000000
0.041701300000	0.155955000000
0.046688100000	0.164133000000
0.051945000000	0.172253000000
0.057469700000	0.180099000000
0.063259500000	0.187766000000
0.069311900000	0.195352000000
0.075624100000	0.202779000000
0.082193100000	0.210040000000
0.089016000000	0.217068000000
0.096089600000	0.223899000000
0.103411000000	0.230500000000
0.110976000000	0.236829000000
0.118782000000	0.243078000000
0.126826000000	0.249025000000
0.135103000000	0.254722000000
0.143610000000	0.260319000000
0.152343000000	0.265603000000
0.161298000000	0.270702000000
0.170472000000	0.275532000000
0.179859000000	0.280153000000
0.189457000000	0.284558000000
0.199260000000	0.288714000000
0.209265000000	0.292625000000
0.219467000000	0.296254000000
0.229861000000	0.299567000000
0.240443000000	0.302619000000
0.251209000000	0.305409000000
0.262154000000	0.307931000000
0.273273000000	0.310209000000
0.284561000000	0.312178000000
0.296014000000	0.313906000000
0.307626000000	0.315342000000
0.319394000000	0.316414000000
0.331311000000	0.317304000000
0.343372000000	0.317891000000
0.355574000000	0.318152000000
0.367911000000	0.318107000000
0.380377000000	0.317698000000
0.392967000000	0.317164000000
0.405677000000	0.316298000000
0.418502000000	0.314970000000
0.431435000000	0.313491000000
0.444472000000	0.311717000000
0.457608000000	0.309632000000
0.470838000000	0.307268000000
0.484156000000	0.304409000000
0.497557000000	0.301277000000
0.511036000000	0.297913000000
0.524588000000	0.294244000000
0.538207000000	0.290237000000
0.551889000000	0.285950000000
0.565628000000	0.281366000000
0.579419000000	0.276433000000
0.593257000000	0.271197000000
0.607137000000	0.265783000000
0.621053000000	0.260062000000
0.635002000000	0.253959000000
0.648977000000	0.247698000000
0.662975000000	0.241203000000
0.676989000000	0.234358000000
0.691015000000	0.227223000000
0.705049000000	0.219926000000
0.719085000000	0.212350000000
0.733118000000	0.204430000000
0.747145000000	0.196294000000
0.761160000000	0.188022000000
0.775158000000	0.179519000000
0.789136000000	0.170746000000
0.803089000000	0.161828000000
0.817013000000	0.152611000000
0.830902000000	0.143254000000
0.844753000000	0.133707000000
0.858562000000	0.124015000000
0.872324000000	0.114025000000
0.886036000000	0.103823000000
0.899693000000	0.093463100000
0.913291000000	0.083147400000
0.926828000000	0.072453700000
0.940298000000	0.061402100000
0.953698000000	0.050152000000
0.967026000000	0.038037700000
0.980276000000	0.025490500000
0.993446000000	0.013612100000
</coords>