<reference>
Airfoil "Interp_068396" created on 31-Oct-2019 15:10:14 for blade project BAR008_numad
</reference>
<coords>
 1.00000000000000  0.00000000000000
 1.00000000000000 -0.00523748237403
 0.98421375798636 -0.00280948876486
 0.96843145023519 -0.00058911549242
 0.95265701002844  0.00123634049438
 0.93689436868733  0.00262124962333
 0.92114745459252  0.00354546427441
 0.90542019220516  0.00399533612745
 0.88971650108872  0.00395499949186
 0.87404029493228  0.00344134268241
 0.85839548057505  0.00249905668755
 0.84278595703275  0.00115315145905
 0.82721561452590 -0.00057882442173
 0.81168833351028 -0.00270121118466
 0.79620798370985 -0.00520975116623
 0.78077842315231 -0.00812486652402
 0.76540349720763 -0.01144660779330
 0.75008703762969 -0.01508409372227
 0.73483286160132 -0.01901169177691
 0.71964477078299 -0.02321100826438
 0.70452655036533 -0.02764955734434
 0.68948196812583 -0.03243333909404
 0.67451477348979 -0.03742718577593
 0.65962869659589 -0.04251843177787
 0.64482744736657 -0.04768638342447
 0.63011471458345 -0.05289356469776
 0.61549416496799 -0.05809126684636
 0.60096944226766 -0.06325866138160
 0.58654416634787 -0.06834675716615
 0.57222193228979 -0.07333551507634
 0.55800630949442 -0.07817067778945
 0.54390084079298 -0.08285281412983
 0.52990904156400 -0.08734466290592
 0.51603439885716 -0.09162562063551
 0.50228037052432 -0.09569117101260
 0.48865038435767 -0.09951868896209
 0.47514783723553 -0.10309950765451
 0.46177609427571 -0.10642375328959
 0.44853848799689 -0.10948699418259
 0.43543831748808 -0.11228577104439
 0.42247884758641 -0.11483934314912
 0.40966330806347 -0.11713670185862
 0.39699489282039 -0.11917530133812
 0.38447675909182 -0.12097470370198
 0.37211202665914 -0.12252430169222
 0.35990377707289 -0.12383636727339
 0.34785505288481 -0.12490533339872
 0.33596885688957 -0.12575157991285
 0.32424815137639 -0.12637348328782
 0.31269585739082 -0.12678697763750
 0.30131485400669 -0.12698667372238
 0.29010797760867 -0.12698035053474
 0.27907802118528 -0.12677580137544
 0.26822773363292 -0.12637408074004
 0.25755981907072 -0.12579063053151
 0.24707693616662 -0.12502423341863
 0.23678169747483 -0.12408818918422
 0.22667666878466 -0.12298328004929
 0.21676436848111 -0.12171337963204
 0.20704726691722 -0.12027638585995
 0.19752778579842 -0.11869096461461
 0.18820829757898 -0.11694766977268
 0.17909112487074 -0.11507016814306
 0.17017853986427 -0.11305201576384
 0.16147276376262 -0.11089341754086
 0.15297596622770 -0.10861352473400
 0.14469026483959 -0.10621413911260
 0.13661772456878 -0.10370492925805
 0.12876035726154 -0.10108925503621
 0.12112012113854 -0.09837335331616
 0.11369892030679 -0.09556712100046
 0.10649860428513 -0.09268005469170
 0.09952096754325 -0.08970964439230
 0.09276774905452 -0.08667374209563
 0.08624063186256 -0.08358444525625
 0.07994124266183 -0.08043666663744
 0.07387115139216 -0.07724584209561
 0.06803187084757 -0.07402198788472
 0.06242485629917 -0.07075924168720
 0.05705150513256 -0.06747006863242
 0.05191315649949 -0.06417276949372
 0.04701109098416 -0.06086932775757
 0.04234653028407 -0.05756159876810
 0.03792063690554 -0.05425564966542
 0.03373451387398 -0.05095626170901
 0.02978920445901 -0.04766181346968
 0.02608569191446 -0.04437344488069
 0.02262489923329 -0.04110594884102
 0.01940768891760 -0.03789530221318
 0.01643486276363 -0.03477926889353
 0.01370716166200 -0.03167058432024
 0.01122526541300 -0.02856039942173
 0.00898979255721 -0.02547092634377
 0.00700130022133 -0.02243522503849
 0.00526028397934 -0.01948010197889
 0.00376717772899 -0.01658196275151
 0.00252235358366 -0.01368266690840
 0.00152612177962 -0.01080242875527
 0.00077873059872 -0.00783587667818
 0.00028036630652 -0.00476418003689
 0.00003115310584 -0.00159111615908
 0.00000000000000  0.00000000000000
 0.00003115310584  0.00164877275690
 0.00028036630652  0.00495781726755
 0.00077873059872  0.00832194343965
 0.00152612177962  0.01177972489085
 0.00252235358366  0.01534257974462
 0.00376717772899  0.01889266897530
 0.00526028397934  0.02246798764890
 0.00700130022133  0.02600021877494
 0.00898979255721  0.02952335588540
 0.01122526541300  0.03306764700932
 0.01370716166200  0.03664530836525
 0.01643486276363  0.04024141677273
 0.01940768891760  0.04384537086168
 0.02262489923329  0.04738078172174
 0.02608569191446  0.05088119975733
 0.02978920445901  0.05436251564615
 0.03373451387398  0.05783831873983
 0.03792063690554  0.06131169434726
 0.04234653028407  0.06476871514761
 0.04701109098416  0.06819868984483
 0.05191315649949  0.07159430102892
 0.05705150513256  0.07495077219049
 0.06242485629917  0.07826833408598
 0.06803187084757  0.08154122789141
 0.07387115139216  0.08476026707952
 0.07994124266183  0.08792060480022
 0.08624063186256  0.09101489817628
 0.09276774905452  0.09403823440594
 0.09952096754325  0.09698610669003
 0.10649860428513  0.09984359714744
 0.11369892030679  0.10260648845601
 0.12112012113854  0.10527872278522
 0.12876035726154  0.10784896985508
 0.13661772456878  0.11031303705962
 0.14469026483959  0.11266217886082
 0.15297596622770  0.11488100198374
 0.16147276376262  0.11697917337178
 0.17017853986427  0.11895791135046
 0.17909112487074  0.12079178735688
 0.18820829757898  0.12248464353910
 0.19752778579842  0.12403242982740
 0.20704726691722  0.12543617548675
 0.21676436848111  0.12668584191104
 0.22667666878466  0.12778044208781
 0.23678169747483  0.12872674714160
 0.24707693616662  0.12951923229219
 0.25755981907072  0.13016124626336
 0.26822773363292  0.13065035930525
 0.27907802118528  0.13096528645555
 0.29010797760867  0.13112030426724
 0.30131485400669  0.13111473360434
 0.31269585739082  0.13095619191783
 0.32424815137639  0.13062767397086
 0.33596885688957  0.13016183258667
 0.34785505288481  0.12953767854446
 0.35990377707289  0.12875671263914
 0.37211202665914  0.12783204579539
 0.38447675909182  0.12676426632547
 0.39699489282039  0.12554840343577
 0.40966330806347  0.12420867038575
 0.42247884758641  0.12272117816804
 0.43543831748808  0.12110371698944
 0.44853848799689  0.11936928392383
 0.46177609427571  0.11750124157992
 0.47514783723553  0.11551744617022
 0.48865038435767  0.11340612113723
 0.50228037052432  0.11118317557954
 0.51603439885716  0.10884483266553
 0.52990904156400  0.10641538893245
 0.54390084079298  0.10388221335535
 0.55800630949442  0.10125153147947
 0.57222193228979  0.09852988104240
 0.58654416634787  0.09571318294070
 0.60096944226766  0.09282245740666
 0.61549416496799  0.08985172668488
 0.63011471458345  0.08680599755881
 0.64482744736657  0.08369575036730
 0.65962869659589  0.08053098228921
 0.67451477348979  0.07732733391892
 0.68948196812583  0.07409902754876
 0.70452655036533  0.07081775262553
 0.71964477078299  0.06735161143816
 0.73483286160132  0.06385591572438
 0.75008703762969  0.06034017580877
 0.76540349720763  0.05683962528675
 0.78077842315231  0.05338314290396
 0.79620798370985  0.04991415233545
 0.81168833351028  0.04644706217012
 0.82721561452590  0.04297334485681
 0.84278595703275  0.03950582981649
 0.85839548057505  0.03603811264201
 0.87404029493228  0.03258353956146
 0.88971650108872  0.02914179782326
 0.90542019220516  0.02571923861623
 0.92114745459252  0.02232549893636
 0.93689436868733  0.01895396772543
 0.95265701002844  0.01561139355078
 0.96843145023519  0.01226184718420
 0.98421375798636  0.00886769067014
 1.00000000000000  0.00556130683269
</coords>