<reference>
Airfoil "Interp_079310" created on 04-Oct-2021 12:34:15 for blade project BAR1_SNL_1_18_2021_numad
</reference>
<coords>
 1.00000000000000 -0.00000128051872
 0.99871025007108 -0.00011388098185
 0.99695596404136  0.00000517153221
 0.99473810042913  0.00035749715045
 0.99205808025082  0.00061526419842
 0.98891778580133  0.00076665492813
 0.98531955897438  0.00100454951442
 0.98126619912458  0.00123533589513
 0.97676096047320  0.00145991513019
 0.97180754906026  0.00169575523748
 0.96641011924587  0.00195058635371
 0.96057326976426  0.00221755160048
 0.95430203933450  0.00248951219665
 0.94760190183203  0.00277247566229
 0.94047876102596  0.00306321646572
 0.93293894488720  0.00335814246924
 0.92498919947318  0.00364795657446
 0.91663668239503  0.00389730578640
 0.90788895587387  0.00406242285204
 0.89875397939296  0.00413822395220
 0.88924010195303  0.00410459067320
 0.87935605393845  0.00394565468725
 0.86911093860234  0.00366414883479
 0.85851422317899  0.00324405089152
 0.84757572963248  0.00267675916741
 0.83630562505062  0.00195398974232
 0.82471441169374  0.00105167321404
 0.81281291670831 -0.00002662943054
 0.80061228151534 -0.00128711586268
 0.78812395088447 -0.00274328065527
 0.77535966170423 -0.00440354306183
 0.76233143145986 -0.00628468352768
 0.74905154643002 -0.00837595040776
 0.73553254961415 -0.01065888635691
 0.72178722840246 -0.01314411951605
 0.70782860200083 -0.01584141636555
 0.69366990862302 -0.01874305988848
 0.67932459246304 -0.02184273036454
 0.66480629046055 -0.02511078175261
 0.65012881887240 -0.02830820110049
 0.63530615966379 -0.03169374404456
 0.62035244673243 -0.03525628158856
 0.60528195197950 -0.03896983848646
 0.59010907124114 -0.04279374457974
 0.57484831009461 -0.04670845625780
 0.55951426955310 -0.05063697566011
 0.54412163166344 -0.05455424662560
 0.52868514502107 -0.05857534459561
 0.51321961021664 -0.06262867387783
 0.49773986522870 -0.06658819211611
 0.48226077077704 -0.07039292628744
 0.46679719565121 -0.07378119701792
 0.45136400202882 -0.07559955298845
 0.43597603079825 -0.07741970184159
 0.42064808690032 -0.07910598969694
 0.40539492470347 -0.08060203188110
 0.39023123342716 -0.08199189206247
 0.37517162262776 -0.08321757459766
 0.36023060776152 -0.08420698760939
 0.34542259583893 -0.08492765887583
 0.33076187118479 -0.08538958371239
 0.31626258131800 -0.08559125907328
 0.30193872296536 -0.08552185347255
 0.28780412822306 -0.08522277828652
 0.27387245087975 -0.08468597400759
 0.26015715291480 -0.08393854439759
 0.24667149118512 -0.08300445785994
 0.23342850431382 -0.08186774646887
 0.22044099979377 -0.08051871092199
 0.20772154131884 -0.07899528343873
 0.19528243635549 -0.07732129855881
 0.18313572396701 -0.07547272987812
 0.17129316290257 -0.07345105248155
 0.15976621996291 -0.07131301205187
 0.14856605865425 -0.06904349297883
 0.13770352814171 -0.06667019622719
 0.12718915251323 -0.06421942436067
 0.11703312036467 -0.06167152685695
 0.10724527471648 -0.05904643443786
 0.09783510327189 -0.05634708763160
 0.08881172902643 -0.05360136305444
 0.08018390123807 -0.05081109958694
 0.07195998676689 -0.04798383457314
 0.06414796179306 -0.04513963370978
 0.05675540392120 -0.04232063030863
 0.04978948467912 -0.03949636050052
 0.04325696241830 -0.03666460969802
 0.03716417562326 -0.03385276541681
 0.03151703663635 -0.03107354289883
 0.02632102580439 -0.02833566791789
 0.02158118605283 -0.02565263755578
 0.01730211789285 -0.02289934686022
 0.01348797486651 -0.02021786496247
 0.01014245943423 -0.01759492324715
 0.00726881930896 -0.01511832529605
 0.00486984424048 -0.01276002498991
 0.00294786325317 -0.01001202271173
 0.00150474233993 -0.00577012815285
 0.00054188261452 -0.00201972381818
 0.00006021892422 -0.00028451584328
 0.00000000000000  0.00000000000000
 0.00024086107903  0.00082220311161
 0.00096321045957  0.00433870114630
 0.00216634680357  0.01006593209904
 0.00384910198593  0.01391792856207
 0.00600984225109  0.01716775932330
 0.00864646983076  0.02073951147757
 0.01175642502102  0.02438763334171
 0.01533668871683  0.02816133715951
 0.01938378540131  0.03198925582073
 0.02389378658700  0.03594038372887
 0.02886231470546  0.03995642464052
 0.03428454744153  0.04398161977654
 0.04015522250779  0.04800028456416
 0.04646864285456  0.05200468389136
 0.05321868231023  0.05598595088799
 0.06039879164629  0.05995594563392
 0.06800200506105  0.06388654016939
 0.07602094707558  0.06776009402204
 0.08444783983499  0.07158335042899
 0.09327451080786  0.07533736230593
 0.10249240087607  0.07902294973123
 0.11209257280705  0.08263664462334
 0.12206572009991  0.08613943687370
 0.13240217619682  0.08952391843028
 0.14309192405033  0.09279105876739
 0.15412460603716  0.09598107970634
 0.16548953420860  0.09891754746382
 0.17717570086730  0.10177597130662
 0.18917178945999  0.10442976874286
 0.20146618577516  0.10688457774006
 0.21404698943473  0.10916790594892
 0.22690202566814  0.11127295122245
 0.24001885735715  0.11307396588771
 0.25338479733955  0.11459565803587
 0.26698692095920  0.11586168976901
 0.28081207885033  0.11688670073359
 0.29484690994294  0.11761250677822
 0.30907785467677  0.11800462694213
 0.32349116841043  0.11814404687821
 0.33807293501239  0.11795074559378
 0.35280908062043  0.11756993101611
 0.36768538755571  0.11693409626449
 0.38268750837777  0.11607942744792
 0.39780098006628  0.11502630882812
 0.41301123831568  0.11407000918574
 0.42830363192830  0.11296188998517
 0.44366343729165  0.11183926047294
 0.45907587292569  0.11074376088346
 0.47452611408527  0.10906004860207
 0.48999930740359  0.10630666772267
 0.50548058556178  0.10345612026756
 0.52095508197025  0.10042838421223
 0.53640794544712  0.09729054273003
 0.55182435487906  0.09427841837935
 0.56718953385015  0.09116189598823
 0.58248876522401  0.08796441265273
 0.59770740566484  0.08469817020918
 0.61283090008287  0.08134626018566
 0.62784479598987  0.07797788062874
 0.64273475775045  0.07454885856441
 0.65748658071499  0.07108452614271
 0.67208620522017  0.06773303240637
 0.68651973044310  0.06455957526523
 0.70077342809537  0.06145045814644
 0.71483375594340  0.05836504382136
 0.72868737114161  0.05532156750930
 0.74232114336516  0.05235536294654
 0.75572216772929  0.04945536295534
 0.76887777748230  0.04662496460652
 0.78177555645970  0.04387377061402
 0.79440335128702  0.04120584529253
 0.80674928331925  0.03862444262470
 0.81880176030506  0.03612754015026
 0.83054948776413  0.03371370864701
 0.84198148006637  0.03137163210158
 0.85308707120203  0.02910510349037
 0.86385592523193  0.02694591559259
 0.87427804640759  0.02486980100953
 0.88434378895101  0.02287324465645
 0.89404386648459  0.02097507028471
 0.90336936110172  0.01915620267425
 0.91231173206911  0.01742618006188
 0.92086282415219  0.01578533044712
 0.92901487555531  0.01422336274192
 0.93676052546894  0.01275949726187
 0.94409282121638  0.01138375652250
 0.95100522499280  0.01008545027861
 0.95749162019010  0.00886866260848
 0.96354631730122  0.00773318323064
 0.96916405939809  0.00667987229002
 0.97434002717786  0.00570755588243
 0.97906984357228  0.00481575570301
 0.98334957791593  0.00400571383960
 0.98717574966894  0.00327958386570
 0.99054533169065  0.00263457716961
 0.99345575306108  0.00212313385846
 0.99590490144729  0.00171761316517
 0.99789112501237  0.00136043665804
 0.99941323386530  0.00096590137203
</coords>