<reference>
Airfoil "Interp_072413" created on 04-Oct-2021 12:34:15 for blade project BAR1_SNL_1_18_2021_numad
</reference>
<coords>
 1.00000000000000 -0.00000226507370
 0.99975079456309 -0.00010966239592
 0.99900342666575 -0.00035171091953
 0.99775864130055 -0.00013753401066
 0.99601767929663  0.00002831816991
 0.99378227608276  0.00021387396735
 0.99105465995749  0.00049840082273
 0.98783754986789  0.00079468996564
 0.98413415269925  0.00113156809291
 0.97994816007843  0.00150685875428
 0.97528374469389  0.00190870127968
 0.97014555613634  0.00233787537280
 0.96453871626387  0.00278995511927
 0.95846881409639  0.00326046619336
 0.95194190024441  0.00374737679164
 0.94496448087759  0.00424894753573
 0.93754351123930  0.00474862686010
 0.92968638871346  0.00520863786002
 0.92140094545068  0.00558752247184
 0.91269544056099  0.00587557615384
 0.90357855188099  0.00604912400775
 0.89405936732360  0.00609204801967
 0.88414737581899  0.00600622235306
 0.87385245785585  0.00577052087551
 0.86318487563232  0.00537780185692
 0.85215526282634  0.00481980544254
 0.84077461399582  0.00406919033792
 0.82905427361902  0.00312805384809
 0.81700592478612  0.00199042347558
 0.80464157755326  0.00063991293764
 0.79197355697065 -0.00093517638734
 0.77901449079672 -0.00275209953984
 0.76577729691045 -0.00480296671174
 0.75227517043459 -0.00707120842739
 0.73852157058244 -0.00956644774070
 0.72453020724146 -0.01229460830792
 0.71031502730689 -0.01525029812424
 0.69589020077925 -0.01842722600845
 0.68127010663931 -0.02182584659317
 0.66646931851488 -0.02545904097223
 0.65150259015344 -0.02926737312011
 0.63638484071530 -0.03323103181915
 0.62113113990189 -0.03732473467779
 0.60575669293391 -0.04151043400270
 0.59027682539445 -0.04577774226702
 0.57470696795213 -0.05005912316955
 0.55906264097945 -0.05431466146322
 0.54335943908178 -0.05852159101517
 0.52761301555225 -0.06263518495938
 0.51183906676831 -0.06664020772167
 0.49605331654514 -0.07048401422394
 0.48027150046187 -0.07410330410930
 0.46450935017599 -0.07755641970950
 0.44878257774169 -0.08067603381019
 0.43310685994776 -0.08344653230396
 0.41749782269060 -0.08587236688917
 0.40197102539801 -0.08794917900991
 0.38654194551920 -0.08969644248435
 0.37122596309655 -0.09112070420153
 0.35603834543442 -0.09220493047539
 0.34099423188038 -0.09297597303856
 0.32610861873401 -0.09343788624859
 0.31139634429821 -0.09358559117504
 0.29687207408811 -0.09345480406999
 0.28255028621210 -0.09305258301791
 0.26844525693983 -0.09237803606255
 0.25457104647120 -0.09147195036985
 0.24094148492096 -0.09033387835966
 0.22757015853246 -0.08896674494028
 0.21447039613465 -0.08740192533605
 0.20165525585557 -0.08564336012432
 0.18913751210575 -0.08368766167324
 0.17692964284440 -0.08155222934719
 0.16504381714107 -0.07926619893297
 0.15349188304533 -0.07682103163298
 0.14228535577631 -0.07425152652762
 0.13143540624411 -0.07157473321403
 0.12095284991438 -0.06878853267035
 0.11084813602724 -0.06591272608791
 0.10113133718124 -0.06294752473937
 0.09181213929280 -0.05991508773191
 0.08289983194104 -0.05682780545909
 0.07440329910775 -0.05369423797916
 0.06633101032164 -0.05053313705001
 0.05869101221573 -0.04736127964759
 0.05149092050627 -0.04417618503973
 0.04473791240127 -0.04097731050207
 0.03843871944607 -0.03778513263434
 0.03259962081320 -0.03460439040585
 0.02722643704317 -0.03144835308963
 0.02232452424240 -0.02832805573676
 0.01789876874419 -0.02525684714500
 0.01395358223787 -0.02226893630531
 0.01049289737114 -0.01930354011727
 0.00752016382994 -0.01645316129104
 0.00503834489972 -0.01375914631460
 0.00304991451156 -0.01067534307293
 0.00155685477610 -0.00655772292766
 0.00056065400778 -0.00242566329850
 0.00006230524117 -0.00031330416393
 0.00000000000000  0.00000000000000
 0.00024920543691  0.00103391833924
 0.00099657333425  0.00483818183886
 0.00224135869945  0.01020206464502
 0.00398232070337  0.01422192094510
 0.00621772391724  0.01790212033088
 0.00894534004251  0.02185673952186
 0.01216245013211  0.02585262169461
 0.01586584730075  0.02994932004019
 0.02005183992157  0.03408445697961
 0.02471625530611  0.03825577024962
 0.02985444386366  0.04244285001548
 0.03546128373613  0.04666435093730
 0.04153118590361  0.05089659803349
 0.04805809975559  0.05511695493674
 0.05503551912241  0.05930836244797
 0.06245648876070  0.06347967802705
 0.07031361128654  0.06760638695413
 0.07859905454932  0.07166861543989
 0.08730455943901  0.07565167747649
 0.09642144811901  0.07953715911156
 0.10594063267640  0.08333008335522
 0.11585262418101  0.08702309093411
 0.12614754214415  0.09057325396668
 0.13681512436768  0.09396345628042
 0.14784473717366  0.09719634360732
 0.15922538600418  0.10031662841160
 0.17094572638098  0.10315134643090
 0.18299407521388  0.10588404760711
 0.19535842244674  0.10836683821034
 0.20802644302935  0.11060375233399
 0.22098550920328  0.11263274383729
 0.23422270308955  0.11444644177912
 0.24772482956541  0.11592182835982
 0.26147842941756  0.11709382279827
 0.27546979275854  0.11798127301211
 0.28968497269311  0.11862760537657
 0.30410979922075  0.11895801326533
 0.31872989336069  0.11893721391387
 0.33353068148512  0.11864415391823
 0.34849740984656  0.11801004600524
 0.36361515928470  0.11716157782738
 0.37886886009811  0.11603142981678
 0.39424330706609  0.11464577310607
 0.40972317460555  0.11302046919483
 0.42529303204787  0.11125296962087
 0.44093735902055  0.10921040636285
 0.45664056091822  0.10700320826902
 0.47238698444775  0.10459343269650
 0.48816093323169  0.10202201277107
 0.50394668345486  0.09945740661495
 0.51972849953813  0.09680958186070
 0.53549064982401  0.09400559699578
 0.55121742225831  0.09111533091860
 0.56689314005224  0.08815658770206
 0.58250217730940  0.08512169937224
 0.59802897460199  0.08202535038210
 0.61345805448080  0.07887268809100
 0.62877403690345  0.07566093434212
 0.64396165456558  0.07246137024156
 0.65900576811962  0.06925431081268
 0.67389138126599  0.06606585081199
 0.68860365570179  0.06289133541341
 0.70312792591189  0.05970026235320
 0.71744971378790  0.05658093379572
 0.73155474306017  0.05349813111459
 0.74542895352880  0.05046371722846
 0.75905851507904  0.04751283562974
 0.77242984146754  0.04463788222501
 0.78552960386535  0.04184240911967
 0.79834474414443  0.03913186996860
 0.81086248789425  0.03651354383382
 0.82307035715560  0.03399247155217
 0.83495618285893  0.03156470785314
 0.84650811695467  0.02922840249860
 0.85771464422369  0.02697549102414
 0.86856459375589  0.02480853798974
 0.87904715008562  0.02275641761469
 0.88915186397276  0.02079662559037
 0.89886866281876  0.01892696902449
 0.90818786070720  0.01716319324674
 0.91710016805896  0.01548848020529
 0.92559670089225  0.01391258731055
 0.93366898967836  0.01243426835249
 0.94130898778427  0.01104279877027
 0.94850907949373  0.00975815256508
 0.95526208759873  0.00856988850685
 0.96156128055393  0.00746578448922
 0.96740037918680  0.00645032485037
 0.97277356295683  0.00552334927545
 0.97767547575760  0.00468424709023
 0.98210123125581  0.00393267333360
 0.98604641776213  0.00326785120189
 0.98950710262886  0.00268893448331
 0.99247983617006  0.00219469249347
 0.99496165510028  0.00178440276298
 0.99695008548844  0.00145728810033
 0.99844314522390  0.00121275951288
 0.99943934599222  0.00104997364909
 0.99993769475883  0.00097150037459
</coords>