<reference>
Airfoil "Interp_068965" created on 04-Oct-2021 12:34:15 for blade project BAR1_SNL_1_18_2021_numad
</reference>
<coords>
 1.00000000000000 -0.00000486251995
 0.99975079456309  0.00063437435917
 0.99900342666575 -0.00097840930513
 0.99775864130055 -0.00076748352086
 0.99601767929663 -0.00057136062612
 0.99378227608276 -0.00034248570433
 0.99105465995749 -0.00002367962715
 0.98783754986789  0.00030958056792
 0.98413415269925  0.00068460523831
 0.97994816007843  0.00110089105726
 0.97528374469389  0.00154715960904
 0.97014555613634  0.00202205207183
 0.96453871626387  0.00252037770768
 0.95846881409639  0.00303656321982
 0.95194190024441  0.00356808395498
 0.94496448087759  0.00411309227639
 0.93754351123930  0.00464783293089
 0.92968638871346  0.00513650047246
 0.92140094545068  0.00554591407224
 0.91269544056099  0.00586181934775
 0.90357855188099  0.00605674561143
 0.89405936732360  0.00611381308791
 0.88414737581899  0.00603675676887
 0.87385245785585  0.00580057299038
 0.86318487563232  0.00539852431999
 0.85215526282634  0.00482666235420
 0.84077461399582  0.00405760680012
 0.82905427361902  0.00308909544914
 0.81700592478612  0.00191383374306
 0.80464157755326  0.00051488269311
 0.79197355697065 -0.00112605080532
 0.77901449079672 -0.00302710793841
 0.76577729691045 -0.00521800379466
 0.75227517043459 -0.00765883249003
 0.73852157058244 -0.01035635865104
 0.72453020724146 -0.01330797562316
 0.71031502730689 -0.01650435727226
 0.69589020077925 -0.01994031774912
 0.68127010663931 -0.02361323340013
 0.66646931851488 -0.02754752761484
 0.65150259015344 -0.03167159801045
 0.63638484071530 -0.03595064863543
 0.62113113990189 -0.04035203372968
 0.60575669293391 -0.04483404271063
 0.59027682539445 -0.04937952374938
 0.57470696795213 -0.05392784278395
 0.55906264097945 -0.05843406366594
 0.54335943908178 -0.06287020390395
 0.52761301555225 -0.06719346719166
 0.51183906676831 -0.07137892913541
 0.49605331654514 -0.07538475812741
 0.48027150046187 -0.07919345163286
 0.46450935017599 -0.08306460429749
 0.44878257774169 -0.08652051769478
 0.43310685994776 -0.08957968694601
 0.41749782269060 -0.09226037230029
 0.40197102539801 -0.09456293697046
 0.38654194551920 -0.09651372170166
 0.37122596309655 -0.09811144549741
 0.35603834543442 -0.09934868451521
 0.34099423188038 -0.10025100587077
 0.32610861873401 -0.10082812514979
 0.31139634429821 -0.10107276680146
 0.29687207408811 -0.10101829434500
 0.28255028621210 -0.10067073071986
 0.26844525693983 -0.10003104257351
 0.25457104647120 -0.09913905670893
 0.24094148492096 -0.09799033730199
 0.22757015853246 -0.09659730136688
 0.21447039613465 -0.09497840993160
 0.20165525585557 -0.09314013204683
 0.18913751210575 -0.09108453900556
 0.17692964284440 -0.08883034810189
 0.16504381714107 -0.08639926609301
 0.15349188304533 -0.08378812959520
 0.14228535577631 -0.08102763839529
 0.13143540624411 -0.07813764396173
 0.12095284991438 -0.07511929237691
 0.11084813602724 -0.07199252124052
 0.10113133718124 -0.06876234972552
 0.09181213929280 -0.06544994900424
 0.08289983194104 -0.06207316247768
 0.07440329910775 -0.05863944536149
 0.06633101032164 -0.05517179315843
 0.05869101221573 -0.05168121711920
 0.05149092050627 -0.04817732427720
 0.04473791240127 -0.04466395984756
 0.03843871944607 -0.04115704804540
 0.03259962081320 -0.03766053069116
 0.02722643704317 -0.03418653203046
 0.02232452424240 -0.03074891279187
 0.01789876874419 -0.02737781053318
 0.01395358223787 -0.02407835049432
 0.01049289737114 -0.02080317713685
 0.00752016382994 -0.01760830707530
 0.00503834489972 -0.01464778153545
 0.00304991451156 -0.01140254401393
 0.00155685477610 -0.00729591911880
 0.00056065400778 -0.00272408828447
 0.00006230524117 -0.00031570943839
 0.00000000000000  0.00000000000000
 0.00024920543691  0.00126099022798
 0.00099657333425  0.00571404691048
 0.00224135869945  0.01117518435436
 0.00398232070337  0.01540820997066
 0.00621772391724  0.01939548034206
 0.00894534004251  0.02355219307166
 0.01216245013211  0.02777021731809
 0.01586584730075  0.03206307632798
 0.02005183992157  0.03639681037230
 0.02471625530611  0.04074860908271
 0.02985444386366  0.04509725171102
 0.03546128373613  0.04947285927589
 0.04153118590361  0.05385257035437
 0.04805809975559  0.05821148888243
 0.05503551912241  0.06252950263158
 0.06245648876070  0.06681257255149
 0.07031361128654  0.07103800267741
 0.07859905454932  0.07518368327939
 0.08730455943901  0.07923533370173
 0.09642144811901  0.08317622105917
 0.10594063267640  0.08700523083856
 0.11585262418101  0.09071369790935
 0.12614754214415  0.09426766106713
 0.13681512436768  0.09764977479611
 0.14784473717366  0.10085522776370
 0.15922538600418  0.10391504161319
 0.17094572638098  0.10670545499856
 0.18299407521388  0.10935370212894
 0.19535842244674  0.11174729525598
 0.20802644302935  0.11388571852269
 0.22098550920328  0.11579772139273
 0.23422270308955  0.11747794409214
 0.24772482956541  0.11883468893644
 0.26147842941756  0.11989548402896
 0.27546979275854  0.12067080237189
 0.28968497269311  0.12118650477654
 0.30410979922075  0.12139772144601
 0.31872989336069  0.12127480915575
 0.33353068148512  0.12087627726376
 0.34849740984656  0.12016089504122
 0.36361515928470  0.11921512173380
 0.37886886009811  0.11799654038705
 0.39424330706609  0.11652244985212
 0.40972317460555  0.11480990309470
 0.42529303204787  0.11292248679737
 0.44093735902055  0.11076182431978
 0.45664056091822  0.10839740759549
 0.47238698444775  0.10578635966823
 0.48816093323169  0.10308144618759
 0.50394668345486  0.10055109736059
 0.51972849953813  0.09793276970736
 0.53549064982401  0.09517590691228
 0.55121742225831  0.09233558328796
 0.56689314005224  0.08942654176982
 0.58250217730940  0.08644714147662
 0.59802897460199  0.08340984018719
 0.61345805448080  0.08032100267048
 0.62877403690345  0.07718221490319
 0.64396165456558  0.07405211965351
 0.65900576811962  0.07091747031929
 0.67389138126599  0.06779536974404
 0.68860365570179  0.06466881960674
 0.70312792591189  0.06152113813130
 0.71744971378790  0.05843084722740
 0.73155474306017  0.05537312792730
 0.74542895352880  0.05236149508452
 0.75905851507904  0.04942438838390
 0.77242984146754  0.04655473041334
 0.78552960386535  0.04374207789688
 0.79834474414443  0.04099596737166
 0.81086248789425  0.03833938770336
 0.82307035715560  0.03577866774019
 0.83495618285893  0.03330812506651
 0.84650811695467  0.03092808276610
 0.85771464422369  0.02863423499194
 0.86856459375589  0.02642790546385
 0.87904715008562  0.02433010852559
 0.88915186397276  0.02232718084070
 0.89886866281876  0.02041646007154
 0.90818786070720  0.01860595049577
 0.91710016805896  0.01688777577320
 0.92559670089225  0.01526749862295
 0.93366898967836  0.01374402516575
 0.94130898778427  0.01231176616745
 0.94850907949373  0.01098210766202
 0.95526208759873  0.00974739895039
 0.96156128055393  0.00859958570251
 0.96740037918680  0.00754196947247
 0.97277356295683  0.00657471256581
 0.97767547575760  0.00569774787074
 0.98210123125581  0.00491117049690
 0.98604641776213  0.00421476911434
 0.98950710262886  0.00360949196200
 0.99247983617006  0.00308314794421
 0.99496165510028  0.00264228194487
 0.99695008548844  0.00228997277120
 0.99844314522390  0.00202854780832
 0.99943934599222  0.00185166675230
 0.99993769475883  0.00187504239236
</coords>