<reference>
Airfoil "Interp_020689" created on 04-Oct-2021 12:34:15 for blade project BAR1_SNL_1_18_2021_numad
</reference>
<coords>
 1.00000000000000  0.00000000000000
 1.00000000000000 -0.00981692926689
 0.98421375798636 -0.01108185197670
 0.96843145023519 -0.01319967046664
 0.95265701002844 -0.01623968092586
 0.93689436868733 -0.01984395775525
 0.92114745459252 -0.02444169088572
 0.90542019220516 -0.02955782148412
 0.88971650108872 -0.03525791955731
 0.87404029493228 -0.04154619797461
 0.85839548057505 -0.04827130321426
 0.84278595703275 -0.05539608311240
 0.82721561452590 -0.06284416520797
 0.81168833351028 -0.07044682373809
 0.79620798370985 -0.07832487846786
 0.78077842315231 -0.08647166590551
 0.76540349720763 -0.09463029174667
 0.75008703762969 -0.10278658802734
 0.73483286160132 -0.11101562133571
 0.71964477078299 -0.11919347969363
 0.70452655036533 -0.12722997137306
 0.68948196812583 -0.13503684318436
 0.67451477348979 -0.14267757800521
 0.65962869659589 -0.15021008255854
 0.64482744736657 -0.15740895409217
 0.63011471458345 -0.16432082277434
 0.61549416496799 -0.17095733656794
 0.60096944226766 -0.17728818378114
 0.58654416634787 -0.18331940802223
 0.57222193228979 -0.18906410346939
 0.55800630949442 -0.19453431870853
 0.54390084079298 -0.19968365647707
 0.52990904156400 -0.20444695138740
 0.51603439885716 -0.20885791685716
 0.50228037052432 -0.21302732229489
 0.48865038435767 -0.21689848142415
 0.47514783723553 -0.22031806327061
 0.46177609427571 -0.22353511013195
 0.44853848799689 -0.22646233841163
 0.43543831748808 -0.22897297381631
 0.42247884758641 -0.23115584459279
 0.40966330806347 -0.23305074329690
 0.39699489282039 -0.23468025053203
 0.38447675909182 -0.23605731466986
 0.37211202665914 -0.23712041878039
 0.35990377707289 -0.23783411296688
 0.34785505288481 -0.23832268351216
 0.33596885688957 -0.23866774925302
 0.32424815137639 -0.23862553154456
 0.31269585739082 -0.23831660897589
 0.30131485400669 -0.23782142838153
 0.29010797760867 -0.23708471731122
 0.27907802118528 -0.23622732126831
 0.26822773363292 -0.23505629400198
 0.25755981907072 -0.23358312805220
 0.24707693616662 -0.23199837197523
 0.23678169747483 -0.23012160437364
 0.22667666878466 -0.22811319532323
 0.21676436848111 -0.22597188542315
 0.20704726691722 -0.22356213705702
 0.19752778579842 -0.22096127427712
 0.18820829757898 -0.21825459057151
 0.17909112487074 -0.21529738528495
 0.17017853986427 -0.21216137746622
 0.16147276376262 -0.20897092794330
 0.15297596622770 -0.20549398193952
 0.14469026483959 -0.20190295529370
 0.13661772456878 -0.19817675056176
 0.12876035726154 -0.19428650799572
 0.12112012113854 -0.19021466368094
 0.11369892030679 -0.18598637879307
 0.10649860428513 -0.18169586017730
 0.09952096754325 -0.17715889203698
 0.09276774905452 -0.17252971704384
 0.08624063186256 -0.16774062630291
 0.07994124266183 -0.16276588687986
 0.07387115139216 -0.15771232883958
 0.06803187084757 -0.15249150225160
 0.06242485629917 -0.14708516279449
 0.05705150513256 -0.14163076569778
 0.05191315649949 -0.13606065639837
 0.04701109098416 -0.13041353493529
 0.04234653028407 -0.12466151868289
 0.03792063690554 -0.11861327022654
 0.03373451387398 -0.11261825116283
 0.02978920445901 -0.10648620831781
 0.02608569191446 -0.10004314045803
 0.02262489923329 -0.09350079381928
 0.01940768891760 -0.08702040757934
 0.01643486276363 -0.08038541458849
 0.01370716166200 -0.07372108925416
 0.01122526541300 -0.06714994825161
 0.00898979255721 -0.06037312373912
 0.00700130022133 -0.05339437938987
 0.00526028397934 -0.04602106874481
 0.00376717772899 -0.03802421499839
 0.00252235358366 -0.02960721185657
 0.00152612177962 -0.02133343393527
 0.00077873059872 -0.01355535330815
 0.00028036630652 -0.00536738179694
 0.00003115310584 -0.00179146049122
 0.00000000000000  0.00000000000000
 0.00003115310584  0.00223444992686
 0.00028036630652  0.00713989170026
 0.00077873059872  0.01485758138733
 0.00152612177962  0.02224574501011
 0.00252235358366  0.03009583678528
 0.00376717772899  0.03955664639426
 0.00526028397934  0.04846303314098
 0.00700130022133  0.05647584400591
 0.00898979255721  0.06388017444009
 0.01122526541300  0.07081534428978
 0.01370716166200  0.07756560345293
 0.01643486276363  0.08441591835514
 0.01940768891760  0.09119394404122
 0.02262489923329  0.09787692667337
 0.02608569191446  0.10470714552726
 0.02978920445901  0.11128123415512
 0.03373451387398  0.11770135609580
 0.03792063690554  0.12401896465889
 0.04234653028407  0.13028259962642
 0.04701109098416  0.13644336893557
 0.05191315649949  0.14238680628407
 0.05705150513256  0.14824619452943
 0.06242485629917  0.15402037481852
 0.06803187084757  0.15964918322982
 0.07387115139216  0.16512061538257
 0.07994124266183  0.17041857352139
 0.08624063186256  0.17555710519172
 0.09276774905452  0.18049306369084
 0.09952096754325  0.18528247997322
 0.10649860428513  0.18999791195592
 0.11369892030679  0.19439051012606
 0.12112012113854  0.19874839929503
 0.12876035726154  0.20290275047129
 0.13661772456878  0.20687709831397
 0.14469026483959  0.21068281547411
 0.15297596622770  0.21428287017305
 0.16147276376262  0.21773063714578
 0.17017853986427  0.22100847660519
 0.17909112487074  0.22407821415842
 0.18820829757898  0.22694815157233
 0.19752778579842  0.22958063824248
 0.20704726691722  0.23196259285513
 0.21676436848111  0.23415411274138
 0.22667666878466  0.23614244978696
 0.23678169747483  0.23793076836739
 0.24707693616662  0.23949141123803
 0.25755981907072  0.24083264279369
 0.26822773363292  0.24199516620364
 0.27907802118528  0.24287162719579
 0.29010797760867  0.24356708662826
 0.30131485400669  0.24409593049031
 0.31269585739082  0.24434432057504
 0.32424815137639  0.24436297452981
 0.33596885688957  0.24409163445721
 0.34785505288481  0.24365398683169
 0.35990377707289  0.24313017285508
 0.37211202665914  0.24217044653910
 0.38447675909182  0.24101510034674
 0.39699489282039  0.23974653256053
 0.40966330806347  0.23820069040454
 0.42247884758641  0.23645543450757
 0.43543831748808  0.23445904488278
 0.44853848799689  0.23223590963353
 0.46177609427571  0.22982045312085
 0.47514783723553  0.22719482383679
 0.48865038435767  0.22430988253113
 0.50228037052432  0.22118647162479
 0.51603439885716  0.21787402885447
 0.52990904156400  0.21430300599624
 0.54390084079298  0.21047627538692
 0.55800630949442  0.20650078267250
 0.57222193228979  0.20242056898162
 0.58654416634787  0.19800763185084
 0.60096944226766  0.19342617419001
 0.61549416496799  0.18876509190081
 0.63011471458345  0.18388052816007
 0.64482744736657  0.17871412158109
 0.65962869659589  0.17343781075282
 0.67451477348979  0.16801566986194
 0.68948196812583  0.16230362253646
 0.70452655036533  0.15633998434243
 0.71964477078299  0.15028592593361
 0.73483286160132  0.14408895964584
 0.75008703762969  0.13765059410734
 0.76540349720763  0.13105393523753
 0.78077842315231  0.12426881288559
 0.79620798370985  0.11723505453576
 0.81168833351028  0.11012122289778
 0.82721561452590  0.10283063455121
 0.84278595703275  0.09538628096821
 0.85839548057505  0.08763565247117
 0.87404029493228  0.07978298032119
 0.88971650108872  0.07185400091234
 0.90542019220516  0.06380372174656
 0.92114745459252  0.05556764979337
 0.93689436868733  0.04731196711064
 0.95265701002844  0.03888882720463
 0.96843145023519  0.03007123745237
 0.98421375798636  0.02090820102510
 1.00000000000000  0.00981692926689
</coords>