<reference>
Airfoil "Interp_093103" created on 04-Oct-2021 12:34:15 for blade project BAR1_SNL_1_18_2021_numad
</reference>
<coords>
 1.00000000000000 -0.00000014198351
 0.99051550832710  0.00100611425665
 0.98083130280276  0.00268804868101
 0.97095002355347  0.00366048820633
 0.96087451064927  0.00411651352824
 0.95060780301966  0.00403507693854
 0.94015313717007  0.00395773987811
 0.92951394569949  0.00375269984799
 0.91869385562065  0.00317992224333
 0.90769668648361  0.00241274812531
 0.89652644830452  0.00161892138330
 0.88518733930092  0.00072651880762
 0.87368374343564 -0.00029404259955
 0.86202022777115 -0.00135446142933
 0.85020153963663 -0.00246920768448
 0.83823260361010 -0.00365703237033
 0.82611851831839 -0.00487587053651
 0.81386455305736 -0.00613444015700
 0.80147614423568 -0.00747504343221
 0.78895889164505 -0.00886902447576
 0.77631855456028 -0.01031268999525
 0.76356104767260 -0.01181741702145
 0.75069243685996 -0.01337235853342
 0.73771893479799 -0.01496000995121
 0.72464689641572 -0.01659367382171
 0.71148281420001 -0.01827491214488
 0.69823331335312 -0.02000135379414
 0.68490514680779 -0.02176491984687
 0.67150519010433 -0.02357434868730
 0.65804043613451 -0.02541847762677
 0.64451798975705 -0.02728952039176
 0.63094506228970 -0.02920230874850
 0.61732896588302 -0.03114128191689
 0.60367710778098 -0.03307733728469
 0.58999698447390 -0.03502168919621
 0.57629617574901 -0.03700015962813
 0.56258233864423 -0.03898873098493
 0.54886320131085 -0.04097480374543
 0.53514655679085 -0.04296461629854
 0.52144025671469 -0.04488886112063
 0.50775220492539 -0.04680072276701
 0.49409035103511 -0.04870617979710
 0.48046268392005 -0.05063444826991
 0.46687722516001 -0.05256501234512
 0.45334202242864 -0.05443358837097
 0.43986514284071 -0.05620600227718
 0.42645466626270 -0.05792332233230
 0.41311867859298 -0.06005192889064
 0.39986526501795 -0.06247868857440
 0.38670250325066 -0.06480371958183
 0.37363845675812 -0.06698554919684
 0.36068116798387 -0.06877091272035
 0.34783865157231 -0.06862741756387
 0.33511888760100 -0.06849750573829
 0.32252981482763 -0.06830235254313
 0.31007932395795 -0.06798391374155
 0.29777525094108 -0.06795857023672
 0.28562537029868 -0.06804372981435
 0.27363738849420 -0.06800530188996
 0.26181893734872 -0.06782337863742
 0.25017756750953 -0.06748005739000
 0.23872074197772 -0.06697921333097
 0.22745582970106 -0.06632976140595
 0.21639009923813 -0.06556547767569
 0.20553071249996 -0.06468872940427
 0.19488471857499 -0.06375595320341
 0.18445904764343 -0.06275407353419
 0.17426050498670 -0.06163649049692
 0.16429576509780 -0.06039176895417
 0.15457136589826 -0.05905027856451
 0.14509370306708 -0.05764798748070
 0.13586902448729 -0.05614078783800
 0.12690342481537 -0.05450491860833
 0.11820284017866 -0.05280806616767
 0.10977304300608 -0.05104680235113
 0.10161963699687 -0.04923066435055
 0.09374805223236 -0.04738124405539
 0.08616354043537 -0.04546882840212
 0.07887117038191 -0.04350375324826
 0.07187582346948 -0.04149459429003
 0.06518218944623 -0.03946710226033
 0.05879476230521 -0.03741097437840
 0.05271783634756 -0.03532814171877
 0.04695550241845 -0.03323837220314
 0.04151164431937 -0.03122388805151
 0.03638993540030 -0.02919122122781
 0.03159383533497 -0.02712730409582
 0.02712658708232 -0.02505023552917
 0.02299121403717 -0.02297277647917
 0.01919051737266 -0.02084018516804
 0.01572707357730 -0.01872554178329
 0.01260323218868 -0.01656636825511
 0.00982111372633 -0.01447219751252
 0.00738260782546 -0.01256187353104
 0.00528937157360 -0.01079489471614
 0.00354282805155 -0.00891874882484
 0.00214416508024 -0.00680097037140
 0.00109433417446 -0.00364449127226
 0.00039404970478 -0.00125016173744
 0.00004378826818 -0.00023063512316
 0.00000000000000  0.00000000000000
 0.00017514562098  0.00046799077594
 0.00070046326903  0.00397246209399
 0.00157559540453  0.01136278036518
 0.00279994647812  0.01506732719379
 0.00437268345536  0.01724748484141
 0.00629273655062  0.01984343113226
 0.00855880016930  0.02268704841675
 0.01116933405768  0.02565783122033
 0.01412256465921  0.02865407939427
 0.01741648667587  0.03174426568617
 0.02104886483323  0.03489480772267
 0.02501723584735  0.03807274262375
 0.02931891059176  0.04127885773063
 0.03395097646241  0.04451655327985
 0.03891029993816  0.04777421879719
 0.04419352933463  0.05105147763523
 0.04979709774844  0.05430487266982
 0.05571722618923  0.05751191462672
 0.06194992689637  0.06072725268277
 0.06849100683716  0.06392946865727
 0.07533607138310  0.06710179748490
 0.08248052816083  0.07024675132163
 0.08991959107389  0.07334951409108
 0.09764828449155  0.07641986302572
 0.10566144760052  0.07945318631572
 0.11395373891556  0.08245587736975
 0.12251964094447  0.08532345937949
 0.13135346500312  0.08812898452888
 0.14044935617571  0.09085135023365
 0.14980129841572  0.09350146294307
 0.15940311978245  0.09607627502708
 0.16924849780826  0.09856795112818
 0.17933096499124  0.10090559532360
 0.18964391440811  0.10308514826177
 0.20018060544197  0.10512051134894
 0.21093416961938  0.10694175225660
 0.22189761655111  0.10858013865657
 0.23306383997098  0.11001390454230
 0.24442562386698  0.11128582961700
 0.25597564869864  0.11232994881979
 0.26770649769496  0.11324592198286
 0.27961066322664  0.11399818087878
 0.29168055324659  0.11460191967400
 0.30390849779269  0.11504517080380
 0.31628675554629  0.11599780268491
 0.32880752044052  0.11691352678357
 0.34146292831182  0.11781136713525
 0.35424506358852  0.11870345957829
 0.36714596601003  0.11872990795988
 0.38015763737016  0.11735978584487
 0.39327204827835  0.11589314596017
 0.40648114493208  0.11429883930525
 0.41977685589430  0.11257230796987
 0.43315109886926  0.11142003007300
 0.44659578747034  0.11006696702732
 0.46010283797349  0.10859745536726
 0.47366417604986  0.10709543288990
 0.48727174347120  0.10553043933074
 0.50091750478174  0.10391305994388
 0.51459345393019  0.10210552405842
 0.52829162085564  0.10009234252744
 0.54200407802107  0.09803821808127
 0.55572294688838  0.09600366668382
 0.56944040432885  0.09390504225065
 0.58314868896289  0.09168239623514
 0.59684010742324  0.08940494173406
 0.61050704053575  0.08709383615387
 0.62414194941177  0.08471526599392
 0.63773738144675  0.08226927164124
 0.65128597621914  0.07979428928355
 0.66478047128432  0.07727338766044
 0.67821370785803  0.07469879432506
 0.69157863638415  0.07208438018697
 0.70486832198147  0.06943893690276
 0.71807594976469  0.06673220761558
 0.73119483003444  0.06397774425573
 0.74421840333184  0.06121641236609
 0.75714024535273  0.05842996037084
 0.76995407171720  0.05560618282475
 0.78265374259002  0.05277519175891
 0.79523326714784  0.04991920470157
 0.80768680788903  0.04704086268664
 0.82000868478234  0.04415516812743
 0.83219337925064  0.04126926439913
 0.84423553798622  0.03838640482067
 0.85612997659417  0.03551074125609
 0.86787168306076  0.03265433003096
 0.87945582104369  0.02981515726188
 0.89087773298142  0.02699426692293
 0.90213294301884  0.02420687703034
 0.91321715974685  0.02144463872146
 0.92412627875349  0.01871153716502
 0.93485638498464  0.01603182430925
 0.94540375491215  0.01342854673656
 0.95576485850784  0.01088515059760
 0.96593636102184  0.00855746525159
 0.97591512456380  0.00632970507165
 0.98569820948597  0.00403683929380
 0.99528287556705  0.00143880908241
</coords>