<reference>
Airfoil "Interp_003448" created on 04-Oct-2021 12:34:15 for blade project BAR1_SNL_1_18_2021_numad
</reference>
<coords>
 1.00000000000000  0.00000000000000
 0.99944898917048 -0.01496740134369
 0.99840956905952 -0.03012556546157
 0.99688254659189 -0.04519605102543
 0.99486921485925 -0.06018965998472
 0.99237135188828 -0.07511655739081
 0.98939121892529 -0.08999491597075
 0.98593155823921 -0.10481578808141
 0.98199559044494 -0.11955274678285
 0.97758701134980 -0.13417635024717
 0.97270998832620 -0.14866716096912
 0.96736915621414 -0.16300821924146
 0.96156961275760 -0.17718263531945
 0.95531691357936 -0.19118349912787
 0.94861706669919 -0.20500159245101
 0.94147652660101 -0.21861887556773
 0.93390218785469 -0.23201516125597
 0.92590137829913 -0.24517576885788
 0.91748185179304 -0.25809194532638
 0.90865178054104 -0.27075348773275
 0.89941974700230 -0.28314217730588
 0.88979473539013 -0.29524364617185
 0.87978612277078 -0.30704578966449
 0.86940366977031 -0.31853239260462
 0.85865751089885 -0.32969830496133
 0.84755814450194 -0.34053602850744
 0.83611642234872 -0.35103460706733
 0.82434353886761 -0.36118292212214
 0.81225102004002 -0.37096769481017
 0.79985071196320 -0.38037677944437
 0.78715476909363 -0.38940139789771
 0.77417564218266 -0.39803297003698
 0.76092606591635 -0.40626682553004
 0.74741904627193 -0.41409872042122
 0.73366784760335 -0.42151557967282
 0.71968597946888 -0.42850329385287
 0.70548718321379 -0.43506502394795
 0.69108541832158 -0.44119387455732
 0.67649484854724 -0.44687696804557
 0.66172982784644 -0.45211702590144
 0.64680488611456 -0.45690484148405
 0.63173471474993 -0.46123511745657
 0.61653415205549 -0.46510508429361
 0.60121816849348 -0.46851164159294
 0.58580185180788 -0.47145191979838
 0.57030039202936 -0.47392436324370
 0.55472906637772 -0.47592492734816
 0.53910322407683 -0.47744307150844
 0.52343827109720 -0.47848577264516
 0.50774965484141 -0.47905714305704
 0.49205284878759 -0.47914992224717
 0.47636333710634 -0.47876557533370
 0.46069659926628 -0.47790440064782
 0.44506809464378 -0.47656875800088
 0.42949324715191 -0.47475971626407
 0.41398742990420 -0.47247092180683
 0.39856594992831 -0.46971385924880
 0.38324403294491 -0.46649474179917
 0.36803680822695 -0.46281188128301
 0.35295929355429 -0.45866923428036
 0.33802638027890 -0.45407124759761
 0.32325281851521 -0.44901774631822
 0.30865320247064 -0.44351607985816
 0.29424195593079 -0.43757586943520
 0.28003331791371 -0.43119956730685
 0.26604132850770 -0.42439823201328
 0.25227981490654 -0.41717402817575
 0.23876237765626 -0.40953249572358
 0.22550237712705 -0.40148488132600
 0.21251292022375 -0.39304136941602
 0.19980684734830 -0.38421097132390
 0.18739671962695 -0.37499271156931
 0.17529480641518 -0.36540011429191
 0.16351307309255 -0.35544085694096
 0.15206316915979 -0.34512710677535
 0.14095641664999 -0.33447453687980
 0.13020379886529 -0.32349212423336
 0.11981594945049 -0.31218885734985
 0.10980314181435 -0.30057536876230
 0.10017527890908 -0.28865889618492
 0.09094188337835 -0.27645319994855
 0.08211208808348 -0.26397126465075
 0.07369462701737 -0.25122595712198
 0.06569782661512 -0.23824007830599
 0.05812959747013 -0.22501390116712
 0.05099742646373 -0.21155316031461
 0.04430836931640 -0.19788304804715
 0.03806904356792 -0.18402749791906
 0.03228562199332 -0.16998818377037
 0.02696382646141 -0.15577687595244
 0.02210892224185 -0.14140937939911
 0.01772571276646 -0.12688835835157
 0.01381853485009 -0.11223271559275
 0.01039125437563 -0.09746264350705
 0.00744726244762 -0.08260145500696
 0.00498947201826 -0.06767854122427
 0.00302031498906 -0.05266611760001
 0.00154173979123 -0.03756725200068
 0.00055520944702 -0.02243116496548
 0.00006170011404 -0.00742335891176
 0.00000000000000  0.00000000000000
 0.00024678519229  0.01512015046576
 0.00098689657793  0.03016676644589
 0.00221960182614  0.04529168660142
 0.00394368119528  0.06035046737363
 0.00615742874644  0.07533404593805
 0.00885865404082  0.09022799164453
 0.01204468431912  0.10507181925359
 0.01571236716088  0.11979653414204
 0.01985807362103  0.13439193972872
 0.02447770184051  0.14884135367617
 0.02956668112751  0.16313435548319
 0.03511997650505  0.17726584484008
 0.04113209372055  0.19121551203741
 0.04759708471228  0.20498589856226
 0.05450855352737  0.21855804953436
 0.06185966268527  0.23190743272567
 0.06964313998062  0.24501952991113
 0.07785128571842  0.25789087559369
 0.08647598037461  0.27051374305394
 0.09550869267415  0.28286592926334
 0.10494048807876  0.29493395891002
 0.11476203767573  0.30670675665156
 0.12496362745903  0.31817116306165
 0.13553516799341  0.32931988558740
 0.14646620445191  0.34014318388927
 0.15774592701673  0.35063187447880
 0.16936318163314  0.36077335017935
 0.18130648110572  0.37055298913660
 0.19356401652579  0.37996367145101
 0.20612366901882  0.38899142753739
 0.21897302179988  0.39763065719134
 0.23209937252533  0.40588008127954
 0.24548974592835  0.41372712783845
 0.25913090672567  0.42116343115287
 0.27300937278276  0.42817719014060
 0.28711142852432  0.43476646781319
 0.30142313857661  0.44092648624054
 0.31593036162820  0.44664862748560
 0.33061876449517  0.45192575965681
 0.34547383637691  0.45675079281583
 0.36048090328811  0.46111846982403
 0.37562514265279  0.46502742405844
 0.39089159804568  0.46847520696934
 0.40626519406624  0.47146006112722
 0.42173075133069  0.47397936477014
 0.43727300156689  0.47602351695030
 0.45287660279717  0.47759033385466
 0.46852615459396  0.47868305435630
 0.48420621339299  0.47930127502103
 0.49990130784881  0.47944449069771
 0.51559595421741  0.47910723976804
 0.53127467175047  0.47829429418105
 0.54692199808604  0.47700886990736
 0.56252250462030  0.47524461762348
 0.57806081184493  0.47300655821019
 0.59352160463509  0.47029700083679
 0.60888964747254  0.46711838210946
 0.62414979958880  0.46348046120197
 0.63928703001337  0.45938157514900
 0.65428643251189  0.45482390742647
 0.66913324039942  0.44981166833717
 0.68381284121405  0.44434395126383
 0.69831079123632  0.43843274556290
 0.71261282983983  0.43208840208155
 0.72670489365893  0.42531510694010
 0.74057313055918  0.41811524154073
 0.75420391339685  0.41049636120802
 0.76758385355368  0.40246979425456
 0.78069981423335  0.39404385602186
 0.79353892350653  0.38522511327516
 0.80608858709150  0.37602264218598
 0.81833650085752  0.36644078813191
 0.83027066303865  0.35648741657555
 0.84187938614566  0.34618167268303
 0.85315130856443  0.33553436269960
 0.86407540582898  0.32455357527739
 0.87464100155825  0.31325001621488
 0.88483777804537  0.30163381756745
 0.89465578648923  0.28971097656696
 0.90408545685791  0.27749253102095
 0.91311760737429  0.26499635374453
 0.92174345361429  0.25224203468311
 0.92995461720886  0.23924015386925
 0.93774313414082  0.22599522012723
 0.94510146262849  0.21252115320006
 0.95202249058819  0.19883424303501
 0.95849954266818  0.18495492738940
 0.96452638684702  0.17089100036948
 0.97009724058989  0.15665355210632
 0.97520677655661  0.14224986872935
 0.97985012785578  0.12769576422746
 0.98402289283976  0.11301123853548
 0.98772113943580  0.09822232199489
 0.99094140900891  0.08334340236653
 0.99368071975272  0.06838646489236
 0.99593656960495  0.05334087741912
 0.99770693868452  0.03817387275386
 0.99899029124804  0.02292618936257
 0.99978557716358  0.00763664802947
</coords>