<reference>
Airfoil "Interp_034482" created on 04-Oct-2021 12:34:15 for blade project BAR1_SNL_1_18_2021_numad
</reference>
<coords>
 1.00000000000000 -0.00000000000000
 0.98882241613482 -0.00453206431052
 0.97749983258695 -0.00459937343243
 0.96603523691517 -0.00447131017285
 0.95443176237612 -0.00426569470410
 0.94269268686829 -0.00434365941606
 0.93082143173024 -0.00394709647968
 0.91882156039383 -0.00398202443714
 0.90669677689312 -0.00437735230574
 0.89445092423018 -0.00516744560886
 0.88208798259866 -0.00633086926863
 0.86961206746648 -0.00785797822576
 0.85702742751918 -0.00971199428222
 0.84433844246518 -0.01187348290883
 0.83154962070489 -0.01432556929646
 0.81866559686536 -0.01707014562772
 0.80569112920246 -0.02011701717654
 0.79263109687264 -0.02345145089063
 0.77949049707653 -0.02704351200417
 0.76627444207670 -0.03086523716996
 0.75298815609207 -0.03489538714202
 0.73963697207155 -0.03913752546962
 0.72622632834969 -0.04325321760635
 0.71276176518705 -0.04732196044708
 0.69924892119843 -0.05164265534723
 0.68569352967189 -0.05614521755412
 0.67210141478180 -0.06077432563935
 0.65847848769923 -0.06549254549889
 0.64483074260306 -0.07027779273326
 0.63116425259527 -0.07509688626248
 0.61748516552415 -0.07994386341582
 0.60379969971891 -0.08482190267835
 0.59011413963968 -0.08975352837657
 0.57643483144668 -0.09465700716072
 0.56276817849251 -0.09952574452224
 0.54912063674163 -0.10437949192374
 0.53549871012116 -0.10914760303880
 0.52190894580714 -0.11384136521009
 0.50835792945054 -0.11847460539524
 0.49485228034736 -0.12286275870267
 0.48139864655719 -0.12709068798380
 0.46800369997458 -0.13116923784276
 0.45467413135790 -0.13509379000539
 0.44141664532004 -0.13884563513248
 0.42823795528563 -0.14241335420951
 0.41514477841934 -0.14578921468174
 0.40214383053003 -0.14894220818631
 0.38924182095523 -0.15187284087885
 0.37644544743088 -0.15456680275098
 0.36376139095084 -0.15701701267269
 0.35119631062115 -0.15921408005999
 0.33875683851350 -0.16112081738369
 0.32644957452299 -0.16275337228152
 0.31428108123466 -0.16423189982631
 0.30225787880371 -0.16560212336571
 0.29038643985412 -0.16664082375737
 0.27867318440043 -0.16737598098229
 0.26712447479725 -0.16781472451939
 0.25574661072151 -0.16798948043756
 0.24454582419173 -0.16790041697127
 0.23352827462933 -0.16753603129024
 0.22270004396626 -0.16691508643890
 0.21206713180377 -0.16604871863944
 0.20163545062671 -0.16492007478250
 0.19141082107778 -0.16355460814538
 0.18139896729635 -0.16193878683353
 0.17160551232602 -0.16007277975105
 0.16203597359529 -0.15797379579821
 0.15269575847558 -0.15563711090697
 0.14359015992077 -0.15306892764235
 0.13472435219235 -0.15028687449685
 0.12610338667414 -0.14726996028319
 0.11773218778058 -0.14404279986132
 0.10961554896240 -0.14060511871832
 0.10175812881342 -0.13691775133896
 0.09416444728215 -0.13295888689341
 0.08683888199176 -0.12882369969400
 0.07978566467183 -0.12452096936573
 0.07300887770537 -0.12004605392835
 0.06651245079419 -0.11542376882472
 0.06030015774585 -0.11066038115526
 0.05437561338529 -0.10576007468686
 0.04874227059387 -0.10076434669650
 0.04340341747878 -0.09564028835686
 0.03836217467539 -0.09039089072278
 0.03362149278516 -0.08501614401757
 0.02918414995142 -0.07954644439531
 0.02505274957543 -0.07395522125348
 0.02122971817477 -0.06828228802545
 0.01771730338619 -0.06258955471719
 0.01451757211469 -0.05686878426769
 0.01163240883064 -0.05117078784282
 0.00906351401658 -0.04540538049900
 0.00681240276511 -0.03956192723394
 0.00488040352915 -0.03342659183632
 0.00326865702595 -0.02660660448252
 0.00197811529562 -0.01990487681533
 0.00100954091528 -0.01348901121095
 0.00036350636942 -0.00584421219770
 0.00004039357726 -0.00081669383238
 0.00000000000000  0.00000000000000
 0.00016156833784  0.00222318905137
 0.00064617782225  0.00897422842587
 0.00145354194482  0.01566977907066
 0.00258318345443  0.02206852777235
 0.00403443475136  0.02978780511325
 0.00580643843852  0.03723918512794
 0.00789814802925  0.04383806587588
 0.01030832881111  0.05001553580074
 0.01303555886469  0.05594308902750
 0.01607823023666  0.06193540579873
 0.01943455026582  0.06789328982722
 0.02310254306096  0.07385665158684
 0.02708005112903  0.07975148166356
 0.03136473715234  0.08553745495910
 0.03595408591273  0.09111466308189
 0.04084540636128  0.09659714240860
 0.04603583383126  0.10196515445637
 0.05152233239258  0.10723032031393
 0.05730169734515  0.11236448928082
 0.06337055784912  0.11733505618868
 0.06972537968932  0.12216203308121
 0.07636246817134  0.12680680277852
 0.08327797114657  0.13128016927053
 0.09046788216333  0.13556054261911
 0.09792804374101  0.13963444301112
 0.10565415076432  0.14349925746081
 0.11364175399433  0.14706704470222
 0.12188626369302  0.15038373118827
 0.13038295335792  0.15343660875435
 0.13912696356341  0.15624606410537
 0.14811330590487  0.15880643073571
 0.15733686704225  0.16111395505605
 0.16679241283902  0.16317759872299
 0.17647459259272  0.16498798646756
 0.18637794335314  0.16654434003042
 0.19649689432405  0.16785393971854
 0.20682577134439  0.16890488195191
 0.21735880144466  0.16970339091435
 0.22809011747430  0.17028318496782
 0.23901376279571  0.17061794496456
 0.25012369604047  0.17073250266676
 0.26141379592346  0.17062726848572
 0.27287786611015  0.17031240960385
 0.28450964013275  0.16979523462910
 0.29630278635047  0.16910477239009
 0.30825091294936  0.16826811838041
 0.32034757297702  0.16727295491974
 0.33258626940751  0.16581535452715
 0.34496046023177  0.16421908593354
 0.35746356356881  0.16246915953123
 0.37008896279288  0.16056850856671
 0.38283001167195  0.15853011591360
 0.39568003951271  0.15635163010540
 0.40863235630724  0.15404203059500
 0.42168025787678  0.15160223040358
 0.43481703100766  0.14903973750129
 0.44803595857480  0.14637128886585
 0.46133032464796  0.14359129630654
 0.47469341957613  0.14070571286307
 0.48811854504531  0.13772588471595
 0.50159901910516  0.13465739697220
 0.51512818115975  0.13160578718909
 0.52869939691808  0.12852958243188
 0.54230606329958  0.12536430144861
 0.55594161329040  0.12216065327610
 0.56959952074589  0.11891595373210
 0.58327330513497  0.11561479771040
 0.59695653622216  0.11228763913453
 0.61064283868294  0.10892415314989
 0.62432589664838  0.10551937771361
 0.63799945817490  0.10206486625813
 0.65165733963523  0.09858745422677
 0.66529343002648  0.09510711919549
 0.67890169519181  0.09158487731204
 0.69247618195156  0.08801680162963
 0.70601102214052  0.08440255125961
 0.71950043654761  0.08070475261129
 0.73293873875458  0.07685039329746
 0.74632033887037  0.07364694606905
 0.75963974715791  0.07041648339450
 0.77289157755015  0.06721345760875
 0.78607055105243  0.06404693682172
 0.79917149902820  0.06091754907622
 0.81218936636531  0.05783199618446
 0.82511921452025  0.05477613615366
 0.83795622443776  0.05175549173212
 0.85069569934347  0.04876227332118
 0.86333306740714  0.04579029289203
 0.87586388427454  0.04284294491676
 0.88828383546581  0.03991868121392
 0.90058873863847  0.03701180865501
 0.91277454571332  0.03411561971757
 0.92483734486161  0.03121169883918
 0.93677336235209  0.02833379025476
 0.94857896425644  0.02551242613160
 0.96025065801207  0.02264729625048
 0.97178509384114  0.01979666706978
 0.98317906602497  0.01573213108221
 0.99442951403297  0.00839763712280
</coords>