<reference>
Airfoil "Interp_027586" created on 04-Oct-2021 12:34:15 for blade project BAR1_SNL_1_18_2021_numad
</reference>
<coords>
 1.00000000000000  0.00000000000000
 1.00000000000000 -0.00085294479999
 0.98421375798636 -0.00296689968643
 0.96843145023519 -0.00417373668397
 0.95265701002844 -0.00526032512269
 0.93689436868733 -0.00622128920706
 0.92114745459252 -0.00771430130466
 0.90542019220516 -0.00877040266513
 0.88971650108872 -0.01048627798202
 0.87404029493228 -0.01282921975969
 0.85839548057505 -0.01581105790663
 0.84278595703275 -0.01937550346374
 0.82721561452590 -0.02347079222588
 0.81168833351028 -0.02801190876635
 0.79620798370985 -0.03296546587857
 0.78077842315231 -0.03829737544562
 0.76540349720763 -0.04395206727359
 0.75008703762969 -0.04991155052101
 0.73483286160132 -0.05615221600616
 0.71964477078299 -0.06260812699883
 0.70452655036533 -0.06921281026786
 0.68948196812583 -0.07592362247818
 0.67451477348979 -0.08269401958641
 0.65962869659589 -0.08964301796573
 0.64482744736657 -0.09658999605051
 0.63011471458345 -0.10336418059887
 0.61549416496799 -0.10996192541992
 0.60096944226766 -0.11636495613502
 0.58654416634787 -0.12255126593026
 0.57222193228979 -0.12851668208199
 0.55800630949442 -0.13426071064971
 0.54390084079298 -0.13975190673703
 0.52990904156400 -0.14496336263426
 0.51603439885716 -0.14990464352146
 0.50228037052432 -0.15459328285053
 0.48865038435767 -0.15900950558796
 0.47514783723553 -0.16311955871687
 0.46177609427571 -0.16696969648486
 0.44853848799689 -0.17053346149556
 0.43543831748808 -0.17377044838699
 0.42247884758641 -0.17674795669620
 0.40966330806347 -0.17942347724502
 0.39699489282039 -0.18179912332559
 0.38447675909182 -0.18388275339650
 0.37211202665914 -0.18567681318002
 0.35990377707289 -0.18718356069146
 0.34785505288481 -0.18841733237595
 0.33596885688957 -0.18939745427175
 0.32424815137639 -0.19010303891195
 0.31269585739082 -0.19055068136466
 0.30131485400669 -0.19075998082667
 0.29010797760867 -0.19072829512500
 0.27907802118528 -0.19045446485524
 0.26822773363292 -0.18994820259280
 0.25755981907072 -0.18917135009161
 0.24707693616662 -0.18813582115021
 0.23678169747483 -0.18692137741927
 0.22667666878466 -0.18553089848307
 0.21676436848111 -0.18396133835364
 0.20704726691722 -0.18219803406912
 0.19752778579842 -0.18025717732410
 0.18820829757898 -0.17815730030262
 0.17909112487074 -0.17587814821192
 0.17017853986427 -0.17344178983300
 0.16147276376262 -0.17087561916541
 0.15297596622770 -0.16812785922906
 0.14469026483959 -0.16523325340597
 0.13661772456878 -0.16220497998666
 0.12876035726154 -0.15903567093665
 0.12112012113854 -0.15572992382738
 0.11369892030679 -0.15230660052137
 0.10649860428513 -0.14877525709235
 0.09952096754325 -0.14512882387147
 0.09276774905452 -0.14137258820098
 0.08624063186256 -0.13750048117735
 0.07994124266183 -0.13355082951741
 0.07387115139216 -0.12957155423660
 0.06803187084757 -0.12546016647913
 0.06242485629917 -0.12121113916037
 0.05705150513256 -0.11685096194506
 0.05191315649949 -0.11237380889058
 0.04701109098416 -0.10779001929192
 0.04234653028407 -0.10311591300121
 0.03792063690554 -0.09833023859311
 0.03373451387398 -0.09346990655017
 0.02978920445901 -0.08850885167555
 0.02608569191446 -0.08342695901167
 0.02262489923329 -0.07823169526716
 0.01940768891760 -0.07293697391381
 0.01643486276363 -0.06752567649707
 0.01370716166200 -0.06210434779590
 0.01122526541300 -0.05667688006433
 0.00898979255721 -0.05129044915430
 0.00700130022133 -0.04575803416572
 0.00526028397934 -0.03993081411945
 0.00376717772899 -0.03345245951057
 0.00252235358366 -0.02602495526969
 0.00152612177962 -0.01908628113577
 0.00077873059872 -0.01244206382495
 0.00028036630652 -0.00486021568742
 0.00003115310584 -0.00083839098246
 0.00000000000000  0.00000000000000
 0.00003115310584  0.00068658360155
 0.00028036630652  0.00437416520148
 0.00077873059872  0.01105320258354
 0.00152612177962  0.01755690103288
 0.00252235358366  0.02464979922649
 0.00376717772899  0.03345406608751
 0.00526028397934  0.04088563997496
 0.00700130022133  0.04731759180260
 0.00898979255721  0.05309266086857
 0.01122526541300  0.05874254860948
 0.01370716166200  0.06442826832075
 0.01643486276363  0.07014478304188
 0.01940768891760  0.07584759549483
 0.02262489923329  0.08143538799046
 0.02608569191446  0.08699518560810
 0.02978920445901  0.09246835528773
 0.03373451387398  0.09783003557592
 0.03792063690554  0.10308035570666
 0.04234653028407  0.10822426919581
 0.04701109098416  0.11326990587313
 0.05191315649949  0.11817386667574
 0.05705150513256  0.12295460353939
 0.06242485629917  0.12761094833091
 0.06803187084757  0.13210954873708
 0.07387115139216  0.13645880967776
 0.07994124266183  0.14065864270204
 0.08624063186256  0.14479634809608
 0.09276774905452  0.14883494719137
 0.09952096754325  0.15272843490824
 0.10649860428513  0.15648846317489
 0.11369892030679  0.16008910522705
 0.12112012113854  0.16356123101721
 0.12876035726154  0.16687409688852
 0.13661772456878  0.17002922081198
 0.14469026483959  0.17301427706989
 0.15297596622770  0.17581310560156
 0.16147276376262  0.17842646044527
 0.17017853986427  0.18086194563011
 0.17909112487074  0.18309556958423
 0.18820829757898  0.18513102407622
 0.19752778579842  0.18696107961287
 0.20704726691722  0.18857201112986
 0.21676436848111  0.18997767515428
 0.22667666878466  0.19118341302829
 0.23678169747483  0.19217497773240
 0.24707693616662  0.19294500611555
 0.25755981907072  0.19347392801189
 0.26822773363292  0.19384229750299
 0.27907802118528  0.19405983113923
 0.29010797760867  0.19408551177199
 0.30131485400669  0.19392034915804
 0.31269585739082  0.19355492260728
 0.32424815137639  0.19299120791944
 0.33596885688957  0.19221961093129
 0.34785505288481  0.19125992782772
 0.35990377707289  0.19013189643744
 0.37211202665914  0.18878950899866
 0.38447675909182  0.18726212857270
 0.39699489282039  0.18555712107192
 0.40966330806347  0.18365702523835
 0.42247884758641  0.18158531489596
 0.43543831748808  0.17932097938405
 0.44853848799689  0.17681873173896
 0.46177609427571  0.17416420398162
 0.47514783723553  0.17134031226624
 0.48865038435767  0.16833856282363
 0.50228037052432  0.16519050912691
 0.51603439885716  0.16190027237543
 0.52990904156400  0.15845507883492
 0.54390084079298  0.15487477492985
 0.55800630949442  0.15118569249163
 0.57222193228979  0.14739354171479
 0.58654416634787  0.14347158917357
 0.60096944226766  0.13946291265049
 0.61549416496799  0.13538752761168
 0.63011471458345  0.13123344644381
 0.64482744736657  0.12702274371701
 0.65962869659589  0.12281622565650
 0.67451477348979  0.11847307943163
 0.68948196812583  0.11385529048308
 0.70452655036533  0.10914876229905
 0.71964477078299  0.10438029900890
 0.73483286160132  0.09953423702573
 0.75008703762969  0.09462370610160
 0.76540349720763  0.08966445450771
 0.78077842315231  0.08464893981693
 0.79620798370985  0.07958381514638
 0.81168833351028  0.07449629912065
 0.82721561452590  0.06938264160940
 0.84278595703275  0.06425040618848
 0.85839548057505  0.05910146432949
 0.87404029493228  0.05396431863525
 0.88971650108872  0.04883939818765
 0.90542019220516  0.04373802680017
 0.92114745459252  0.03870658429353
 0.93689436868733  0.03365994182858
 0.95265701002844  0.02859346565467
 0.96843145023519  0.02276652313491
 0.98421375798636  0.01497020059738
 1.00000000000000  0.00085294479999
</coords>