<reference>
Airfoil "Interp_017241" created on 04-Oct-2021 12:34:15 for blade project BAR1_SNL_1_18_2021_numad
</reference>
<coords>
 1.00000000000000  0.00000000000000
 0.98492058225765 -0.01225158504062
 0.96982225696051 -0.01696563839290
 0.95470881234611 -0.02181384657905
 0.93958405733749 -0.02720467884728
 0.92445182055167 -0.03373172829629
 0.90931594928646 -0.04105848641310
 0.89418030848591 -0.04896117273103
 0.87904877968453 -0.05738111693237
 0.86392525993091 -0.06610919170375
 0.84881366069095 -0.07512715663184
 0.83371790673107 -0.08438119100875
 0.81864193498201 -0.09366860675126
 0.80358969338341 -0.10314766276963
 0.78856513970985 -0.11280844099052
 0.77357224037869 -0.12237367752966
 0.75861496924029 -0.13182690800304
 0.74369730635108 -0.14125907658039
 0.72882323673005 -0.15054577314663
 0.71399674909925 -0.15959820819644
 0.69922183460881 -0.16832894420737
 0.68450248554710 -0.17681874788302
 0.66984269403672 -0.18511939592793
 0.65524645071685 -0.19300840844534
 0.64071774341262 -0.20056263825328
 0.62626055579228 -0.20779209279389
 0.61187886601274 -0.21466879543975
 0.59757664535414 -0.22121006068195
 0.58335785684434 -0.22742684783195
 0.56922645387390 -0.23332415151315
 0.55518637880233 -0.23886759612444
 0.54124156155639 -0.24398599123577
 0.52739591822121 -0.24870720855761
 0.51365334962495 -0.25315380859013
 0.50001773991789 -0.25726639578130
 0.48649295514663 -0.26086388421656
 0.47308284182435 -0.26423079170948
 0.45979122549779 -0.26726551419079
 0.44662190931196 -0.26979181051102
 0.43357867257325 -0.27206674242327
 0.42066526931190 -0.27404568846729
 0.40788542684464 -0.27573071089099
 0.39524284433836 -0.27712885527660
 0.38274119137565 -0.27818942891967
 0.37038410652315 -0.27886302564392
 0.35817519590349 -0.27925947944116
 0.34611803177179 -0.27950824881544
 0.33421615109751 -0.27932924471558
 0.32247305415257 -0.27884266169124
 0.31089220310665 -0.27814405777107
 0.29947702063051 -0.27716396133345
 0.28823088850819 -0.27605679455407
 0.27715714625904 -0.27459878550797
 0.26625908977039 -0.27279196295981
 0.25553996994178 -0.27087040736670
 0.24500299134160 -0.26861205699706
 0.23465131087697 -0.26619911777640
 0.22448803647782 -0.26363582836638
 0.21451622579591 -0.26076681835314
 0.20473888491975 -0.25768174092237
 0.19515896710612 -0.25446864113331
 0.18577937152920 -0.25096488018039
 0.17660294204800 -0.24725468208109
 0.16763246599293 -0.24347692855755
 0.15887067297236 -0.23937712672422
 0.15032023369998 -0.23515313788214
 0.14198375884360 -0.23076999679256
 0.13386379789636 -0.22619998809614
 0.12596283807096 -0.22141932614309
 0.11828330321772 -0.21645059761948
 0.11082755276719 -0.21142753567180
 0.10359788069803 -0.20609199737002
 0.09659651453078 -0.20066338733615
 0.08982561434843 -0.19505437703539
 0.08328727184411 -0.18921825028258
 0.07698350939691 -0.18327877402883
 0.07091627917618 -0.17714642251178
 0.06508746227509 -0.17080460887904
 0.05949886787398 -0.16441262462294
 0.05415223243413 -0.15789814760958
 0.04904921892236 -0.15130514556828
 0.04419141606718 -0.14457726207153
 0.03958033764695 -0.13750858430504
 0.03521742181041 -0.13051238631611
 0.03110403043022 -0.12336328276857
 0.02724144848990 -0.11585201317271
 0.02363088350457 -0.10820828282059
 0.02027346497590 -0.10069170506878
 0.01717024388168 -0.09300885801037
 0.01432219220032 -0.08527235367088
 0.01173020247067 -0.07765007316608
 0.00939508738742 -0.06972794899332
 0.00731757943235 -0.06152404789150
 0.00549833054178 -0.05290485521298
 0.00393791181029 -0.04367749120589
 0.00263681323108 -0.03433267996623
 0.00159544347311 -0.02505045604007
 0.00081412969507 -0.01625753009272
 0.00029311739642 -0.00717524046609
 0.00003257030566 -0.00268170961666
 0.00000000000000  0.00000000000000
 0.00013027866350  0.00672101706229
 0.00052107371023  0.01269466863630
 0.00117226232750  0.02136396510574
 0.00208363988970  0.03023578619861
 0.00325492005144  0.04044201181970
 0.00468573487797  0.05004234107446
 0.00637563501265  0.06007902764658
 0.00832408988141  0.06893633949414
 0.01053048793407  0.07722580410826
 0.01299413692226  0.08514801472674
 0.01571426421393  0.09294401057241
 0.01869001714396  0.10087028254597
 0.02192046340090  0.10855659713446
 0.02540459144942  0.11642238963185
 0.02914131098816  0.12420307501930
 0.03312945344275  0.13170437429505
 0.03736777249361  0.13906141823659
 0.04185494463810  0.14632766116548
 0.04658956978678  0.15356271024531
 0.05157017189324  0.16054271316066
 0.05679519961708  0.16735603379399
 0.06226302701961  0.17411742984810
 0.06797195429185  0.18073922343218
 0.07392020851411  0.18721364971906
 0.08010594444695  0.19347836753481
 0.08652724535264  0.19956614718352
 0.09318212384682  0.20544511668753
 0.10006852277962  0.21107554359712
 0.10718431614568  0.21665954712910
 0.11452731002251  0.22196361885868
 0.12209524353635  0.22704602962251
 0.12988578985522  0.23206317138411
 0.13789655720805  0.23679270642167
 0.14612508992961  0.24136987262039
 0.15456886953025  0.24570641866985
 0.16322531578978  0.24986380672041
 0.17209178787497  0.25384021875512
 0.18116558547951  0.25759942284410
 0.19044394998612  0.26114201987035
 0.19992406564964  0.26443728998626
 0.20960306080057  0.26744267177459
 0.21947800906822  0.27021697567013
 0.22954593062244  0.27276605512964
 0.23980379343349  0.27508192971767
 0.25024851454889  0.27718442417456
 0.26087696138652  0.27901176111926
 0.27168595304322  0.28063588976210
 0.28267226161794  0.28199778054636
 0.29383261354851  0.28303048314001
 0.30516369096138  0.28392406153667
 0.31666213303324  0.28454494996263
 0.32832453736383  0.28487089425489
 0.34014746135888  0.28492088235590
 0.35212742362247  0.28463914596424
 0.36426090535785  0.28428598376957
 0.37654435177584  0.28362787354977
 0.38897417350995  0.28252357620261
 0.40154674803729  0.28132095127768
 0.41425842110449  0.27985533675605
 0.42710550815767  0.27811015314804
 0.44008429577556  0.27611923884723
 0.45319104310507  0.27372885201137
 0.46642198329816  0.27107882367539
 0.47977332494948  0.26821867400192
 0.49324125353361  0.26508448846743
 0.50682193284131  0.26163620446865
 0.52051150641374  0.25794037911406
 0.53430609897398  0.25397882661030
 0.54820181785486  0.24969099549244
 0.56219475442246  0.24512954637402
 0.57628098549430  0.24043580332124
 0.59045657475156  0.23546291070344
 0.60471757414448  0.23012283764477
 0.61906002529016  0.22466982667974
 0.63347996086204  0.21901269223815
 0.64797340597026  0.21301828124983
 0.66253637953227  0.20675375192464
 0.67716489563275  0.20036246082034
 0.69185496487244  0.19370670359320
 0.70660259570492  0.18671317425555
 0.72140379576085  0.17952008781521
 0.73625457315883  0.17221249185956
 0.75115093780247  0.16467850900078
 0.76608890266283  0.15687762554650
 0.78106448504574  0.14894494210254
 0.79607370784338  0.14070018512048
 0.81111260076961  0.13232067569400
 0.82617720157831  0.12376399235571
 0.84126355726448  0.11506340766624
 0.85636772524733  0.10605103137233
 0.87148577453505  0.09682946192653
 0.88661378687064  0.08744648481084
 0.90174785785852  0.07811744906858
 0.91688409807130  0.06839383766332
 0.93201863413643  0.05843958491888
 0.94714760980233  0.04835811479304
 0.96226718698358  0.03754624943323
 0.97737354678487  0.02648034969885
 0.99246289050334  0.01541697432842
</coords>