<reference>
Airfoil "Interp_096551" created on 04-Oct-2021 12:34:15 for blade project BAR1_SNL_1_18_2021_numad
</reference>
<coords>
 1.00000000000000 -0.00000003453278
 0.98750351652222  0.00173078459721
 0.97490465507859  0.00363490210458
 0.96220667387367  0.00469694117597
 0.94941293455314  0.00506612435238
 0.93652690116963  0.00494616855726
 0.92355213904463  0.00480793289855
 0.91049231352728  0.00450707977940
 0.89735118865042  0.00371349433042
 0.88413262568495  0.00265422530239
 0.87084058159314  0.00155369411024
 0.85747910738190  0.00031600362464
 0.84405234635727 -0.00109683845251
 0.83056453228101 -0.00256843161823
 0.81701998743073 -0.00411756719502
 0.80342312056495 -0.00576871338871
 0.78977842479444 -0.00746532548974
 0.77609047536147 -0.00920528805831
 0.76236392732858 -0.01102520290976
 0.74860351317868 -0.01288669715425
 0.73481404032823 -0.01477947690525
 0.72100038855547 -0.01671308558690
 0.70716750734574 -0.01867390500418
 0.69332041315591 -0.02063492339299
 0.67946418660013 -0.02260984931932
 0.66560396955918 -0.02459599551705
 0.65174496221580 -0.02658205699948
 0.63789242001827 -0.02856064169987
 0.62405165057490 -0.03054168753295
 0.61022801048189 -0.03250590159096
 0.59642690208722 -0.03444334397728
 0.58265377019330 -0.03636857583278
 0.56891409870111 -0.03826720804240
 0.55521340719862 -0.04010955476978
 0.54155724749657 -0.04190464316084
 0.52795120011423 -0.04367908346645
 0.51440087071848 -0.04540258658265
 0.50091188651902 -0.04706018260161
 0.48748989262294 -0.04866864843589
 0.47414054835168 -0.05022142638489
 0.46086952352376 -0.05169316593894
 0.44768249470622 -0.05309460348082
 0.43458514143838 -0.05446953550766
 0.42158314243082 -0.05580285128280
 0.40868217174332 -0.05701093941917
 0.39588789494475 -0.05807842007175
 0.38320596525854 -0.05907071168865
 0.37064201969696 -0.06031728171996
 0.35820167518775 -0.06173594697439
 0.34589052469640 -0.06304660241601
 0.33371413334766 -0.06422275767670
 0.32167803454957 -0.06512794033472
 0.30978772612355 -0.06485290859017
 0.29804866644405 -0.06455738058110
 0.28646627059102 -0.06419767468345
 0.27504590651885 -0.06371035038323
 0.26379289124506 -0.06338944724157
 0.25271248706221 -0.06313052104921
 0.24180989777642 -0.06278710371785
 0.23109026497594 -0.06234712640546
 0.22055866433300 -0.06178001434025
 0.21022010194235 -0.06109347979041
 0.20007951069987 -0.06030450286439
 0.19014174672430 -0.05943913959445
 0.18041158582557 -0.05850507431249
 0.17089372002274 -0.05752928579532
 0.16159275411482 -0.05650032024867
 0.15251320230749 -0.05538998017723
 0.14365948489881 -0.05419458369748
 0.13503592502703 -0.05293597820504
 0.12664674548322 -0.05163781284419
 0.11849606559190 -0.05026173309917
 0.11058789816225 -0.04878266823423
 0.10292614651285 -0.04725127631871
 0.09551460157264 -0.04567617839573
 0.08835693906058 -0.04406305592815
 0.08145671674688 -0.04242140225233
 0.07481737179797 -0.04073074028346
 0.06844221820789 -0.03899554709616
 0.06233444431830 -0.03722501682532
 0.05649711042944 -0.03543823740356
 0.05093314650426 -0.03362703428679
 0.04564534996765 -0.03179237543177
 0.04063638360302 -0.02994806112153
 0.03590877354801 -0.02815109847016
 0.03146490739115 -0.02633052944914
 0.02730703237134 -0.02447178551754
 0.02343725368164 -0.02258754471856
 0.01985753287907 -0.02069072547687
 0.01656968640179 -0.01870318614110
 0.01357538419501 -0.01671982107635
 0.01087614844703 -0.01470889572323
 0.00847335243635 -0.01275244033600
 0.00636821949108 -0.01102363848522
 0.00456182206156 -0.00935247136019
 0.00305508090700 -0.00752189367515
 0.00184876439696 -0.00552288204190
 0.00094348792821 -0.00298295756722
 0.00033971345764 -0.00107639066367
 0.00003774915153 -0.00022041957222
 0.00000000000000  0.00000000000000
 0.00015099178828  0.00041580475592
 0.00060389007498  0.00406489474272
 0.00135846368419  0.01190835140367
 0.00241432751778  0.01562151684850
 0.00377094284778  0.01758661180417
 0.00542761772539  0.01992340181182
 0.00738350750611  0.02253871145571
 0.00963761549064  0.02523989545192
 0.01218879368095  0.02795319027313
 0.01503574365071  0.03073982116565
 0.01817701752941  0.03357261005975
 0.02161101909922  0.03643295704987
 0.02533600500354  0.03932848011225
 0.02935008606619  0.04226638109712
 0.03365122872004  0.04523360211108
 0.03823725654368  0.04822390677340
 0.04310585190479  0.05120612580913
 0.04825455770878  0.05416606971427
 0.05368077925085  0.05714454735047
 0.05938178617005  0.06012012965480
 0.06535471450343  0.06307102919501
 0.07159656883830  0.06600037472909
 0.07810422456085  0.06890350814092
 0.08487443019886  0.07179200315406
 0.09190380985650  0.07466057957039
 0.09918886573893  0.07750156652611
 0.10672598076439  0.08024757277736
 0.11451142126142  0.08292786158013
 0.12254133974875  0.08555839354105
 0.13081177779527  0.08815166607448
 0.13931866895758  0.09069740048863
 0.14805784179232  0.09318585424243
 0.15702502294057  0.09557225774956
 0.16621584028165  0.09784604407536
 0.17562582615320  0.10001235965677
 0.18525042063483  0.10203008376231
 0.19508497489230  0.10392506916270
 0.20512475457908  0.10567908538588
 0.21536494329239  0.10730954880542
 0.22580064608049  0.10877184176947
 0.23642689299800  0.11012638445307
 0.24723864270618  0.11136412660552
 0.25823078611473  0.11248808766194
 0.26939815006204  0.11347589538625
 0.28073550103039  0.11476082183403
 0.29223754889280  0.11598309043501
 0.30389895068829  0.11716210455668
 0.31571431442195  0.11829557188304
 0.32767820288659  0.11883489204608
 0.33978513750246  0.11846523541408
 0.35202960217159  0.11800986184350
 0.36440604714339  0.11746564738352
 0.37690889288802  0.11678779043367
 0.38953253397402  0.11639177416009
 0.40227134294685  0.11574115479329
 0.41511967420489  0.11496459298535
 0.42807186786940  0.11417167739904
 0.44112225364506  0.11332786844486
 0.45426515466772  0.11241485803481
 0.46749489133590  0.11126620263204
 0.48080578512279  0.10985015390820
 0.49419216236521  0.10833480389263
 0.50764835802651  0.10678144614131
 0.52116871942980  0.10511058427149
 0.53474760995861  0.10326196343614
 0.54837941272143  0.10132307011505
 0.56205853417726  0.09930635782048
 0.57577940771881  0.09717141917078
 0.58953649721052  0.09491741236749
 0.60332430047809  0.09259194438628
 0.61713735274681  0.09017085387983
 0.63097023002559  0.08764305968670
 0.64481755243393  0.08502714567630
 0.65867398746900  0.08233688589371
 0.67253425321009  0.07953747523396
 0.68639312145777  0.07664517963661
 0.70024542080514  0.07369940558632
 0.71408603963872  0.07068973728200
 0.72790992906639  0.06760044096768
 0.74171210577015  0.06446120520967
 0.75548765478126  0.06126013822842
 0.76923173217565  0.05799504735157
 0.78293956768745  0.05468557332033
 0.79660646723846  0.05134791692470
 0.81022781538178  0.04797576528663
 0.82379907765761  0.04457940146177
 0.83731580285945  0.04118085282313
 0.85077362520894  0.03777599294925
 0.86416826643795  0.03436588632090
 0.87749553777610  0.03096995297434
 0.89075134184258  0.02757929127083
 0.90393167444074  0.02419870747001
 0.91703262625440  0.02085789307616
 0.93005038444464  0.01758742975141
 0.94298123414611  0.01437019762175
 0.95582155986190  0.01127993971104
 0.96856784675623  0.00821733051833
 0.98121668184416  0.00508892420346
 0.99376475507782  0.00172956256958
</coords>