<reference>
Airfoil "Interp_086206" created on 04-Oct-2021 12:34:15 for blade project BAR1_SNL_1_18_2021_numad
</reference>
<coords>
 1.00000000000000 -0.00000058361143
 0.99549108011076  0.00015979211881
 0.99062165520024  0.00107472102106
 0.98539334437894  0.00174930607220
 0.97980812611523  0.00217546872297
 0.97386833706897  0.00221780055475
 0.96757667056740  0.00231035884675
 0.96093617472483  0.00234345458538
 0.95395025020753  0.00222519970780
 0.94662264764609  0.00203546491283
 0.93895746469744  0.00184520091851
 0.93095914275942  0.00162229297777
 0.92263246334082  0.00135089379527
 0.91398254409049  0.00107006669681
 0.90501483448905  0.00077234808020
 0.89573511120755  0.00044827130945
 0.88614947313728  0.00011042533838
 0.87626433609569 -0.00026687102653
 0.86608642721332 -0.00072970897759
 0.85562277900729 -0.00126895259920
 0.84488072314695 -0.00189437518398
 0.83386788391777 -0.00262035771523
 0.82259217138984 -0.00344099459087
 0.81106177429742 -0.00435773372691
 0.79928515263670 -0.00538198872531
 0.78727102998876 -0.00652039226874
 0.77502838557521 -0.00778635686493
 0.76256644605445 -0.00917338076733
 0.74989467706618 -0.01068856790713
 0.73702277453280 -0.01233554736517
 0.72396065572587 -0.01411455248298
 0.71071845010650 -0.01604135819700
 0.69730648994867 -0.01810172206628
 0.68373530075448 -0.02027124309354
 0.67001559147085 -0.02256204689844
 0.65615824451721 -0.02499273473115
 0.64217430563387 -0.02754902323882
 0.62807497356117 -0.03022265547380
 0.61387158955936 -0.03299380289021
 0.59957562677958 -0.03564959012900
 0.58519867949639 -0.03842008556498
 0.57075245221228 -0.04130215756923
 0.55624874864507 -0.04429264458485
 0.54169946060879 -0.04735831729281
 0.52711655679912 -0.05046254021812
 0.51251207149438 -0.05354127022397
 0.49789809318306 -0.05659609899640
 0.48328675312928 -0.06001939258968
 0.46869021388722 -0.06369786044972
 0.45412065777594 -0.06728176119502
 0.43959027532589 -0.07071215922971
 0.42511125370852 -0.07364456303692
 0.41069576516026 -0.07422516948191
 0.39635595541242 -0.07488260643317
 0.38210393213832 -0.07547632991786
 0.36795175342905 -0.07594051173529
 0.35391141630914 -0.07661158713862
 0.33999484530363 -0.07731474787150
 0.32621388106757 -0.07783520915292
 0.31258026908934 -0.07814099634602
 0.29910564847893 -0.07823042527382
 0.28580154085198 -0.07810231721650
 0.27267933932096 -0.07775087752195
 0.25975029760389 -0.07721898126700
 0.24702551926172 -0.07649811927770
 0.23451594707475 -0.07565036835298
 0.22223235256865 -0.07467634866136
 0.21018532570043 -0.07353264897860
 0.19838526471451 -0.07220283061774
 0.18684236617886 -0.07072613260401
 0.17556661521115 -0.06914259407663
 0.16456777590444 -0.06741105855158
 0.15385538196193 -0.06551746510408
 0.14343872754999 -0.06353748323875
 0.13332685837849 -0.06145522264921
 0.12352856301726 -0.05928948288532
 0.11405236445725 -0.05707178020822
 0.10490651192469 -0.05476958702798
 0.09609897295635 -0.05240066384086
 0.08763742574376 -0.04997117643580
 0.07952925175391 -0.04751219905115
 0.07178152863367 -0.04501631871604
 0.06440102340514 -0.04248845349058
 0.05739418595828 -0.03995156741887
 0.05076714284774 -0.03748494781175
 0.04452569139950 -0.03500965403877
 0.03867529413356 -0.03251806973897
 0.03322107350796 -0.03003613245193
 0.02816780698937 -0.02757781514101
 0.02351992245515 -0.02512754151405
 0.01928149393143 -0.02272185923798
 0.01545623767131 -0.02023514722846
 0.01204750857728 -0.01782045690200
 0.00905829697110 -0.01551850882311
 0.00649122571458 -0.01340672689426
 0.00434854768402 -0.01131025673714
 0.00263214360071 -0.00886862432839
 0.00134352021982 -0.00486706141067
 0.00048380887930 -0.00164222991455
 0.00005376441034 -0.00025793351377
 0.00000000000000  0.00000000000000
 0.00021504583858  0.00063118369243
 0.00085999453290  0.00406514864768
 0.00193427980046  0.01059276848808
 0.00343695844316  0.01437153518196
 0.00536671125561  0.01710534740104
 0.00772184429566  0.02023904162721
 0.01050029051567  0.02353600056405
 0.01369961175311  0.02698274455768
 0.01731700107830  0.03047768392183
 0.02134928549724  0.03410241624375
 0.02579292900657  0.03780386027697
 0.03064403599786  0.04152095922630
 0.03589835500781  0.04524493252491
 0.04155128281054  0.04897433025304
 0.04759786884814  0.05270049103056
 0.05403281999489  0.05643171927584
 0.06085050565057  0.06012549185645
 0.06804496315784  0.06375795621338
 0.07560990353821  0.06737102363219
 0.08353871754110  0.07094418281313
 0.09182448199987  0.07447043790903
 0.10045996648865  0.07794980816751
 0.10943764027335  0.08135185071629
 0.11874967954994  0.08467907974150
 0.12838797496297  0.08792941977161
 0.13834413939674  0.09113104645136
 0.14860951603164  0.09412733101833
 0.15917518665746  0.09705874064161
 0.17003198023568  0.09984068130795
 0.18117048170214  0.10248106718237
 0.19258104100148  0.10499286042636
 0.20425378234441  0.10736975820159
 0.21617861367860  0.10950216854623
 0.22834523636403  0.11140076290483
 0.24074315504303  0.11308902384888
 0.25336168769538  0.11451857724631
 0.26618997586862  0.11568378389725
 0.27921699507327  0.11655538715832
 0.29243156533297  0.11720605785785
 0.30582236187885  0.11755128802059
 0.31937792597785  0.11773353988120
 0.33308667588410  0.11768983278410
 0.34693691790268  0.11745252711614
 0.36091685755482  0.11703032363229
 0.37501461083354  0.11706525407350
 0.38921821553857  0.11704061365874
 0.40351564267950  0.11703412381590
 0.41789480793584  0.11709162739570
 0.43234358316267  0.11621017927282
 0.44684980793066  0.11367194367208
 0.46140130108899  0.11102816163183
 0.47598587233980  0.10821149829532
 0.49059133381280  0.10526903954887
 0.50520551162871  0.10286440000353
 0.51981625743993  0.10032386038133
 0.53441145993739  0.09768451048471
 0.54897905631197  0.09498722940238
 0.56350704365946  0.09220769155767
 0.57798349031764  0.08939679140690
 0.59239654712447  0.08646952609628
 0.60673445858630  0.08343679323996
 0.62098557394511  0.08047634439193
 0.63513835813387  0.07766433584251
 0.64918140260935  0.07487266747042
 0.66310343605170  0.07204941643651
 0.67689333492028  0.06923298292931
 0.69054013385546  0.06645519995634
 0.70403303591610  0.06369512484154
 0.71736142264271  0.06095465081194
 0.73051486393656  0.05825555995397
 0.74348312774477  0.05559346837874
 0.75625618954229  0.05296689573756
 0.76882424160111  0.05038040280606
 0.78117770203796  0.04783573100991
 0.79330722363147  0.04531295349624
 0.80520370240024  0.04281998515280
 0.81685828593349  0.04039458986460
 0.82826238146606  0.03801175443057
 0.83940766369011  0.03566455660152
 0.85028608229563  0.03337855485113
 0.86088986923267  0.03113222515192
 0.87121154568821  0.02893345796475
 0.88124392877071  0.02678848932811
 0.89098013789614  0.02469211874919
 0.90041360086917  0.02265900112366
 0.90953805965360  0.02068378028149
 0.91834757582662  0.01876354269362
 0.92683653571157  0.01690010656619
 0.93499965518427  0.01509381289714
 0.94283198414837  0.01335136311374
 0.95032891067539  0.01166811106153
 0.95748616480568  0.01004549348645
 0.96429982200643  0.00849440467931
 0.97076630628381  0.00702553170847
 0.97688239294606  0.00562905313349
 0.98264521101514  0.00446021809142
 0.98805224528469  0.00343208796526
 0.99310133802242  0.00238358730265
 0.99779069031549  0.00109060739494
</coords>