<reference>
Airfoil "Interp_037931" created on 04-Oct-2021 12:34:15 for blade project BAR1_SNL_1_18_2021_numad
</reference>
<coords>
 1.00000000000000 -0.00000000000000
 0.99433215478421 -0.00692223060545
 0.98834125651590 -0.00711885321982
 0.98202916212372 -0.00695796109228
 0.97539805076294 -0.00665742803234
 0.96845042266818 -0.00642675266156
 0.96118909768542 -0.00588723462252
 0.95361721348429 -0.00550348058668
 0.94573822345238 -0.00524885096779
 0.93755589427321 -0.00515625818707
 0.92907430319014 -0.00522680883263
 0.92029783495874 -0.00546835970293
 0.91123117849017 -0.00587549163410
 0.90187932318903 -0.00645181394433
 0.89224755498868 -0.00720075288699
 0.88234145208806 -0.00813683917099
 0.87216688039384 -0.00929266227506
 0.86172998867216 -0.01067341030598
 0.85103720341470 -0.01226543785616
 0.84009522342380 -0.01407413497722
 0.82891101412189 -0.01609390902478
 0.81749180159055 -0.01837369834168
 0.80584506634502 -0.02072541840899
 0.79397853684998 -0.02307305417520
 0.78190018278295 -0.02571493502239
 0.76961820805176 -0.02861837174263
 0.75714104357268 -0.03175353854228
 0.74447733981637 -0.03510549535857
 0.73163595912872 -0.03866925847845
 0.71862596783400 -0.04242765440777
 0.70545662812800 -0.04638035655374
 0.69213738976902 -0.05054972521683
 0.67867788157467 -0.05499794575467
 0.66508790273289 -0.05961858812988
 0.65137741393543 -0.06439151260230
 0.63755652834256 -0.06932648747788
 0.62363550238773 -0.07437517728971
 0.60962472643110 -0.07953546949296
 0.59553471527114 -0.08480111774031
 0.58137609852335 -0.09003635834740
 0.56715961087574 -0.09527208129555
 0.55289608223032 -0.10049246083325
 0.53859642774039 -0.10567401250332
 0.52427163775323 -0.11078030915312
 0.50993276766814 -0.11577322732289
 0.49559092771963 -0.12062390410584
 0.48125727269575 -0.12529284014865
 0.46694299160171 -0.12975575455472
 0.45265929727878 -0.13397779855260
 0.43841741598868 -0.13794034286508
 0.42422857697370 -0.14161832017092
 0.41010400200263 -0.14496905598970
 0.39605489491290 -0.14798266368843
 0.38209243115909 -0.15077026019254
 0.36822774737800 -0.15344205218765
 0.35447193098063 -0.15574812112826
 0.34083600978116 -0.15770028973996
 0.32733094167321 -0.15929311681551
 0.31396760436333 -0.16055317940301
 0.30075678517200 -0.16147147677355
 0.28770917091203 -0.16204161881658
 0.27483533785421 -0.16227360669351
 0.26214574179029 -0.16217809444004
 0.24965070820285 -0.16174451054595
 0.23736042255174 -0.16099176788442
 0.22528492068668 -0.15991106331848
 0.21343407939548 -0.15850472251266
 0.20181760709698 -0.15679579519549
 0.19044503468808 -0.15477847465588
 0.17932570655370 -0.15246542124284
 0.16846877174851 -0.14987627228716
 0.15788317535924 -0.14700338094126
 0.14757765005585 -0.14387164221668
 0.13756070784004 -0.14048596984436
 0.12784063199911 -0.13686362964522
 0.11842546927315 -0.13303736024938
 0.10932302224318 -0.12898124199444
 0.10054084194780 -0.12470793188999
 0.09208622073561 -0.12022587660445
 0.08396618536036 -0.11555241699972
 0.07618749032569 -0.11070520067832
 0.06875661148596 -0.10569536767814
 0.06167973990957 -0.10055699582197
 0.05496277601061 -0.09528381941188
 0.04861132395480 -0.08988256278170
 0.04263068634519 -0.08437222676066
 0.03702585919272 -0.07879852677728
 0.03180152717679 -0.07318239882697
 0.02696205920029 -0.06749477318377
 0.02251150424371 -0.06178852803748
 0.01845358752213 -0.05605782198095
 0.01479170694914 -0.05033744343006
 0.01152892991098 -0.04457387406109
 0.00866799035414 -0.03876106078397
 0.00621128618936 -0.03273521683458
 0.00416087701444 -0.02637137870942
 0.00251848215821 -0.02014858316037
 0.00128547904756 -0.01420421499521
 0.00046290189913 -0.00677711212480
 0.00005144073694 -0.00081899982472
 0.00000000000000  0.00000000000000
 0.00020575215844  0.00279727429368
 0.00082283602527  0.01048250079960
 0.00185073393905  0.01693422988617
 0.00328858367706  0.02304913883727
 0.00513517927435  0.02990531307908
 0.00738897216918  0.03688196781090
 0.01004807267389  0.04328456058035
 0.01311025176958  0.04942378226711
 0.01657294322302  0.05538296501069
 0.02043324602349  0.06136612143480
 0.02468792713737  0.06730313912804
 0.02933342457762  0.07322267090962
 0.03436585078519  0.07907005519681
 0.03978099631898  0.08483290519887
 0.04557433385082  0.09042910550575
 0.05174102246140  0.09590755205382
 0.05827591223308  0.10125302721806
 0.06517354913485  0.10646727237128
 0.07242818019492  0.11151975817352
 0.08003375895550  0.11638255045117
 0.08798395120477  0.12106244173404
 0.09627214098009  0.12552047417023
 0.10489143683671  0.12976605227369
 0.11383467837580  0.13377654734875
 0.12309444302531  0.13753773010375
 0.13266305306709  0.14106770988536
 0.14253258290320  0.14438955535956
 0.15269486655448  0.14743876593465
 0.16314150538382  0.15019915220057
 0.17386387603659  0.15268273107183
 0.18485313859048  0.15487830462407
 0.19610024490670  0.15678487055543
 0.20759594717424  0.15840888252086
 0.21933080663899  0.15974309605739
 0.23129520250891  0.16078337657198
 0.24347934102671  0.16154022795574
 0.25587326470100  0.16201029676023
 0.26846686168681  0.16219377466153
 0.28124987530639  0.16212857826755
 0.29421191370090  0.16180070290118
 0.30734245960336  0.16122688034928
 0.32063088022354  0.16041450961319
 0.33406643723483  0.15937919481832
 0.34763829685343  0.15811953881166
 0.36133553999993  0.15667160943300
 0.37514717253330  0.15505526855476
 0.38906213554729  0.15324387601565
 0.40306931571907  0.15096310566726
 0.41715755570003  0.14856801948654
 0.43131566453853  0.14605262751175
 0.44553242812437  0.14341348664630
 0.45979661964479  0.14067144967693
 0.47409701004166  0.13782916678557
 0.48842237845979  0.13488769683256
 0.50276152267590  0.13185049851124
 0.51710326949827  0.12873013638157
 0.53143648512677  0.12554078221242
 0.54575008546311  0.12228017737817
 0.56003304636133  0.11895959779365
 0.57427441380846  0.11558804831865
 0.58846331402536  0.11216713522344
 0.60258896347798  0.10877245517200
 0.61664067878914  0.10538587940118
 0.63060788654127  0.10195914511398
 0.64448013296048  0.09853339403511
 0.65824709347259  0.09511253442730
 0.67189858212164  0.09168842838474
 0.68542456084201  0.08828467685520
 0.69881514857480  0.08487935568467
 0.71206063021980  0.08147355049936
 0.72515146541434  0.07808138829392
 0.73807829713045  0.07472064543472
 0.75083196008189  0.07141556085666
 0.76340348893319  0.06813923456736
 0.77578412630239  0.06489110375167
 0.78796533055002  0.06167690639944
 0.79993878334663  0.05847139611130
 0.81169639701161  0.05522380456669
 0.82323032161625  0.05259676473603
 0.83453295184414  0.04991338906623
 0.84559693360239  0.04728771692164
 0.85641517037718  0.04474336035508
 0.86698082932780  0.04228406680182
 0.87728734711301  0.03990761188998
 0.88732843544448  0.03760477869804
 0.89709808636181  0.03537766302330
 0.90659057722422  0.03322016924983
 0.91580047541414  0.03112832215800
 0.92472264274825  0.02910416999229
 0.93335223959192  0.02714501055653
 0.94168472867304  0.02524659779396
 0.94971587859180  0.02340690320249
 0.95744176702322  0.02160300321143
 0.96485878360931  0.01988714883165
 0.97196363253843  0.01825539268758
 0.97875333480940  0.01658050977449
 0.98522523017840  0.01496123309927
 0.99137697878701  0.01269674873231
 0.99720656246996  0.00721082769550
</coords>