<reference>
Airfoil "Interp_013793" created on 04-Oct-2021 12:34:15 for blade project BAR1_SNL_1_18_2021_numad
</reference>
<coords>
 1.00000000000000  0.00000000000000
 0.98808879645217 -0.01273308419863
 0.97605630096263 -0.02046423646074
 0.96390565163312 -0.02792049669532
 0.95164010875853 -0.03577120162260
 0.93926305378302 -0.04456661322335
 0.92677798813368 -0.05409308430741
 0.91418853193241 -0.06406554304795
 0.90149842258680 -0.07440191477856
 0.88871151326070 -0.08490745032304
 0.87583177122560 -0.09557243478041
 0.86286327609390 -0.10636491407062
 0.84981021793524 -0.11710500063124
 0.83667689527722 -0.12793036961362
 0.82346771299202 -0.13882763412987
 0.81018718007046 -0.14957176673864
 0.79683990728509 -0.16014360317820
 0.78343060474430 -0.17061668864645
 0.76996407933914 -0.18089322048141
 0.75644523208498 -0.19090048505769
 0.74287905536015 -0.20056643546869
 0.72927063004364 -0.20995989771474
 0.71562512255437 -0.21912327095973
 0.70194778179434 -0.22787419411725
 0.68824393599820 -0.23627696222006
 0.67451898949188 -0.24434041369874
 0.66077841936303 -0.25204112050429
 0.64702777204599 -0.25939296237861
 0.63327265982424 -0.26640228614157
 0.61951875725332 -0.27307014405376
 0.60577179750728 -0.27936951823699
 0.59203756865174 -0.28524127493477
 0.57832190984685 -0.29070530345474
 0.56463070748346 -0.29586117255889
 0.55096989125577 -0.30065764157845
 0.53734543017395 -0.30493946522317
 0.52376332852027 -0.30894460069837
 0.51022962175222 -0.31258504910174
 0.49675037235622 -0.31569752207387
 0.48333166565571 -0.31856571845041
 0.46997960557717 -0.32111043721722
 0.45670031037802 -0.32332105993758
 0.44349990833997 -0.32520102438251
 0.43038453343195 -0.32671340448415
 0.41736032094624 -0.32781458720947
 0.40443340311190 -0.32858585623182
 0.39160990468931 -0.32914298662586
 0.37889593854991 -0.32925292986071
 0.36629760124500 -0.32901139006583
 0.35382096856770 -0.32849900508898
 0.34147209111208 -0.32765523461502
 0.32925698983335 -0.32661253532439
 0.31718165161337 -0.32518555405963
 0.30525202483528 -0.32337161174340
 0.29347401497147 -0.32136920337244
 0.28185348018870 -0.31899211209877
 0.27039622697468 -0.31639217106531
 0.25910800578969 -0.31357571147783
 0.24799450674768 -0.31041357932129
 0.23706135533040 -0.30698112565047
 0.22631410813876 -0.30334957471658
 0.21575824868513 -0.29938503810760
 0.20539918323064 -0.29515925616234
 0.19524223667110 -0.29078836187913
 0.18529264847541 -0.28606516447103
 0.17555556868029 -0.28115604915446
 0.16603605394485 -0.27602957453430
 0.15673906366876 -0.27066526241002
 0.14766945617754 -0.26504467838234
 0.13883198497851 -0.25918694229296
 0.13023129509090 -0.25321197658462
 0.12187191945342 -0.24689252366158
 0.11375827541267 -0.24042529294279
 0.10589466129571 -0.23373691188073
 0.09828525306972 -0.22678736863638
 0.09093410109221 -0.21968386196027
 0.08384512695447 -0.21235423216608
 0.07702212042131 -0.20478785468615
 0.07046873646999 -0.19711962648812
 0.06418849243098 -0.18929214218318
 0.05818476523326 -0.18134458205988
 0.05246078875675 -0.17322593638805
 0.04701965129420 -0.16477159328913
 0.04186429312510 -0.15633273136385
 0.03699750420367 -0.14772060920959
 0.03242192196321 -0.13876025080763
 0.02814002923880 -0.12964272074302
 0.02415415231026 -0.12061140170948
 0.02046645906730 -0.11140890728041
 0.01707895729839 -0.10212073313221
 0.01399349310517 -0.09289698094394
 0.01121174944359 -0.08337376855093
 0.00873524479347 -0.07357452704304
 0.00656533195743 -0.06342446175823
 0.00470319699052 -0.05279165278614
 0.00314985826135 -0.04217845657724
 0.00190616564584 -0.03155167324106
 0.00097279985406 -0.02128046597492
 0.00035027189106 -0.01081895929498
 0.00003892265199 -0.00393252042616
 0.00000000000000  0.00000000000000
 0.00015568527831  0.00894941219539
 0.00062265584724  0.01679244305108
 0.00140065597630  0.02696637577394
 0.00248925967321  0.03732700487285
 0.00388787102139  0.04867824798963
 0.00559572465205  0.05948927924553
 0.00761188635045  0.07079208020893
 0.00993525379569  0.08111550201759
 0.01256455743331  0.09095845243004
 0.01549836148013  0.10044781640523
 0.01873506505998  0.10979168216684
 0.02227290346973  0.11921280765263
 0.02610994957401  0.12839010446735
 0.03024411532764  0.13769511721741
 0.03467315342421  0.14689381110159
 0.03939465906921  0.15581759378055
 0.04440607187628  0.16456225567457
 0.04970467788454  0.17319421109942
 0.05528761169538  0.18174932435570
 0.06115185872647  0.19003054173459
 0.06729425758117  0.19812313714169
 0.07371150253087  0.20611361026221
 0.08040014610814  0.21393120025071
 0.08735660180820  0.22156804276116
 0.09457714689615  0.22896304719515
 0.10205792531756  0.23614806056156
 0.10979495070943  0.24309099842691
 0.11778410950891  0.24975435688108
 0.12602116415695  0.25630948899863
 0.13450175639366  0.26255434740948
 0.14322141064262  0.26853692976994
 0.15217553748078  0.27439103325839
 0.16135943719089  0.27992456545768
 0.17076830339307  0.28525042393976
 0.18039722675224  0.29029292416446
 0.19024119875787  0.29510656933810
 0.20029511557278  0.29968356943439
 0.21055378194714  0.30399295316986
 0.22101191519433  0.30803958106987
 0.23166414922483  0.31178716794526
 0.24250503863448  0.31520584846760
 0.25352906284341  0.31834439506884
 0.26473063028167  0.32120243440191
 0.27610408261792  0.32377380164356
 0.28764369902715  0.32608113969067
 0.29934370049358  0.32806341471888
 0.31119825414475  0.32978258338647
 0.32320147761298  0.33119267038278
 0.33534744341998  0.33222802794846
 0.34763018338082  0.33305453918208
 0.36004369302312  0.33356116300257
 0.37258193601751  0.33372756345240
 0.38523884861527  0.33357281378997
 0.39800834408914  0.33304312201852
 0.41088431717334  0.33235523031819
 0.42386064849865  0.33132371668914
 0.43693120901865  0.32982846952675
 0.45008986442307  0.32815399270966
 0.46333047953433  0.32616826294128
 0.47664692268318  0.32385878380559
 0.49003307005975  0.32125287689827
 0.50348281003582  0.31817832327740
 0.51699004745472  0.31479055385734
 0.53054870788481  0.31115016441546
 0.54415274183291  0.30719282509838
 0.55779612891386  0.30288798013508
 0.57147288197256  0.29829004628520
 0.58517705115478  0.29338472669664
 0.59890272792325  0.28812413805994
 0.61264404901545  0.28255123502781
 0.62639520033959  0.27678199400471
 0.64015042080553  0.27069866532280
 0.65390400608712  0.26423155994479
 0.66765031231285  0.25758965735391
 0.68138375968157  0.25070251866196
 0.69509883600021  0.24346479991584
 0.70879010014035  0.23593265950435
 0.72245218541096  0.22822496425918
 0.73607980284416  0.22023341570981
 0.74966774439148  0.21189988435385
 0.76321088602780  0.20334283441828
 0.77670419076048  0.19463825937865
 0.79014271154113  0.18569868838858
 0.80352159407776  0.17648849694660
 0.81683607954488  0.16712346248048
 0.83008150718953  0.15746337970249
 0.84325331683105  0.14765544723529
 0.85634705125274  0.13765514677450
 0.86935835848345  0.12750396759403
 0.88228299396748  0.11706185989354
 0.89511682262111  0.10640880361000
 0.90785582077421  0.09559600653614
 0.92049607799560  0.08480746303428
 0.93303379880094  0.07366083259824
 0.94546530424180  0.06220511680615
 0.95778703337506  0.05057730932517
 0.96999554461171  0.03816420633551
 0.98208751694405  0.02558433418473
 0.99405975105097  0.01327929362755
</coords>