<reference>
Airfoil "Interp_006896" created on 04-Oct-2021 12:34:15 for blade project BAR1_SNL_1_18_2021_numad
</reference>
<coords>
 1.00000000000000  0.00000000000000
 0.99678071223152 -0.01389318389994
 0.99315924353668 -0.02696800710771
 0.98913694838604 -0.03983526277952
 0.98471558192708 -0.05273650255075
 0.97989729879644 -0.06582721140223
 0.97468465153353 -0.07908057064118
 0.96908058859701 -0.09239869049468
 0.96308845198580 -0.10573521726920
 0.95671197446705 -0.11901702503511
 0.94995527641356 -0.13222980116916
 0.94282286225371 -0.14535766057140
 0.93531961653737 -0.15834150073866
 0.92745079962134 -0.17121206239721
 0.91922204297882 -0.18395823711997
 0.91063934413718 -0.19651394574343
 0.90170906124903 -0.20885925846064
 0.89243790730188 -0.22100175440652
 0.88283294397203 -0.23291284598739
 0.87290157512862 -0.24456753088690
 0.86265153999428 -0.25593563280036
 0.85209090596890 -0.26702518248290
 0.84122806112380 -0.27783823977214
 0.83007170637330 -0.28831898631565
 0.81863084733174 -0.29847976213294
 0.80691478586362 -0.30831825447788
 0.79493311133533 -0.31782095835441
 0.78269569157698 -0.32698310404741
 0.77021266356327 -0.33579684161746
 0.75749442382254 -0.34425395283394
 0.74455161858333 -0.35234136993067
 0.73139513366839 -0.36003883069521
 0.71803608414576 -0.36734764529350
 0.70448580374743 -0.37428886553703
 0.69075583406577 -0.38084028157202
 0.67685791353853 -0.38695315461392
 0.66280396623312 -0.39268854896029
 0.64860609044137 -0.39801907711682
 0.63427654709597 -0.40289175723907
 0.61982774801998 -0.40739491391255
 0.60527224402101 -0.41149288709746
 0.59062271284193 -0.41517634350736
 0.57589194697982 -0.41844394437712
 0.56109284138535 -0.42128510278445
 0.54623838105469 -0.42368689203963
 0.53134162852616 -0.42566679785785
 0.51641571129402 -0.42725101896461
 0.50147380915184 -0.42837544284218
 0.48652914147797 -0.42906779801498
 0.47159495447557 -0.42935072468944
 0.45668450838001 -0.42920399146731
 0.44181106464614 -0.42866150990041
 0.42698787312810 -0.42767831161771
 0.41222815926444 -0.42625480818564
 0.39754511128118 -0.42444077321031
 0.38295186742545 -0.42218603362415
 0.36846150324238 -0.41953575639951
 0.35408701890776 -0.41649625850924
 0.33984132662911 -0.41303479200292
 0.32573723812758 -0.40917264660941
 0.31178745221300 -0.40493008716140
 0.29800454246450 -0.40027446587427
 0.28440094502882 -0.39522864089195
 0.27098894654843 -0.38982781362049
 0.25778067223135 -0.38402375373791
 0.24478807407455 -0.37786511971533
 0.23202291925261 -0.37134538916773
 0.21949677868299 -0.36446377918293
 0.20722101577947 -0.35722383529493
 0.19520677540465 -0.34963739300408
 0.18346497303267 -0.34174127784485
 0.17200628413273 -0.33347749993634
 0.16084113378399 -0.32490566403770
 0.14997968653218 -0.31601315926266
 0.13943183649787 -0.30679852015524
 0.12920719774623 -0.29729952353233
 0.11931509492797 -0.28750516937287
 0.10976455420045 -0.27741964081085
 0.10056429443820 -0.26708372576946
 0.09172271874150 -0.25648874906276
 0.08324790625132 -0.24565430275720
 0.07514760427888 -0.23457640361171
 0.06742922075760 -0.22322464697718
 0.06009981702477 -0.21170203880482
 0.05316610094036 -0.19996245517022
 0.04663442034954 -0.18796698397968
 0.04051075689555 -0.17578005001370
 0.03480072018894 -0.16348205695997
 0.02950954233910 -0.15100917491069
 0.02464207285332 -0.13838879088198
 0.02020277390862 -0.12567014400088
 0.01619571600086 -0.11276294539434
 0.01262457397562 -0.09968837274093
 0.00949262344463 -0.08644950575077
 0.00680273759142 -0.07303648180888
 0.00455738436923 -0.05961014162409
 0.00275862409412 -0.04610165387437
 0.00140810743554 -0.03260924952778
 0.00050707380636 -0.01905539157630
 0.00005635015403 -0.00641008014040
 0.00000000000000  0.00000000000000
 0.00022538768561  0.01327541104489
 0.00090134387948  0.02612497630461
 0.00202724819451  0.03961104437425
 0.00360206732454  0.05310121730792
 0.00562435605220  0.06675559275201
 0.00809225865850  0.08021135694429
 0.01100351073270  0.09377878548789
 0.01435544138080  0.10702607908204
 0.01814497583033  0.12006592534758
 0.02236863842893  0.13290939421128
 0.02702255603375  0.14560170167165
 0.03210246178824  0.15819500445563
 0.03760369928272  0.17059507095175
 0.04352122709440  0.18289830070572
 0.04984962370261  0.19503199706125
 0.05658309277411  0.20693666933763
 0.06371546881345  0.21862318859046
 0.07124022317262  0.23010848355214
 0.07915047041416  0.24139389410390
 0.08743897502133  0.25241413514199
 0.09609815844876  0.26318236948708
 0.10512010650650  0.27371072047082
 0.11449657707028  0.28397301129219
 0.12421900811022  0.29396207808648
 0.13427852603011  0.30365480957009
 0.14466595430894  0.31305318080277
 0.15537182243619  0.32213969667916
 0.16638637513193  0.33089438330453
 0.17769958184266  0.33935459181378
 0.18930114650351  0.34745997260015
 0.20118051755703  0.35521824949105
 0.21332689821871  0.36266176056884
 0.22572925697907  0.36973376048493
 0.23837633833186  0.37645607023088
 0.25125667371784  0.38280160956650
 0.26435859267312  0.38878282969888
 0.27767023417131  0.39439364755532
 0.29117955814787  0.39962030674619
 0.30487435719561  0.40445952558104
 0.31874226841954  0.40889606892901
 0.33277078543932  0.41291972112620
 0.34694727052763  0.41654141390151
 0.36125896687216  0.41975861507694
 0.37569301094937  0.42256867091463
 0.39023644499748  0.42497609362918
 0.40487622957659  0.42695792245336
 0.41959925620339  0.42852808208213
 0.43439236004791  0.42967801845512
 0.44924233267986  0.43039006544585
 0.46413593485186  0.43070544349813
 0.47905990930692  0.43059321172848
 0.49400099359759  0.43005149700971
 0.50894593290397  0.42908767050232
 0.52388149283796  0.42768326711903
 0.53879447222116  0.42589454730669
 0.55367171582367  0.42367909255013
 0.56850012705122  0.42100915852644
 0.58326668056818  0.41796022153570
 0.59795843484388  0.41449963207405
 0.61256254460985  0.41062600544008
 0.62706627321574  0.40634885660704
 0.64145700487163  0.40161473902977
 0.65572225676472  0.39647961588263
 0.66984969103834  0.39097023296903
 0.68382712662158  0.38507013947082
 0.69764255089774  0.37877473365131
 0.71128413120018  0.37210260455051
 0.72474022612418  0.36505744942359
 0.73799939664362  0.35763403412710
 0.75105041702170  0.34984747814437
 0.76388228550463  0.34173210276964
 0.77648423478810  0.33326267629440
 0.78884574224598  0.32442821755434
 0.80095653991125  0.31529273802621
 0.81280662419940  0.30584756002153
 0.82438626536465  0.29607351089492
 0.83568601667969  0.28599171443874
 0.84669672333002  0.27563859791458
 0.85740953101407  0.26499276369712
 0.86781589424061  0.25404763150040
 0.87790758431549  0.24284592181244
 0.88767669700963  0.23142083394314
 0.89711565990102  0.21975909193937
 0.90621723938334  0.20785424875734
 0.91497454733440  0.19574509146873
 0.92338104743798  0.18341062127656
 0.93143056115276  0.17090062088795
 0.93911727332264  0.15820662553412
 0.94643573742295  0.14535021395498
 0.95338088043744  0.13230160054437
 0.95994800736136  0.11908959741802
 0.96613280532627  0.10574326392032
 0.97193134734257  0.09232646303656
 0.97734009565626  0.07875241608377
 0.98235590471654  0.06501950959896
 0.98697602375169  0.05116729513021
 0.99119809895051  0.03699487692512
 0.99502017524754  0.02273837464103
 0.99844069771024  0.00857648184298
</coords>