<reference>
Airfoil "Interp_051724" created on 04-Oct-2021 12:34:15 for blade project BAR1_SNL_1_18_2021_numad
</reference>
<coords>
 1.00000000000000  0.00000000000000
 0.99975079456309 -0.00487646131581
 0.99900342666575 -0.00650388218789
 0.99775864130055 -0.00600530473848
 0.99601767929663 -0.00555143150136
 0.99378227608276 -0.00504995087683
 0.99105465995749 -0.00450480615003
 0.98783754986789 -0.00391072674652
 0.98413415269925 -0.00327617056079
 0.97994816007843 -0.00260531787181
 0.97528374469389 -0.00190745843888
 0.97014555613634 -0.00119225340768
 0.96453871626387 -0.00047028677113
 0.95846881409639  0.00024579234903
 0.95194190024441  0.00094637538885
 0.94496448087759  0.00162303131650
 0.93754351123930  0.00223143749271
 0.92968638871346  0.00274418048176
 0.92140094545068  0.00315837618101
 0.91269544056099  0.00345234418725
 0.90357855188099  0.00361568620164
 0.89405936732360  0.00369056226811
 0.88414737581899  0.00363305360885
 0.87385245785585  0.00315183768670
 0.86318487563232  0.00243917975071
 0.85215526282634  0.00149012693401
 0.84077461399582  0.00028518741156
 0.82905427361902 -0.00119333157710
 0.81700592478612 -0.00295610635954
 0.80464157755326 -0.00502108878220
 0.79197355697065 -0.00741437261801
 0.77901449079672 -0.01016565023674
 0.76577729691045 -0.01312622736066
 0.75227517043459 -0.01643360291776
 0.73852157058244 -0.02007489531698
 0.72453020724146 -0.02403010386827
 0.71031502730689 -0.02828834496473
 0.69589020077925 -0.03283537474732
 0.68127010663931 -0.03766815061886
 0.66646931851488 -0.04285588008866
 0.65150259015344 -0.04821115176522
 0.63638484071530 -0.05371065936105
 0.62113113990189 -0.05931622617970
 0.60575669293391 -0.06498357117720
 0.59027682539445 -0.07066838262850
 0.57470696795213 -0.07632505107743
 0.55906264097945 -0.08191250536353
 0.54335943908178 -0.08739070507171
 0.52761301555225 -0.09271730409854
 0.51183906676831 -0.09786088353231
 0.49605331654514 -0.10280822777271
 0.48027150046187 -0.10753631472067
 0.46450935017599 -0.11202398182673
 0.44878257774169 -0.11616722304210
 0.43310685994776 -0.11978368002560
 0.41749782269060 -0.12307847808130
 0.40197102539801 -0.12603208793155
 0.38654194551920 -0.12864543301985
 0.37122596309655 -0.13092068767174
 0.35603834543442 -0.13284890224229
 0.34099423188038 -0.13443565333018
 0.32610861873401 -0.13568443741351
 0.31139634429821 -0.13660264482964
 0.29687207408811 -0.13719030094082
 0.28255028621210 -0.13745499402030
 0.26844525693983 -0.13738998011858
 0.25457104647120 -0.13700167805900
 0.24094148492096 -0.13630125268024
 0.22757015853246 -0.13528352271314
 0.21447039613465 -0.13394382352710
 0.20165525585557 -0.13228068694471
 0.18913751210575 -0.13029300432946
 0.17692964284440 -0.12798749248083
 0.16504381714107 -0.12535852210391
 0.15349188304533 -0.12233974070132
 0.14228535577631 -0.11888967728908
 0.13143540624411 -0.11519107911665
 0.12095284991438 -0.11125716833162
 0.11084813602724 -0.10711144821032
 0.10113133718124 -0.10276342185196
 0.09181213929280 -0.09823902622639
 0.08289983194104 -0.09356169134949
 0.07440329910775 -0.08874443277582
 0.06633101032164 -0.08381803927637
 0.05869101221573 -0.07878506412442
 0.05149092050627 -0.07368712700796
 0.04473791240127 -0.06848167368907
 0.03843871944607 -0.06314486638639
 0.03259962081320 -0.05782269910233
 0.02722643704317 -0.05250252365563
 0.02232452424240 -0.04719535168844
 0.01789876874419 -0.04196809406375
 0.01395358223787 -0.03682488034303
 0.01049289737114 -0.03178899629689
 0.00752016382994 -0.02692036365307
 0.00503834489972 -0.02229441274650
 0.00304991451156 -0.01745910699254
 0.00155685477610 -0.01257677300675
 0.00056065400778 -0.00611559523434
 0.00006230524117 -0.00063747618985
 0.00000000000000  0.00000000000000
 0.00024920543691  0.00283324778055
 0.00099657333425  0.01075366902079
 0.00224135869945  0.01676498868192
 0.00398232070337  0.02219545841872
 0.00621772391724  0.02773103622281
 0.00894534004251  0.03280082097430
 0.01216245013211  0.03819048689206
 0.01586584730075  0.04377089345101
 0.02005183992157  0.04945358485752
 0.02471625530611  0.05502912627343
 0.02985444386366  0.06051624896872
 0.03546128373613  0.06593068984492
 0.04153118590361  0.07128466548688
 0.04805809975559  0.07653143157158
 0.05503551912241  0.08166152413341
 0.06245648876070  0.08667237601582
 0.07031361128654  0.09155634497754
 0.07859905454932  0.09629689153637
 0.08730455943901  0.10087394589775
 0.09642144811901  0.10527004511801
 0.10594063267640  0.10946709767382
 0.11585262418101  0.11344122094142
 0.12614754214415  0.11719448402836
 0.13681512436768  0.12070611716147
 0.14784473717366  0.12396076681215
 0.15922538600418  0.12689769397916
 0.17094572638098  0.12935178915241
 0.18299407521388  0.13147619826396
 0.19535842244674  0.13327866821139
 0.20802644302935  0.13476709449915
 0.22098550920328  0.13594030505731
 0.23422270308955  0.13681502677506
 0.24772482956541  0.13741299934130
 0.26147842941756  0.13774390264825
 0.27546979275854  0.13780224152394
 0.28968497269311  0.13759640465222
 0.30410979922075  0.13715148256769
 0.31872989336069  0.13646228748495
 0.33353068148512  0.13554784770204
 0.34849740984656  0.13443192041843
 0.36361515928470  0.13309941030073
 0.37886886009811  0.13157586286189
 0.39424330706609  0.12986970782078
 0.40972317460555  0.12798465067008
 0.42529303204787  0.12593219759247
 0.44093735902055  0.12372833424881
 0.45664056091822  0.12143896266794
 0.47238698444775  0.11922670544921
 0.48816093323169  0.11682081334364
 0.50394668345486  0.11424449255234
 0.51972849953813  0.11152542941382
 0.53549064982401  0.10869549387633
 0.55121742225831  0.10576903633664
 0.56689314005224  0.10274830105681
 0.58250217730940  0.09964722446476
 0.59802897460199  0.09648659866559
 0.61345805448080  0.09327630119413
 0.62877403690345  0.09002352235355
 0.64396165456558  0.08675072397997
 0.65900576811962  0.08347007010818
 0.67389138126599  0.08019937268907
 0.68860365570179  0.07691135764136
 0.70312792591189  0.07355608094714
 0.71744971378790  0.07021825725324
 0.73155474306017  0.06690874307000
 0.74542895352880  0.06364505594094
 0.75905851507904  0.06043846360229
 0.77242984146754  0.05729171285151
 0.78552960386535  0.05428931624533
 0.79834474414443  0.05142242846488
 0.81086248789425  0.04861913820192
 0.82307035715560  0.04588298945672
 0.83495618285893  0.04321737735996
 0.84650811695467  0.04062568829534
 0.85771464422369  0.03811382976491
 0.86856459375589  0.03568508298713
 0.87904715008562  0.03333782479800
 0.88915186397276  0.03108472677644
 0.89886866281876  0.02864085628005
 0.90818786070720  0.02649769006324
 0.91710016805896  0.02450203919738
 0.92559670089225  0.02262408599018
 0.93366898967836  0.02085505182294
 0.94130898778427  0.01919432940998
 0.94850907949373  0.01763396502224
 0.95526208759873  0.01617292653539
 0.96156128055393  0.01481390997904
 0.96740037918680  0.01355875811271
 0.97277356295683  0.01240966479550
 0.97767547575760  0.01136775384015
 0.98210123125581  0.01043511150409
 0.98604641776213  0.00961484744743
 0.98950710262886  0.00889928946684
 0.99247983617006  0.00829715267477
 0.99496165510028  0.00783103941468
 0.99695008548844  0.00744127091088
 0.99844314522390  0.00723514926266
 0.99943934599222  0.00748813373329
 0.99993769475883  0.00551382439690
</coords>