<reference>
Airfoil "Interp_010344" created on 04-Oct-2021 12:34:15 for blade project BAR1_SNL_1_18_2021_numad
</reference>
<coords>
 1.00000000000000  0.00000000000000
 0.99251807721777 -0.01317053400830
 0.98477172532953 -0.02372652268319
 0.97676317352310 -0.03396030813895
 0.96849491509095 -0.04440202087219
 0.95996970631298 -0.05541892180057
 0.95119056507618 -0.06690346426717
 0.94216076923210 -0.07864120961091
 0.93288385469349 -0.09056022513755
 0.92336361327171 -0.10252207953183
 0.91360409025658 -0.11451716687250
 0.90360958174088 -0.12652645444005
 0.89338463169180 -0.13842712593915
 0.88293402877191 -0.15030571174807
 0.87226280291239 -0.16214859764523
 0.86137622164181 -0.17381266273704
 0.85027978617358 -0.18527766273702
 0.83897922725575 -0.19658442826909
 0.82748050078693 -0.20767169157635
 0.81578978320236 -0.21849063293092
 0.80391346663444 -0.22899079243761
 0.79185815385216 -0.23921263611387
 0.77963065298419 -0.24917896314575
 0.76723797203057 -0.25877105878549
 0.75468731316805 -0.26802760786727
 0.74198606685463 -0.27695318843719
 0.72914180573866 -0.28552944169750
 0.71616227837835 -0.29376061498646
 0.70305540277761 -0.30164637238656
 0.68982925974439 -0.30918377464035
 0.67649208607775 -0.31635233248773
 0.66305226759024 -0.32311287974800
 0.64951833197214 -0.32947601954209
 0.63589894150444 -0.33550185227025
 0.62220288562749 -0.34115335481519
 0.60843907337240 -0.34632804491286
 0.59461652566257 -0.35117611125384
 0.58074436749250 -0.35563885089267
 0.56683181999159 -0.35960411887549
 0.55288819238051 -0.36327625651182
 0.53892287382772 -0.36658754911100
 0.52494532521421 -0.36952483816403
 0.51096507081422 -0.37208912120115
 0.49699168990001 -0.37425712133808
 0.48303480827879 -0.37600051258724
 0.46910408976990 -0.37736772662206
 0.45520922763064 -0.37843008061878
 0.44135993593878 -0.37903969142851
 0.42756594094035 -0.37925767860223
 0.41383697237084 -0.37913551239219
 0.40018275475838 -0.37863273223069
 0.38661299871724 -0.37783282828439
 0.37313739224009 -0.37662080722619
 0.35976559199745 -0.37499502042077
 0.34650721465281 -0.37307991741775
 0.33337182820181 -0.37075733737789
 0.32036894334383 -0.36812546511905
 0.30750800489451 -0.36519084442894
 0.29479838324739 -0.36187259623103
 0.28224936589298 -0.35821900712120
 0.26987014900367 -0.35427550672330
 0.25766982909235 -0.34995903835001
 0.24565739475320 -0.34531681141433
 0.23384171849240 -0.34042430088301
 0.22223154865682 -0.33515442408008
 0.21083550146861 -0.32961459733633
 0.19966205317328 -0.32378549182842
 0.18871953230907 -0.31765662763879
 0.17801611210500 -0.31122044376402
 0.16755980301519 -0.30449219093508
 0.15735844539646 -0.29755098027450
 0.14741970233660 -0.29025283425588
 0.13775105264012 -0.28272728011272
 0.12835978397843 -0.27493117099030
 0.11925298621107 -0.26684330171991
 0.11043754488448 -0.25853627016110
 0.10192013491472 -0.24996862415801
 0.09370721446024 -0.24113737266183
 0.08580501899074 -0.23213041026501
 0.07821955555778 -0.22291470906217
 0.07095659727293 -0.21351965488072
 0.06402167799864 -0.20391694957922
 0.05742008725715 -0.19400942404447
 0.05115686536233 -0.18402467057471
 0.04523679877930 -0.17384515137772
 0.03966441571623 -0.16336368909273
 0.03444398195273 -0.15270754007584
 0.02957949690883 -0.14204164622884
 0.02507468995843 -0.13120353841242
 0.02093301699086 -0.12024743113628
 0.01715765722377 -0.10927382342924
 0.01375151027065 -0.09805265154995
 0.01071719346565 -0.08660844887800
 0.00805703944848 -0.07491259040634
 0.00577309401164 -0.06290035272688
 0.00386711421217 -0.05092033962915
 0.00234056674961 -0.03887555613718
 0.00119462661202 -0.02700748182853
 0.00043017599104 -0.01502688855408
 0.00004780346740 -0.00522160372198
 0.00000000000000  0.00000000000000
 0.00019120466665  0.01119808962771
 0.00076467143645  0.02152122940101
 0.00171995875493  0.03333497200783
 0.00305633115100  0.04525130680088
 0.00477275991608  0.05771874595175
 0.00686792405390  0.06981688679433
 0.00934021150015  0.08224647251222
 0.01218772061061  0.09403345494379
 0.01540826191658  0.10548136286170
 0.01899936014557  0.11665055623022
 0.02295825650558  0.12766970064970
 0.02728191123048  0.13867732558882
 0.03196700638424  0.14946532546014
 0.03700994892108  0.16027113829768
 0.04240687399862  0.17093985964572
 0.04815364854088  0.18135704750272
 0.05424587504745  0.19157434559462
 0.06067889564535  0.20163608142547
 0.06744779637946  0.21155929058393
 0.07454741173730  0.22121203335159
 0.08197232940398  0.23064533395770
 0.08971689524236  0.23990768344456
 0.09777521849381  0.24895123161092
 0.10614117719436  0.25776857354184
 0.11480842380103  0.26631667886793
 0.12377039102278  0.27461314701323
 0.13302029785042  0.28263277040515
 0.14255115577967  0.29034673344373
 0.15235577522116  0.29785987217128
 0.16242677209123  0.30504032263925
 0.17275657457706  0.31191597111873
 0.18333743006957  0.31857031940891
 0.19416141225724  0.32487848736322
 0.20522042837408  0.33090807903366
 0.21650622659455  0.33660774404977
 0.22801040356831  0.34201139736863
 0.23972441208746  0.34711156662718
 0.25163956887872  0.35188593759180
 0.26374706251308  0.35633581881140
 0.27603796142515  0.36043455734054
 0.28850322203442  0.36416286016113
 0.30113369696052  0.36755055826650
 0.31392014332454  0.37059566531462
 0.32685323112824  0.37329389760038
 0.33992355170316  0.37565951181595
 0.35312162622121  0.37764968865982
 0.36643791425869  0.37930266790414
 0.37986282240528  0.38059144944858
 0.39338671290965  0.38147335363722
 0.40699991235342  0.38205268394574
 0.42069272034492  0.38225864128828
 0.43445541822435  0.38207983050264
 0.44827827777200  0.38152976683810
 0.46215156991094  0.38057190156149
 0.47606557339588  0.37934215276572
 0.49001058347973  0.37772770060791
 0.50397692054950  0.37565474731335
 0.51795493872316  0.37330206164027
 0.53193503439916  0.37058810207413
 0.54590765475043  0.36750596567793
 0.55986330615449  0.36407388104915
 0.57379256255178  0.36016755465041
 0.58768607372388  0.35590273062419
 0.60153457348388  0.35132788373609
 0.61532888777090  0.34639820653845
 0.62905994264099  0.34109760394578
 0.64271877214673  0.33546247488504
 0.65629652609803  0.32948608176112
 0.66978447769655  0.32314244694388
 0.68317403103660  0.31646055821005
 0.69645672846518  0.30951486658829
 0.70962425779424  0.30223417649742
 0.72266845935821  0.29457849832772
 0.73558133291010  0.28668328888149
 0.74835504434958  0.27850973026922
 0.76098193227670  0.26999629499363
 0.77345451436494  0.26118115200582
 0.78576549354763  0.25214208605283
 0.79790776401187  0.24281487699615
 0.80987441699426  0.23316650620391
 0.82165874637300  0.22327861848887
 0.83325425405122  0.21320614465581
 0.84465465512621  0.20289901604767
 0.85585388284012  0.19233491985008
 0.86684609330715  0.18159149170254
 0.87762567001308  0.17058976981494
 0.88818722808291  0.15942688639554
 0.89852561831269  0.14807250717082
 0.90863593096187  0.13656206470895
 0.91851349930262  0.12480965053157
 0.92815390292318  0.11286697498270
 0.93755297078192  0.10077637344261
 0.94670678400973  0.08866149343285
 0.95561167845810  0.07628361000499
 0.96426424699070  0.06364223574456
 0.97266134151662  0.05084065531236
 0.98080007476346  0.03744192230359
 0.98867782178891  0.02393365347517
 0.99629222122965  0.01067059224015
</coords>