<reference>
Airfoil "Interp_082758" created on 04-Oct-2021 12:34:15 for blade project BAR1_SNL_1_18_2021_numad
</reference>
<coords>
 1.00000000000000 -0.00000090189682
 0.99734710427298 -0.00002770999774
 0.99427372402698  0.00046293311325
 0.99078109750567  0.00096778201526
 0.98687088177648  0.00131554971457
 0.98254515153346  0.00142193871008
 0.97780639748361  0.00159890628811
 0.97265752431792  0.00174595828265
 0.96710184826925  0.00182549440650
 0.96114309425935  0.00188125353632
 0.95478539263757  0.00194745082121
 0.94803327551462  0.00200673618591
 0.94089167269481  0.00204833785878
 0.93336590721073  0.00209220482853
 0.92546169046467  0.00213338783713
 0.91718511698165  0.00216583516644
 0.90854265877893  0.00218969226412
 0.89954115935781  0.00217352196999
 0.89018782732336  0.00207207087282
 0.88049022963839  0.00188635170655
 0.87045628451836  0.00160074547961
 0.86009425397410  0.00119998766104
 0.84941273600971  0.00068811753308
 0.83842065648330  0.00005545520246
 0.82712726063861 -0.00070792168479
 0.81554210431577 -0.00160980051141
 0.80367504484994 -0.00266978106878
 0.79153623166670 -0.00388283528173
 0.77913609658360 -0.00525549671247
 0.76648534382727 -0.00679713021748
 0.75359493977606 -0.00851240379108
 0.74047610243827 -0.01041757698416
 0.72714029067639 -0.01250016187415
 0.71359919318796 -0.01473894854065
 0.69986471725395 -0.01714537076810
 0.68594897726579 -0.01973331569869
 0.67186428304235 -0.02249234746041
 0.65762312794846 -0.02541549501186
 0.64323817682668 -0.02847430322430
 0.62872225375429 -0.03141771166295
 0.61408832963758 -0.03452173065572
 0.59934950965570 -0.03777930208275
 0.58451902056657 -0.04117349386602
 0.56961019788729 -0.04466629382871
 0.55463647296185 -0.04823082028652
 0.53961135992890 -0.05179409653033
 0.52454844260244 -0.05534298274488
 0.50946136127850 -0.05913289837035
 0.49436379948078 -0.06307002671872
 0.47926947065849 -0.06691453215152
 0.46419210484948 -0.07060487450336
 0.44914543532186 -0.07382028520927
 0.43414318520746 -0.07496467224407
 0.41919905414020 -0.07617424676636
 0.40432670491280 -0.07729915322485
 0.38953975016488 -0.07827389889786
 0.37485173911576 -0.07930696991824
 0.36027614435506 -0.08027855026251
 0.34582634870421 -0.08104273439361
 0.33151563216185 -0.08156553336425
 0.31735715894620 -0.08185104225730
 0.30336396464699 -0.08189724591349
 0.28954894350001 -0.08169457540690
 0.27592483579660 -0.08128596557151
 0.26250421544078 -0.08066155608012
 0.24929947766625 -0.07986794026592
 0.23632282692544 -0.07891723435695
 0.22358626496273 -0.07777899647734
 0.21110157908350 -0.07643907241841
 0.19888033063079 -0.07493693637785
 0.18693384368090 -0.07330595712866
 0.17527319396928 -0.07151248755021
 0.16390919805747 -0.06954986021007
 0.15285240275210 -0.06748646291231
 0.14211307478625 -0.06530564702572
 0.13170119077345 -0.06303075343991
 0.12162642744442 -0.06069182951354
 0.11189815217601 -0.05826154922643
 0.10252541382192 -0.05575922198579
 0.09351693385425 -0.05318943429821
 0.08488109782461 -0.05058232083760
 0.07662594715334 -0.04793463379686
 0.06875917125495 -0.04525269131456
 0.06128810000758 -0.04255828594996
 0.05421969657402 -0.03991349888560
 0.04756055058132 -0.03726284694063
 0.04131687166584 -0.03460166582655
 0.03549448339011 -0.03195752046520
 0.03009881753751 -0.02934432077597
 0.02513490879050 -0.02676091216306
 0.02060738979763 -0.02423005382380
 0.01652048663424 -0.02161362674834
 0.01287801466134 -0.01906868637546
 0.00968337478686 -0.01660695393624
 0.00693955013278 -0.01431768076744
 0.00464910311178 -0.01210043331466
 0.00281417291593 -0.00950996625182
 0.00143647342021 -0.00533758476990
 0.00051729150280 -0.00182814349663
 0.00005748578382 -0.00027083703119
 0.00000000000000  0.00000000000000
 0.00022992970946  0.00072328128273
 0.00091950405125  0.00417198934935
 0.00206807887610  0.01025809589024
 0.00367458130343  0.01406242703758
 0.00573751077281  0.01705914742181
 0.00825494051465  0.02041841714103
 0.01122451943855  0.02389387642182
 0.01464347443744  0.02750960659158
 0.01850861310528  0.03117869510454
 0.02281632686554  0.03498210330134
 0.02756259450747  0.03886031995127
 0.03274298612649  0.04274861735222
 0.03835266746497  0.04663463403489
 0.04438640464894  0.05051437941225
 0.05083856931614  0.05437982466902
 0.05770314413019  0.05824179458709
 0.06497372867563  0.06206478039196
 0.07264354572766  0.06582809777317
 0.08070544789069  0.06955662345102
 0.08915192459889  0.07323067746951
 0.09797510947182  0.07684752145738
 0.10716678801801  0.08040551033649
 0.11671840567854  0.08386924168121
 0.12662107620298  0.08723640752180
 0.13686559034911  0.09050649685460
 0.14744242489790  0.09371473828806
 0.15834175197486  0.09669133109260
 0.16955344866837  0.09959778957236
 0.18106710693557  0.10232602632529
 0.19287204378588  0.10488270742180
 0.20495731173219  0.10728836769422
 0.21731170949918  0.10953657517585
 0.22992379297824  0.11150721746365
 0.24278188641817  0.11321826446653
 0.25587409384044  0.11469416088442
 0.26918831066776  0.11591755803590
 0.28271223555440  0.11685534460246
 0.29643338240663  0.11747526718002
 0.31033909258109  0.11785611611121
 0.32441654724934  0.11791391198909
 0.33865277991610  0.11779620383973
 0.35303468907873  0.11743611436083
 0.36754905101566  0.11686960096972
 0.38218253269077  0.11611287513317
 0.39692170476118  0.11564209952928
 0.41175305467536  0.11507189408917
 0.42666299984874  0.11451563564886
 0.44163790090367  0.11402436053423
 0.45666407496055  0.11274075692200
 0.47172780896715  0.11001293363095
 0.48681537305267  0.10718254404042
 0.50191303389351  0.10417321779860
 0.51700706807739  0.10104505262351
 0.53208377545260  0.09825480831172
 0.54712949244917  0.09534683546883
 0.56213060535882  0.09234909566709
 0.57707356356037  0.08928580325665
 0.59194489267774  0.08613579922820
 0.60673120765727  0.08296147224385
 0.62141922575169  0.07970023585965
 0.63599577939754  0.07637190754128
 0.65044782897368  0.07314978096718
 0.66476247542791  0.07011158860664
 0.67892697275950  0.06712080594196
 0.69292874034500  0.06413142375043
 0.70675537509543  0.06117009823004
 0.72039466343259  0.05827107152270
 0.73383459307276  0.05541902288831
 0.74706336460613  0.05261666046221
 0.76006940286052  0.04987880657469
 0.77284136803808  0.04720594302263
 0.78536816661417  0.04459925817319
 0.79763896198734  0.04205949004701
 0.80964318487026  0.03958636890591
 0.82137054341105  0.03716476613631
 0.83281103303518  0.03480021715513
 0.84395494599817  0.03252740741965
 0.85479288063972  0.03032122088087
 0.86531575033009  0.02817668826432
 0.87551479210002  0.02611581212516
 0.88538157494552  0.02411796059129
 0.89490800779956  0.02219215459634
 0.90408634716269  0.02034114754370
 0.91290920438511  0.01855644107357
 0.92136955259310  0.01685566657943
 0.92946073325295  0.01523052751215
 0.93717646236597  0.01367331526046
 0.94451083628854  0.01218726708574
 0.95145833717152  0.01077233191449
 0.95801383801359  0.00943170486917
 0.96417260732384  0.00816285948640
 0.96993031338876  0.00696602003796
 0.97528302813977  0.00584619102840
 0.98022723061735  0.00480918887472
 0.98475981002856  0.00384945771499
 0.98887806839493  0.00307317041284
 0.99257972278822  0.00242298879769
 0.99586290715198  0.00178715454294
 0.99872617370712  0.00100713310885
</coords>