<reference>
Airfoil "Interp_065517" created on 04-Oct-2021 12:34:15 for blade project BAR1_SNL_1_18_2021_numad
</reference>
<coords>
 1.00000000000000  0.00000000000000
 1.00000000000000 -0.00000830190267
 0.99975079456309  0.00166283147812
 0.99900342666575 -0.00212652659561
 0.99775864130055 -0.00192129718308
 0.99601767929663 -0.00167991412827
 0.99378227608276 -0.00138506240358
 0.99105465995749 -0.00101390605376
 0.98783754986789 -0.00061505126969
 0.98413415269925 -0.00017067255336
 0.97994816007843  0.00031852025529
 0.97528374469389  0.00084252659247
 0.97014555613634  0.00139646359853
 0.96453871626387  0.00197379139173
 0.95846881409639  0.00256697483477
 0.95194190024441  0.00317231786046
 0.94496448087759  0.00378741754361
 0.93754351123930  0.00437736043234
 0.92968638871346  0.00490942633593
 0.92140094545068  0.00536383943179
 0.91269544056099  0.00571962387186
 0.90357855188099  0.00594377942490
 0.89405936732360  0.00601846406693
 0.88414737581899  0.00594861804644
 0.87385245785585  0.00570299538983
 0.86318487563232  0.00527614090866
 0.85215526282634  0.00467027194528
 0.84077461399582  0.00385783455054
 0.82905427361902  0.00282936069240
 0.81700592478612  0.00157562274948
 0.80464157755326  0.00007842865093
 0.79197355697065 -0.00169100584158
 0.77901449079672 -0.00375308517153
 0.76577729691045 -0.00616576769287
 0.75227517043459 -0.00887868939918
 0.73852157058244 -0.01189362403369
 0.72453020724146 -0.01519463809408
 0.71031502730689 -0.01876711515494
 0.69589020077925 -0.02260606597883
 0.68127010663931 -0.02669173730240
 0.66646931851488 -0.03095657015876
 0.65150259015344 -0.03543863483164
 0.63638484071530 -0.04009059011243
 0.62113113990189 -0.04486620588975
 0.60575669293391 -0.04971709420902
 0.59027682539445 -0.05461355389420
 0.57470696795213 -0.05949943277753
 0.55906264097945 -0.06432639139570
 0.54335943908178 -0.06905935353464
 0.52761301555225 -0.07365587235664
 0.51183906676831 -0.07807715875088
 0.49605331654514 -0.08229501521386
 0.48027150046187 -0.08627597833304
 0.46450935017599 -0.09010307999496
 0.44878257774169 -0.09356845433136
 0.43310685994776 -0.09667515980578
 0.41749782269060 -0.09943125073803
 0.40197102539801 -0.10182277539242
 0.38654194551920 -0.10387500910039
 0.37122596309655 -0.10557273152095
 0.35603834543442 -0.10691469801057
 0.34099423188038 -0.10791567083118
 0.32610861873401 -0.10859027375876
 0.31139634429821 -0.10892679916076
 0.29687207408811 -0.10895347526446
 0.28255028621210 -0.10867003700490
 0.26844525693983 -0.10808124842742
 0.25457104647120 -0.10722136561023
 0.24094148492096 -0.10608091829431
 0.22757015853246 -0.10468195166375
 0.21447039613465 -0.10302502447281
 0.20165525585557 -0.10112471930701
 0.18913751210575 -0.09898563033265
 0.17692964284440 -0.09662336880795
 0.16504381714107 -0.09405526697551
 0.15349188304533 -0.09128528127248
 0.14228535577631 -0.08833533298927
 0.13143540624411 -0.08523040270143
 0.12095284991438 -0.08197211414487
 0.11084813602724 -0.07858030942620
 0.10113133718124 -0.07506791432878
 0.09181213929280 -0.07145588467530
 0.08289983194104 -0.06776710979915
 0.07440329910775 -0.06400728030365
 0.06633101032164 -0.06020521178533
 0.05869101221573 -0.05636517734231
 0.05149092050627 -0.05251431796527
 0.04473791240127 -0.04866381555206
 0.03843871944607 -0.04482626366495
 0.03259962081320 -0.04100866247654
 0.02722643704317 -0.03722123496634
 0.02232452424240 -0.03348052773898
 0.01789876874419 -0.02978791273755
 0.01395358223787 -0.02614266194975
 0.01049289737114 -0.02253208562330
 0.00752016382994 -0.01894871846527
 0.00503834489972 -0.01570934405321
 0.00304991451156 -0.01235078146351
 0.00155685477610 -0.00821360423688
 0.00056065400778 -0.00309990073993
 0.00006230524117 -0.00031773801355
 0.00000000000000  0.00000000000000
 0.00006230524117  0.00046139617328
 0.00056065400778  0.00380135627586
 0.00155685477610  0.01002987945668
 0.00304991451156  0.01482452456904
 0.00503834489972  0.01911048075294
 0.00752016382994  0.02347404481531
 0.01049289737114  0.02782276061845
 0.01395358223787  0.03228421404478
 0.01789876874419  0.03677345402318
 0.02232452424240  0.04129562368778
 0.02722643704317  0.04582855808861
 0.03259962081320  0.05034054107647
 0.03843871944607  0.05484994906142
 0.04473791240127  0.05932843936324
 0.05149092050627  0.06375446257144
 0.05869101221573  0.06811984546662
 0.06633101032164  0.07242388480230
 0.07440329910775  0.07664027104473
 0.08289983194104  0.08075423821626
 0.09181213929280  0.08475502959379
 0.10113133718124  0.08862633380139
 0.11084813602724  0.09236115301161
 0.12095284991438  0.09594209390404
 0.13143540624411  0.09935776325018
 0.14228535577631  0.10258487090993
 0.15349188304533  0.10562598427394
 0.16504381714107  0.10845888757544
 0.17692964284440  0.11107507048198
 0.18913751210575  0.11347601935085
 0.20165525585557  0.11562343963403
 0.21447039613465  0.11752011037822
 0.22757015853246  0.11918511713608
 0.24094148492096  0.12057906454211
 0.25457104647120  0.12168849805525
 0.26844525693983  0.12253085300882
 0.28255028621210  0.12308833191306
 0.29687207408811  0.12338497488040
 0.31139634429821  0.12338172543853
 0.32610861873401  0.12310350938486
 0.34099423188038  0.12255029781688
 0.35603834543442  0.12174552014983
 0.37122596309655  0.12070127808051
 0.38654194551920  0.11941844408628
 0.40197102539801  0.11791376309907
 0.41749782269060  0.11621488446235
 0.43310685994776  0.11431540753013
 0.44878257774169  0.11220846597107
 0.46450935017599  0.10992856437297
 0.48027150046187  0.10744497699276
 0.49605331654514  0.10495985425105
 0.51183906676831  0.10239587181588
 0.52761301555225  0.09971844366160
 0.54335943908178  0.09693627665012
 0.55906264097945  0.09407358058319
 0.57470696795213  0.09113386321767
 0.59027682539445  0.08812671899517
 0.60575669293391  0.08506760589005
 0.62113113990189  0.08195206703224
 0.63638484071530  0.07880687284866
 0.65150259015344  0.07565218148498
 0.66646931851488  0.07247842126174
 0.68127010663931  0.06930036818784
 0.69589020077925  0.06618151540569
 0.71031502730689  0.06309608460631
 0.72453020724146  0.06004449226709
 0.73852157058244  0.05702243215529
 0.75227517043459  0.05405821395421
 0.76577729691045  0.05115278473997
 0.77901449079672  0.04830615464877
 0.79197355697065  0.04547863029515
 0.80464157755326  0.04272943851268
 0.81700592478612  0.04006928627970
 0.82905427361902  0.03749669884908
 0.84077461399582  0.03500763535727
 0.85215526282634  0.03260840688834
 0.86318487563232  0.03029630256439
 0.87385245785585  0.02807720722663
 0.88414737581899  0.02595660080995
 0.89405936732360  0.02393295189273
 0.90357855188099  0.02200060477136
 0.91269544056099  0.02016214370426
 0.92140094545068  0.01842193156478
 0.92968638871346  0.01677628790905
 0.93754351123930  0.01522732496692
 0.94496448087759  0.01377524592191
 0.95194190024441  0.01241744173576
 0.95846881409639  0.01115062411479
 0.96453871626387  0.00997546906428
 0.97014555613634  0.00889323674837
 0.97528374469389  0.00790450072464
 0.97994816007843  0.00701009739668
 0.98413415269925  0.00621049546930
 0.98783754986789  0.00550708590591
 0.99105465995749  0.00489561191898
 0.99378227608276  0.00436303612553
 0.99601767929663  0.00392625726244
 0.99775864130055  0.00358827443975
 0.99900342666575  0.00334875346901
 0.99975079456309  0.00348830731208
 1.00000000000000  0.00000830190267
</coords>