<reference>
Airfoil "Interp_055172" created on 04-Oct-2021 12:34:15 for blade project BAR1_SNL_1_18_2021_numad
</reference>
<coords>
 1.00000000000000  0.00000000000000
 0.99975079456309 -0.00201921454078
 0.99900342666575 -0.00540625009081
 0.99775864130055 -0.00501485502068
 0.99601767929663 -0.00463311886703
 0.99378227608276 -0.00419728612679
 0.99105465995749 -0.00371050594598
 0.98783754986789 -0.00315742514993
 0.98413415269925 -0.00255723164871
 0.97994816007843 -0.00191953011489
 0.97528374469389 -0.00125213867487
 0.97014555613634 -0.00056392618357
 0.96453871626387  0.00013577007620
 0.95846881409639  0.00083556183109
 0.95194190024441  0.00152732983822
 0.94496448087759  0.00220444339976
 0.93754351123930  0.00282324977047
 0.92968638871346  0.00335480816032
 0.92140094545068  0.00379448183053
 0.91269544056099  0.00412015896103
 0.90357855188099  0.00431109961787
 0.89405936732360  0.00438955103795
 0.88414737581899  0.00432807616743
 0.87385245785585  0.00391946366311
 0.86318487563232  0.00329097885376
 0.85215526282634  0.00244164822502
 0.84077461399582  0.00134758565429
 0.82905427361902 -0.00000915057624
 0.81700592478612 -0.00163873095380
 0.80464157755326 -0.00356129262748
 0.79197355697065 -0.00580901589922
 0.77901449079672 -0.00841056734100
 0.76577729691045 -0.01121938913109
 0.75227517043459 -0.01437208380397
 0.73852157058244 -0.01785981209449
 0.72453020724146 -0.02165945452475
 0.71031502730689 -0.02575876164823
 0.69589020077925 -0.03014364528687
 0.68127010663931 -0.03481978679040
 0.66646931851488 -0.03989559908583
 0.65150259015344 -0.04512791114674
 0.63638484071530 -0.05049992847248
 0.62113113990189 -0.05597367833430
 0.60575669293391 -0.06150500653822
 0.59027682539445 -0.06705283215997
 0.57470696795213 -0.07257106203355
 0.55906264097945 -0.07801556441779
 0.54335943908178 -0.08334566579818
 0.52761301555225 -0.08851921063863
 0.51183906676831 -0.09349884259311
 0.49605331654514 -0.09827161642905
 0.48027150046187 -0.10280701734973
 0.46450935017599 -0.10707929815257
 0.44878257774169 -0.11101440688985
 0.43310685994776 -0.11448656007983
 0.41749782269060 -0.11763518023990
 0.40197102539801 -0.12043632997386
 0.38654194551920 -0.12289878293400
 0.37122596309655 -0.12501698802646
 0.35603834543442 -0.12678608588267
 0.34099423188038 -0.12821110820924
 0.32610861873401 -0.12929978874436
 0.31139634429821 -0.13005590993169
 0.29687207408811 -0.13048200093878
 0.28255028621210 -0.13058792366019
 0.26844525693983 -0.13036534336247
 0.25457104647120 -0.12982950308867
 0.24094148492096 -0.12898498915944
 0.22757015853246 -0.12783974093327
 0.21447039613465 -0.12638457708189
 0.20165525585557 -0.12462270384459
 0.18913751210575 -0.12255779069022
 0.17692964284440 -0.12019961587303
 0.16504381714107 -0.11754581968356
 0.15349188304533 -0.11455820783112
 0.14228535577631 -0.11121396502677
 0.13143540624411 -0.10764151767831
 0.12095284991438 -0.10385251733926
 0.11084813602724 -0.09986880769189
 0.10113133718124 -0.09570314971486
 0.09181213929280 -0.09137881063920
 0.08289983194104 -0.08692120159757
 0.07440329910775 -0.08233986955039
 0.06633101032164 -0.07766653059504
 0.05869101221573 -0.07290079204769
 0.05149092050627 -0.06808564317582
 0.04473791240127 -0.06320013094864
 0.03843871944607 -0.05823033990282
 0.03259962081320 -0.05327508043944
 0.02722643704317 -0.04832385205111
 0.02232452424240 -0.04339510745290
 0.01789876874419 -0.03859292599729
 0.01395358223787 -0.03386409396828
 0.01049289737114 -0.02921526427600
 0.00752016382994 -0.02467638253979
 0.00503834489972 -0.02043906089827
 0.00304991451156 -0.01607264872315
 0.00155685477610 -0.01143405764274
 0.00056065400778 -0.00522543516844
 0.00006230524117 -0.00053813417787
 0.00000000000000  0.00000000000000
 0.00024920543691  0.00248453188302
 0.00099657333425  0.00986808979362
 0.00224135869945  0.01581059785623
 0.00398232070337  0.02099367898118
 0.00621772391724  0.02624332591004
 0.00894534004251  0.03117448891421
 0.01216245013211  0.03634060893997
 0.01586584730075  0.04164281152486
 0.02005183992157  0.04702962129188
 0.02471625530611  0.05230908728674
 0.02985444386366  0.05749607307258
 0.03546128373613  0.06263272955244
 0.04153118590361  0.06772252681697
 0.04805809975559  0.07272644342707
 0.05503551912241  0.07762954657428
 0.06245648876070  0.08243037203666
 0.07031361128654  0.08712020503422
 0.07859905454932  0.09167958024392
 0.08730455943901  0.09609187008629
 0.09642144811901  0.10034121961703
 0.10594063267640  0.10440756554497
 0.11585262418101  0.10827082379206
 0.12614754214415  0.11193199767108
 0.13681512436768  0.11537161993694
 0.14784473717366  0.11857063955125
 0.15922538600418  0.12148265966844
 0.17094572638098  0.12400784721980
 0.18299407521388  0.12622941733208
 0.19535842244674  0.12815674241910
 0.20802644302935  0.12978995576279
 0.22098550920328  0.13112703411078
 0.23422270308955  0.13217737725319
 0.24772482956541  0.13295830875370
 0.26147842941756  0.13347640976663
 0.27546979275854  0.13372167309479
 0.28968497269311  0.13369478376905
 0.30410979922075  0.13342342454381
 0.31872989336069  0.13290233869501
 0.33353068148512  0.13214157832141
 0.34849740984656  0.13117231106563
 0.36361515928470  0.12997390907412
 0.37886886009811  0.12857744209818
 0.39424330706609  0.12698750785988
 0.40972317460555  0.12521681494657
 0.42529303204787  0.12326627565503
 0.44093735902055  0.12115891970544
 0.45664056091822  0.11893775380210
 0.47238698444775  0.11671807912247
 0.48816093323169  0.11432169065749
 0.50394668345486  0.11176329405799
 0.51972849953813  0.10907293438750
 0.53549064982401  0.10627491048159
 0.55121742225831  0.10338120096623
 0.56689314005224  0.10039519538080
 0.58250217730940  0.09733088834811
 0.59802897460199  0.09420852996242
 0.61345805448080  0.09103770953811
 0.62877403690345  0.08782642849344
 0.64396165456558  0.08459833578110
 0.65900576811962  0.08136776920500
 0.67389138126599  0.07815847077197
 0.68860365570179  0.07492643035822
 0.70312792591189  0.07159592445862
 0.71744971378790  0.06828697224569
 0.73155474306017  0.06500927080936
 0.74542895352880  0.06178099661764
 0.75905851507904  0.05861488984183
 0.77242984146754  0.05551301210882
 0.78552960386535  0.05255716570088
 0.79834474414443  0.04973463871093
 0.81086248789425  0.04697739001475
 0.82307035715560  0.04429080750682
 0.83495618285893  0.04167337715564
 0.84650811695467  0.03913064099965
 0.85771464422369  0.03666891454148
 0.86856459375589  0.03428928819740
 0.87904715008562  0.03199020721646
 0.88915186397276  0.02978713127273
 0.89886866281876  0.02748865392107
 0.90818786070720  0.02541532337729
 0.91710016805896  0.02347484278565
 0.92559670089225  0.02164347911589
 0.93366898967836  0.01991411898623
 0.94130898778427  0.01828968088515
 0.94850907949373  0.01676139899051
 0.95526208759873  0.01532808702039
 0.96156128055393  0.01399282600076
 0.96740037918680  0.01275726406819
 0.97277356295683  0.01162328817773
 0.97767547575760  0.01059202581604
 0.98210123125581  0.00966496053386
 0.98604641776213  0.00884405061890
 0.98950710262886  0.00812352104066
 0.99247983617006  0.00752522404299
 0.99496165510028  0.00705416650153
 0.99695008548844  0.00667312978376
 0.99844314522390  0.00643976653997
 0.99943934599222  0.00654391776060
 0.99993769475883  0.00523575350560
</coords>