<reference>
Airfoil "Interp_075862" created on 04-Oct-2021 12:34:15 for blade project BAR1_SNL_1_18_2021_numad
</reference>
<coords>
 1.00000000000000 -0.00000171637986
 0.99952673959677 -0.00013482778230
 0.99856255732007 -0.00026947740978
 0.99710824413984 -0.00002305698783
 0.99516507968398  0.00016424993231
 0.99273483100519  0.00034120187401
 0.98981975086187  0.00061461200863
 0.98642257551480  0.00089530375603
 0.98254652204191  0.00120635520707
 0.97819528517354  0.00154972011991
 0.97337303365163  0.00191762914778
 0.96808440611620  0.00230929652434
 0.96233450652348  0.00271971545929
 0.95612889909993  0.00314664603631
 0.94947360283745  0.00358782216557
 0.94237508553511  0.00404110195792
 0.93484025739338  0.00449149359731
 0.92687646416717  0.00490155105596
 0.91849147988459  0.00522894213320
 0.90969349913861  0.00546494376691
 0.90049112895935  0.00558668500982
 0.89089338027496  0.00557801306006
 0.88090965896983  0.00544092354806
 0.87054975654875  0.00515547363248
 0.85982384041657  0.00471404104677
 0.84874244378283  0.00410823747164
 0.83731645520161  0.00331139393941
 0.82555710775683  0.00232600633332
 0.81347596790391  0.00114604913555
 0.80108492397881 -0.00024433180987
 0.78839617438599 -0.00185601787461
 0.77542221547696 -0.00370617359920
 0.76217582913155 -0.00578535276723
 0.74867007005420 -0.00807700331311
 0.73491825279812 -0.01059109458582
 0.72093393852990 -0.01333459446448
 0.70673092154816 -0.01630147467892
 0.69232321556931 -0.01948556981678
 0.67772503979433 -0.02286628318363
 0.66295080477031 -0.02628772454453
 0.64801509806093 -0.02990269843717
 0.63293266974004 -0.03369592146893
 0.61771841772293 -0.03763841255467
 0.60238737294980 -0.04168945868663
 0.58695468443619 -0.04583494481761
 0.57143560420539 -0.04999951761897
 0.55584547211765 -0.05414917498983
 0.54019970061147 -0.05829488872709
 0.52451375937206 -0.06238339257466
 0.50880315994233 -0.06637317763229
 0.49308344029170 -0.07020641229006
 0.47737014935804 -0.07370969322004
 0.46167883157834 -0.07630128361572
 0.44602501142323 -0.07876490804643
 0.43042417795107 -0.08100846450688
 0.41489176939673 -0.08299790393640
 0.39944315781063 -0.08473532194486
 0.38409363376320 -0.08621417102532
 0.36885839113002 -0.08741953343246
 0.35375251197290 -0.08832448905130
 0.33879095153189 -0.08894631495530
 0.32398852334306 -0.08928549074850
 0.30935988449719 -0.08933270680458
 0.29491952105367 -0.08912676894943
 0.28068173362448 -0.08866520577875
 0.26666062314242 -0.08795733123360
 0.25287007682779 -0.08703734959853
 0.23932375436760 -0.08590078031030
 0.22603507432096 -0.08454383812830
 0.21301720076431 -0.08300164566073
 0.20028303018969 -0.08128749169028
 0.18784517866919 -0.07938787976441
 0.17571596929829 -0.07731255426857
 0.16390741993071 -0.07510438529071
 0.15243123121690 -0.07275123789939
 0.14129877495808 -0.07028475173802
 0.13052108278755 -0.06772641202053
 0.12010883519039 -0.06506544264533
 0.11007235087262 -0.06232180235481
 0.10042157649037 -0.05949686692059
 0.09116607674927 -0.05661560120581
 0.08231502488393 -0.05368524215138
 0.07387719352704 -0.05071414491748
 0.06586094597716 -0.04772101605239
 0.05827422787391 -0.04473103538692
 0.05112455928878 -0.04173350473996
 0.04441902723961 -0.03872768767193
 0.03816427863601 -0.03573868418538
 0.03236651366292 -0.03277628665095
 0.02703147960871 -0.02985411861291
 0.02216446514420 -0.02698159209445
 0.01777029505813 -0.02408182905428
 0.01385332545432 -0.02125725429169
 0.01041743941547 -0.01847098635944
 0.00746604313773 -0.01580855882756
 0.00500206254003 -0.01329375865471
 0.00302794035146 -0.01038346800719
 0.00154563367963 -0.00616650739319
 0.00055661206251 -0.00221600514670
 0.00006185600553 -0.00029862105462
 0.00000000000000  0.00000000000000
 0.00024740869027  0.00092470430302
 0.00098938948212  0.00455521866370
 0.00222520678290  0.01002943361691
 0.00395363541843  0.01394955517876
 0.00617296185270  0.01742756492262
 0.00888098589356  0.02119519929709
 0.01207502288293  0.02501232913307
 0.01575190636924  0.02894043724817
 0.01990799125947  0.03291801896478
 0.02453915744766  0.03698716489549
 0.02964081391624  0.04110184583029
 0.03520790330611  0.04523290739364
 0.04123490695093  0.04936104285372
 0.04771585037062  0.05347257166793
 0.05464430921848  0.05755577211487
 0.06201341567618  0.06162189447020
 0.06981586529013  0.06564744912669
 0.07804392424243  0.06961570546028
 0.08668943704918  0.07351873381817
 0.09574383467849  0.07733806085705
 0.10519814308004  0.08107720563203
 0.11504299211780  0.08473078395309
 0.12526862489683  0.08825729415032
 0.13586490747511  0.09164426878433
 0.14682133895049  0.09489386916435
 0.15812706191284  0.09804949843305
 0.16977087325093  0.10093369816424
 0.18174123530339  0.10372951082810
 0.19402628734238  0.10629682516639
 0.20661385737886  0.10864045665269
 0.21949147427738  0.11079392790264
 0.23264638016856  0.11275004323025
 0.24606554314680  0.11438202268725
 0.25973567024048  0.11572041718778
 0.27364322064187  0.11678688694667
 0.28777441918355  0.11761950961516
 0.30211527004775  0.11814395204829
 0.31665157069519  0.11832458556412
 0.33136892599937  0.11824210861071
 0.34625276257222  0.11782200296742
 0.36128834326701  0.11720196375345
 0.37646078184387  0.11631486939491
 0.39175505778339  0.11519365139102
 0.40715603123358  0.11385871598206
 0.42264845807522  0.11246354684448
 0.43821700509063  0.11085640652548
 0.45384626522078  0.10917648074970
 0.46952077289543  0.10743666963727
 0.48522501942115  0.10533141550213
 0.50094346841182  0.10265509691473
 0.51666057124621  0.09988854806470
 0.53236078253736  0.09695295544724
 0.54802857559816  0.09391815729719
 0.56364845788794  0.09085379373051
 0.57920498642443  0.08769774214727
 0.59468278314602  0.08447000529219
 0.61006655020875  0.08117618233119
 0.62534108520295  0.07780531875812
 0.64049129627431  0.07442939491567
 0.65550221713437  0.07101852248963
 0.67035902194538  0.06760013023247
 0.68504704006479  0.06426564987806
 0.69955177063464  0.06104589135737
 0.71385889700131  0.05789814089884
 0.72795430095128  0.05478558849511
 0.74182407674877  0.05172150416737
 0.75545454496113  0.04874141525637
 0.76883226605834  0.04583688659047
 0.78194405377307  0.04301176872252
 0.79477698820792  0.04027243409662
 0.80731842867676  0.03762510078650
 0.81955602626758  0.03507434561596
 0.83147773611403  0.03261658767184
 0.84307182936372  0.03024992174953
 0.85432690483112  0.02796547210311
 0.86523190032367  0.02576603682732
 0.87577610362964  0.02368134334894
 0.88594916315686  0.02168816647327
 0.89574109821180  0.01978393751688
 0.90514230890865  0.01798528418417
 0.91414358569856  0.01627457967085
 0.92273611850964  0.01466156115181
 0.93091150548847  0.01314523779227
 0.93866176133457  0.01171467376168
 0.94597932521942  0.01038978422031
 0.95285706828213  0.00915996389497
 0.95928830069451  0.00801309911338
 0.96526677828815  0.00695365017050
 0.97078670873731  0.00598140779047
 0.97584275729109  0.00509601151287
 0.98043005204953  0.00429695028086
 0.98454418877807  0.00358346188242
 0.98818123525583  0.00295496266130
 0.99133773515326  0.00241131328225
 0.99401071143532  0.00195114480044
 0.99619766928681  0.00158614730444
 0.99789659855700  0.00131003696760
 0.99910597572103  0.00110729931187
 0.99982476535626  0.00095183548318
</coords>