<reference>
Airfoil "Interp_044827" created on 04-Oct-2021 12:34:15 for blade project BAR1_SNL_1_18_2021_numad
</reference>
<coords>
 1.00000000000000  0.00000000000000
 0.99975079456309 -0.00888698349204
 0.99900342666575 -0.00856042643884
 0.99775864130055 -0.00818064965911
 0.99601767929663 -0.00776055086688
 0.99378227608276 -0.00726419006520
 0.99105465995749 -0.00669378520266
 0.98783754986789 -0.00606761337765
 0.98413415269925 -0.00538929055267
 0.97994816007843 -0.00466756027238
 0.97528374469389 -0.00391764879456
 0.97014555613634 -0.00315440651450
 0.96453871626387 -0.00239409719158
 0.95846881409639 -0.00165519956100
 0.95194190024441 -0.00095360775098
 0.94496448087759 -0.00030464866147
 0.93754351123930  0.00024360920112
 0.92968638871346  0.00066622098579
 0.92140094545068  0.00096251737678
 0.91269544056099  0.00110522157451
 0.90357855188099  0.00109260916905
 0.89405936732360  0.00092749922275
 0.88414737581899  0.00055079518812
 0.87385245785585 -0.00015256318762
 0.86318487563232 -0.00111157308166
 0.85215526282634 -0.00233997591756
 0.84077461399582 -0.00384736918553
 0.82905427361902 -0.00564843299735
 0.81700592478612 -0.00775658413371
 0.80464157755326 -0.01018259046369
 0.79197355697065 -0.01293728083002
 0.77901449079672 -0.01605441685326
 0.76577729691045 -0.01950613097807
 0.75227517043459 -0.02330844477527
 0.73852157058244 -0.02743588857957
 0.72453020724146 -0.03187635050340
 0.71031502730689 -0.03662106192967
 0.69589020077925 -0.04165334781351
 0.68127010663931 -0.04694554525793
 0.66646931851488 -0.05246577109994
 0.65150259015344 -0.05816456726555
 0.63638484071530 -0.06399978238586
 0.62113113990189 -0.06993010624881
 0.60575669293391 -0.07590769143139
 0.59027682539445 -0.08187751409998
 0.57470696795213 -0.08779178912275
 0.55906264097945 -0.09361182736707
 0.54335943908178 -0.09929371417234
 0.52761301555225 -0.10479013974954
 0.51183906676831 -0.11007600765574
 0.49605331654514 -0.11512598226909
 0.48027150046187 -0.11991373090775
 0.46450935017599 -0.12441501487892
 0.44878257774169 -0.12857643848464
 0.43310685994776 -0.13232025298322
 0.41749782269060 -0.13572200107926
 0.40197102539801 -0.13876944303445
 0.38654194551920 -0.14144882932398
 0.37122596309655 -0.14377305863977
 0.35603834543442 -0.14572644035402
 0.34099423188038 -0.14731452432630
 0.32610861873401 -0.14853452760319
 0.31139634429821 -0.14939721177656
 0.29687207408811 -0.14990324829585
 0.28255028621210 -0.15005474930919
 0.26844525693983 -0.14985131443248
 0.25457104647120 -0.14929301997690
 0.24094148492096 -0.14840163881352
 0.22757015853246 -0.14716134862223
 0.21447039613465 -0.14558253372539
 0.20165525585557 -0.14366931738453
 0.18913751210575 -0.14142121263371
 0.17692964284440 -0.13884799003322
 0.16504381714107 -0.13594907181751
 0.15349188304533 -0.13269981556049
 0.14228535577631 -0.12910317164720
 0.13143540624411 -0.12523299046913
 0.12095284991438 -0.12110358729411
 0.11084813602724 -0.11674094071933
 0.10113133718124 -0.11214997809539
 0.09181213929280 -0.10736068557710
 0.08289983194104 -0.10239342488892
 0.07440329910775 -0.09726615889831
 0.06633101032164 -0.09200834060286
 0.05869101221573 -0.08662764912299
 0.05149092050627 -0.08116239372987
 0.04473791240127 -0.07559325502051
 0.03843871944607 -0.06993008639859
 0.03259962081320 -0.06425034079314
 0.02722643704317 -0.05856637578573
 0.02232452424240 -0.05287666260157
 0.01789876874419 -0.04718392079275
 0.01395358223787 -0.04153599333840
 0.01049289737114 -0.03595303732417
 0.00752016382994 -0.03043853087801
 0.00503834489972 -0.02501604818264
 0.00304991451156 -0.01949619920753
 0.00155685477610 -0.01422272298340
 0.00056065400778 -0.00734745109785
 0.00006230524117 -0.00077855036040
 0.00000000000000  0.00000000000000
 0.00024920543691  0.00327392416274
 0.00099657333425  0.01176095435676
 0.00224135869945  0.01785270849795
 0.00398232070337  0.02358478049614
 0.00621772391724  0.02947065994488
 0.00894534004251  0.03521023163995
 0.01216245013211  0.04105388787450
 0.01586584730075  0.04699306104812
 0.02005183992157  0.05295210907638
 0.02471625530611  0.05885461749683
 0.02985444386366  0.06469178256402
 0.03546128373613  0.07045353331456
 0.04153118590361  0.07613717405043
 0.04805809975559  0.08171775314119
 0.05503551912241  0.08717946576024
 0.06245648876070  0.09249903611411
 0.07031361128654  0.09766993572833
 0.07859905454932  0.10267986968184
 0.08730455943901  0.10750411841077
 0.09642144811901  0.11212290116188
 0.10594063267640  0.11652172723572
 0.11585262418101  0.12067191500565
 0.12614754214415  0.12457541464443
 0.13681512436768  0.12821011199421
 0.14784473717366  0.13156610971695
 0.15922538600418  0.13461526919000
 0.17094572638098  0.13727647509474
 0.18299407521388  0.13961341950616
 0.19535842244674  0.14161946858712
 0.20802644302935  0.14330516078724
 0.22098550920328  0.14466476653501
 0.23422270308955  0.14571497389762
 0.24772482956541  0.14646930805512
 0.26147842941756  0.14693503183327
 0.27546979275854  0.14710885461853
 0.28968497269311  0.14700702896713
 0.30410979922075  0.14664441508324
 0.31872989336069  0.14601381821722
 0.33353068148512  0.14514905973291
 0.34849740984656  0.14405832353596
 0.36361515928470  0.14274036916925
 0.37886886009811  0.14121025071612
 0.39424330706609  0.13948523879422
 0.40972317460555  0.13755519623211
 0.42529303204787  0.13545195376091
 0.44093735902055  0.13317927646789
 0.45664056091822  0.13077723975733
 0.47238698444775  0.12830669447726
 0.48816093323169  0.12567103255123
 0.50394668345486  0.12289448672526
 0.51972849953813  0.11998640842223
 0.53549064982401  0.11698066550717
 0.55121742225831  0.11389176886919
 0.56689314005224  0.11071613559324
 0.58250217730940  0.10746511235875
 0.59802897460199  0.10415734041302
 0.61345805448080  0.10080137363428
 0.62877403690345  0.09740173081672
 0.64396165456558  0.09397683648777
 0.65900576811962  0.09053263185254
 0.67389138126599  0.08707133098315
 0.68860365570179  0.08360695995932
 0.70312792591189  0.08015456200150
 0.71744971378790  0.07670900598863
 0.73155474306017  0.07328415247990
 0.74542895352880  0.06989575676406
 0.75905851507904  0.06655160106180
 0.77242984146754  0.06325696525121
 0.78552960386535  0.06004169174148
 0.79834474414443  0.05691128089868
 0.81086248789425  0.05384676914583
 0.82307035715560  0.05084985207765
 0.83495618285893  0.04793756175214
 0.84650811695467  0.04510917374693
 0.85771464422369  0.04236910446532
 0.86856459375589  0.03972723824712
 0.87904715008562  0.03718343916456
 0.88915186397276  0.03473960277502
 0.89886866281876  0.03228488559652
 0.90818786070720  0.03002201011782
 0.91710016805896  0.02788718534112
 0.92559670089225  0.02587462303328
 0.93366898967836  0.02398122948143
 0.94130898778427  0.02220030095468
 0.94850907949373  0.02052706839039
 0.95526208759873  0.01896059396685
 0.96156128055393  0.01750196432490
 0.96740037918680  0.01615286724724
 0.97277356295683  0.01491536432788
 0.97767547575760  0.01378938644787
 0.98210123125581  0.01277754037707
 0.98604641776213  0.01188439112494
 0.98950710262886  0.01109524169857
 0.99247983617006  0.01042859867770
 0.99496165510028  0.00989235936833
 0.99695008548844  0.00937742456967
 0.99844314522390  0.00904075176443
 0.99943934599222  0.00900593537040
 0.99993769475883  0.00583975186644
</coords>