<reference>
Airfoil "Interp_062068" created on 04-Oct-2021 12:34:15 for blade project BAR1_SNL_1_18_2021_numad
</reference>
<coords>
 1.00000000000000  0.00000000000000
 0.99975079456309  0.00186052551883
 0.99900342666575 -0.00324736086615
 0.99775864130055 -0.00304581862127
 0.99601767929663 -0.00278420242069
 0.99378227608276 -0.00245694906026
 0.99105465995749 -0.00205984032918
 0.98783754986789 -0.00160380219323
 0.98413415269925 -0.00109527554228
 0.97994816007843 -0.00054262527905
 0.97528374469389  0.00004579212094
 0.97014555613634  0.00066260653102
 0.96453871626387  0.00130007282277
 0.95846881409639  0.00194885543868
 0.95194190024441  0.00260351621580
 0.94496448087759  0.00326028644410
 0.93754351123930  0.00387799104973
 0.92968638871346  0.00442551910998
 0.92140094545068  0.00489179452862
 0.91269544056099  0.00525295607119
 0.90357855188099  0.00547394273239
 0.89405936732360  0.00553710545805
 0.88414737581899  0.00544336841363
 0.87385245785585  0.00515635896130
 0.86318487563232  0.00467372333205
 0.85215526282634  0.00399961770582
 0.84077461399582  0.00310607121262
 0.82905427361902  0.00197842696391
 0.81700592478612  0.00060667364636
 0.80464157755326 -0.00102924329884
 0.79197355697065 -0.00296460929430
 0.77901449079672 -0.00522352464649
 0.76577729691045 -0.00779768702978
 0.75227517043459 -0.01070076648955
 0.73852157058244 -0.01393035091841
 0.72453020724146 -0.01746296500130
 0.71031502730689 -0.02128302170237
 0.69589020077925 -0.02538168370611
 0.68127010663931 -0.02974798782287
 0.66646931851488 -0.03437331122143
 0.65150259015344 -0.03919200536381
 0.63638484071530 -0.04416912453536
 0.62113113990189 -0.04925818798609
 0.60575669293391 -0.05441062366523
 0.59027682539445 -0.05958993604089
 0.57470696795213 -0.06474443488189
 0.55906264097945 -0.06982521041979
 0.54335943908178 -0.07479247220255
 0.52761301555225 -0.07960355757186
 0.51183906676831 -0.08421369166646
 0.49605331654514 -0.08860331102787
 0.48027150046187 -0.09272662822789
 0.46450935017599 -0.09654896050315
 0.44878257774169 -0.10004783616579
 0.43310685994776 -0.10321093235506
 0.41749782269060 -0.10604308772138
 0.40197102539801 -0.10851942997525
 0.38654194551920 -0.11066124574439
 0.37122596309655 -0.11244976785242
 0.35603834543442 -0.11388534513482
 0.34099423188038 -0.11497524714979
 0.32610861873401 -0.11573441832291
 0.31139634429821 -0.11615433530973
 0.29687207408811 -0.11625300297128
 0.28255028621210 -0.11603341181361
 0.26844525693983 -0.11549554338914
 0.25457104647120 -0.11466926667533
 0.24094148492096 -0.11354644875859
 0.22757015853246 -0.11215283172470
 0.21447039613465 -0.11047911192756
 0.20165525585557 -0.10854095025674
 0.18913751210575 -0.10634594861892
 0.17692964284440 -0.10390847058064
 0.16504381714107 -0.10123959739750
 0.15349188304533 -0.09834929716389
 0.14228535577631 -0.09525461835187
 0.13143540624411 -0.09198004283820
 0.12095284991438 -0.08853025037461
 0.11084813602724 -0.08492501722008
 0.10113133718124 -0.08118083347917
 0.09181213929280 -0.07731827945147
 0.08289983194104 -0.07336329024788
 0.07440329910775 -0.06932093168490
 0.06633101032164 -0.06522304615669
 0.05869101221573 -0.06106900501703
 0.05149092050627 -0.05689731260711
 0.04473791240127 -0.05272352942019
 0.03843871944607 -0.04855807491271
 0.03259962081320 -0.04441054612546
 0.02722643704317 -0.04028578033316
 0.02232452424240 -0.03620527824434
 0.01789876874419 -0.03222006159339
 0.01395358223787 -0.02827613890700
 0.01049289737114 -0.02436727539968
 0.00752016382994 -0.02046096637579
 0.00503834489972 -0.01693171835887
 0.00304991451156 -0.01338194846850
 0.00155685477610 -0.00915615946519
 0.00056065400778 -0.00359840609307
 0.00006230524117 -0.00035719188088
 0.00000000000000  0.00000000000000
 0.00024920543691  0.00182322861401
 0.00099657333425  0.00793936153921
 0.00224135869945  0.01366404949889
 0.00398232070337  0.01833277723544
 0.00621772391724  0.02295167183385
 0.00894534004251  0.02753638964256
 0.01216245013211  0.03219857884033
 0.01586584730075  0.03688933661488
 0.02005183992157  0.04162898142830
 0.02471625530611  0.04634276439549
 0.02985444386366  0.05100459733613
 0.03546128373613  0.05565085889899
 0.04153118590361  0.06026715452197
 0.04805809975559  0.06483332487637
 0.05503551912241  0.06932748290155
 0.06245648876070  0.07374878635938
 0.07031361128654  0.07808504576615
 0.07859905454932  0.08231424842872
 0.08730455943901  0.08642534578032
 0.09642144811901  0.09040513495067
 0.10594063267640  0.09423466715379
 0.11585262418101  0.09790176747578
 0.12614754214415  0.10139992600980
 0.13681512436768  0.10471385796025
 0.14784473717366  0.10782137334958
 0.15922538600418  0.11071386370428
 0.17094572638098  0.11339067348769
 0.18299407521388  0.11583173015221
 0.19535842244674  0.11802786136676
 0.20802644302935  0.11996884258641
 0.22098550920328  0.12165455821447
 0.23422270308955  0.12308355320303
 0.24772482956541  0.12424638521131
 0.26147842941756  0.12514726961428
 0.27546979275854  0.12577549005046
 0.28968497269311  0.12612200545445
 0.30410979922075  0.12620847805767
 0.31872989336069  0.12602304530327
 0.33353068148512  0.12557329308251
 0.34849740984656  0.12488568319329
 0.36361515928470  0.12395230125474
 0.37886886009811  0.12279874527119
 0.39424330706609  0.12142861557892
 0.40972317460555  0.11986679974622
 0.42529303204787  0.11811131362308
 0.44093735902055  0.11617638205241
 0.45664056091822  0.11407580079022
 0.47238698444775  0.11182640333860
 0.48816093323169  0.10942816966765
 0.50394668345486  0.10689450833557
 0.51972849953813  0.10425334743875
 0.53549064982401  0.10150622184879
 0.55121742225831  0.09866841732381
 0.56689314005224  0.09574506162795
 0.58250217730940  0.09274694356744
 0.59802897460199  0.08969087625584
 0.61345805448080  0.08658425715229
 0.62877403690345  0.08343176285724
 0.64396165456558  0.08026170926892
 0.65900576811962  0.07707799327441
 0.67389138126599  0.07389590574191
 0.68860365570179  0.07072275104387
 0.70312792591189  0.06755091404761
 0.71744971378790  0.06440466865599
 0.73155474306017  0.06128707067080
 0.74542895352880  0.05821599862485
 0.75905851507904  0.05520565655227
 0.77242984146754  0.05225397977197
 0.78552960386535  0.04937584944906
 0.79834474414443  0.04657188315620
 0.81086248789425  0.04384284462303
 0.82307035715560  0.04119718550211
 0.83495618285893  0.03862728467437
 0.84650811695467  0.03613966792380
 0.85771464422369  0.03373952443165
 0.86856459375589  0.03142582645007
 0.87904715008562  0.02920014218638
 0.88915186397276  0.02707391108275
 0.89886866281876  0.02504044858983
 0.90818786070720  0.02309301328729
 0.91710016805896  0.02124774489166
 0.92559670089225  0.01949837015485
 0.93366898967836  0.01784285027918
 0.94130898778427  0.01628740585721
 0.94850907949373  0.01482401904192
 0.95526208759873  0.01345121418395
 0.96156128055393  0.01217111926520
 0.96740037918680  0.01098480507286
 0.97277356295683  0.00989341299574
 0.97767547575760  0.00889793474118
 0.98210123125581  0.00799922121578
 0.98604641776213  0.00719801550371
 0.98950710262886  0.00649436017541
 0.99247983617006  0.00589418339066
 0.99496165510028  0.00539487828238
 0.99695008548844  0.00499505947946
 0.99844314522390  0.00469422815838
 0.99943934599222  0.00449632877719
 0.99993769475883  0.00433908718748
</coords>