<reference>
Airfoil "Interp_058620" created on 04-Oct-2021 12:34:15 for blade project BAR1_SNL_1_18_2021_numad
</reference>
<coords>
 1.00000000000000  0.00000000000000
 0.99975079456309  0.00047034719810
 0.99900342666575 -0.00430460786994
 0.99775864130055 -0.00403646591806
 0.99601767929663 -0.00373245562180
 0.99378227608276 -0.00336544132525
 0.99105465995749 -0.00293601803121
 0.98783754986789 -0.00243135037804
 0.98413415269925 -0.00187335976818
 0.97994816007843 -0.00127487725138
 0.97528374469389 -0.00064337323042
 0.97014555613634  0.00001281175001
 0.96453871626387  0.00068513685013
 0.95846881409639  0.00136313140949
 0.95194190024441  0.00203986800287
 0.94496448087759  0.00271010286195
 0.93754351123930  0.00333100149492
 0.92968638871346  0.00387229145139
 0.92140094545068  0.00432671455649
 0.91269544056099  0.00467106781674
 0.90357855188099  0.00487515328008
 0.89405936732360  0.00493601292240
 0.88414737581899  0.00484266910535
 0.87385245785585  0.00449567112336
 0.86318487563232  0.00394064056559
 0.85215526282634  0.00317978186923
 0.84077461399582  0.00218613624687
 0.82905427361902  0.00094268673061
 0.81700592478612 -0.00056056759938
 0.80464157755326 -0.00234457958232
 0.79197355697065 -0.00444500333607
 0.77901449079672 -0.00688893351481
 0.76577729691045 -0.00957601727956
 0.75227517043459 -0.01260144820644
 0.73852157058244 -0.01595969626424
 0.72453020724146 -0.01962619877570
 0.71031502730689 -0.02358713484302
 0.69589020077925 -0.02782975239911
 0.68127010663931 -0.03235889244435
 0.66646931851488 -0.03726854552321
 0.65150259015344 -0.04233862996017
 0.63638484071530 -0.04755016286870
 0.62113113990189 -0.05286281490998
 0.60575669293391 -0.05823109558827
 0.59027682539445 -0.06361637974468
 0.57470696795213 -0.06897064958129
 0.55906264097945 -0.07424682250611
 0.54335943908178 -0.07940382751039
 0.52761301555225 -0.08439915993425
 0.51183906676831 -0.08919033802511
 0.49605331654514 -0.09376201802595
 0.48027150046187 -0.09807489640893
 0.46450935017599 -0.10209787896531
 0.44878257774169 -0.10579203219109
 0.43310685994776 -0.10910273466612
 0.41749782269060 -0.11208546885525
 0.40197102539801 -0.11471387680456
 0.38654194551920 -0.11700382061346
 0.37122596309655 -0.11894229500463
 0.35603834543442 -0.12052783263024
 0.34099423188038 -0.12176573759727
 0.32610861873401 -0.12266779153724
 0.31139634429821 -0.12323255433202
 0.29687207408811 -0.12346822398367
 0.28255028621210 -0.12338385617662
 0.26844525693983 -0.12297278490459
 0.25457104647120 -0.12225905464362
 0.24094148492096 -0.12124061703091
 0.22757015853246 -0.11993735179943
 0.21447039613465 -0.11833834008429
 0.20165525585557 -0.11645331027915
 0.18913751210575 -0.11428990602376
 0.17692964284440 -0.11186118080707
 0.16504381714107 -0.10917067199872
 0.15349188304533 -0.10621282723297
 0.14228535577631 -0.10298970536481
 0.13143540624411 -0.09956190025005
 0.12095284991438 -0.09593833198689
 0.11084813602724 -0.09213946221376
 0.10113133718124 -0.08818069502816
 0.09181213929280 -0.08408324299505
 0.08289983194104 -0.07987363372008
 0.07440329910775 -0.07555846642380
 0.06633101032164 -0.07116994549550
 0.05869101221573 -0.06670618138894
 0.05149092050627 -0.06220957620504
 0.04473791240127 -0.05768344813549
 0.03843871944607 -0.05312864483962
 0.03259962081320 -0.04858714639606
 0.02722643704317 -0.04405553061679
 0.02232452424240 -0.03955669016301
 0.01789876874419 -0.03519859954142
 0.01395358223787 -0.03089624154919
 0.01049289737114 -0.02664252045133
 0.00752016382994 -0.02242890604336
 0.00503834489972 -0.01856225106163
 0.00304991451156 -0.01465162191977
 0.00155685477610 -0.01024491585896
 0.00056065400778 -0.00433555344328
 0.00006230524117 -0.00043923707449
 0.00000000000000  0.00000000000000
 0.00024920543691  0.00212660745162
 0.00099657333425  0.00888427434594
 0.00224135869945  0.01473140448527
 0.00398232070337  0.01964710747623
 0.00621772391724  0.02457803885251
 0.00894534004251  0.02937679066015
 0.01216245013211  0.03430274850405
 0.01586584730075  0.03929677279682
 0.02005183992157  0.04434966691219
 0.02471625530611  0.04932026622655
 0.02985444386366  0.05420832382229
 0.03546128373613  0.05906861285656
 0.04153118590361  0.06389356492375
 0.04805809975559  0.06865531369740
 0.05503551912241  0.07333347087313
 0.06245648876070  0.07792592557172
 0.07031361128654  0.08242245791068
 0.07859905454932  0.08680145536091
 0.08730455943901  0.09104954122993
 0.09642144811901  0.09515238832735
 0.10594063267640  0.09908928862602
 0.11585262418101  0.10284423607270
 0.12614754214415  0.10641558641889
 0.13681512436768  0.10978567701982
 0.14784473717366  0.11293277175468
 0.15922538600418  0.11583139229520
 0.17094572638098  0.11845319257708
 0.18299407521388  0.12080563472133
 0.19535842244674  0.12289316155445
 0.20802644302935  0.12470863419612
 0.22098550920328  0.12624972485224
 0.23422270308955  0.12751850524161
 0.24772482956541  0.12852195905771
 0.26147842941756  0.12926400229436
 0.27546979275854  0.12973185325868
 0.28968497269311  0.12991951023088
 0.30410979922075  0.12985389494183
 0.31872989336069  0.12952783626591
 0.33353068148512  0.12894628876275
 0.34849740984656  0.12814259982547
 0.36361515928470  0.12709711836158
 0.37886886009811  0.12584208164647
 0.39424330706609  0.12438009429783
 0.40972317460555  0.12273161537924
 0.42529303204787  0.12089176298296
 0.44093735902055  0.11888463599524
 0.45664056091822  0.11672998898189
 0.47238698444775  0.11448169244892
 0.48816093323169  0.11207619139065
 0.50394668345486  0.10952280417247
 0.51972849953813  0.10685121601397
 0.53549064982401  0.10407523395068
 0.55121742225831  0.10120630356786
 0.56689314005224  0.09824858183078
 0.58250217730940  0.09521506344561
 0.59802897460199  0.09212461166365
 0.61345805448080  0.08898596869641
 0.62877403690345  0.08580655140785
 0.64396165456558  0.08261168934520
 0.65900576811962  0.07941382487545
 0.67389138126599  0.07623696625580
 0.68860365570179  0.07304349260752
 0.70312792591189  0.06976470071247
 0.71744971378790  0.06651026779105
 0.73155474306017  0.06328761817736
 0.74542895352880  0.06011512581711
 0.75905851507904  0.05700657750070
 0.77242984146754  0.05396268876273
 0.78552960386535  0.05104213493148
 0.79834474414443  0.04823438849762
 0.81086248789425  0.04549561677884
 0.82307035715560  0.04283300832902
 0.83495618285893  0.04024137025387
 0.84650811695467  0.03772753026429
 0.85771464422369  0.03529765129304
 0.86856459375589  0.03295137853779
 0.87904715008562  0.03068812898667
 0.88915186397276  0.02852325804206
 0.89886866281876  0.02638233059256
 0.90818786070720  0.02437681084646
 0.91710016805896  0.02248583429643
 0.92559670089225  0.02069556475762
 0.93366898967836  0.01900161885190
 0.94130898778427  0.01740951081485
 0.94850907949373  0.01591039562216
 0.95526208759873  0.01450292699057
 0.96156128055393  0.01319006010102
 0.96740037918680  0.01197316455701
 0.97277356295683  0.01085373777267
 0.97767547575760  0.00983279635109
 0.98210123125581  0.00891132936623
 0.98604641776213  0.00809037684981
 0.98950710262886  0.00736639268045
 0.99247983617006  0.00676550814638
 0.99496165510028  0.00627914396171
 0.99695008548844  0.00588986628997
 0.99844314522390  0.00561323063097
 0.99943934599222  0.00552763414970
 0.99993769475883  0.00484797025262
</coords>