<reference>
Airfoil "Interp_055172" created on 05-Oct-2021 10:29:55 for blade project BAR3_SNL_1_18_2021_numad
</reference>
<coords>
 1.00000000000000  0.00000000000000
 1.00000000000000 -0.00796186736515
 0.98656545923281 -0.00500931331397
 0.97305885487076 -0.00399277685539
 0.95948363761317 -0.00205195832252
 0.94584333154569 -0.00065589516631
 0.93214153312164  0.00022108994545
 0.91838191006929  0.00041132697094
 0.90456820022565  0.00020239476279
 0.89070421029726 -0.00047509065624
 0.87679381454858 -0.00154756629284
 0.86284095341870 -0.00299049474758
 0.84884963206718 -0.00478485799859
 0.83482391884967 -0.00693095002419
 0.82076794372447 -0.00941596291385
 0.80668589659080 -0.01225800288839
 0.79258202555989 -0.01546697216933
 0.77846063516008 -0.01899152354367
 0.76432608447700 -0.02278013253778
 0.75018278523008 -0.02681550267695
 0.73603519978685 -0.03109387592941
 0.72188783911619 -0.03563369529298
 0.70774526068217 -0.04037023192540
 0.69361206627987 -0.04529180531305
 0.67949289981475 -0.05017234335860
 0.66539244502725 -0.05511844453906
 0.65131542316426 -0.06010302287785
 0.63726659059923 -0.06505785071591
 0.62325073640259 -0.06996136276002
 0.60927267986460 -0.07479611789555
 0.59533726797215 -0.07954580277417
 0.58144937284184 -0.08419329489890
 0.56761388911104 -0.08871772648234
 0.55383573128911 -0.09311412540631
 0.54011983107086 -0.09737393621422
 0.52647113461433 -0.10148217037225
 0.51289459978511 -0.10542402840725
 0.49939519336933 -0.10919167139509
 0.48597788825764 -0.11277858791199
 0.47264766060247 -0.11619740639573
 0.45940948695068 -0.11952920553782
 0.44626834135429 -0.12267175514426
 0.43322919246126 -0.12560975333628
 0.42029700058902 -0.12833474845719
 0.40747671478300 -0.13085262386821
 0.39477326986266 -0.13314803870505
 0.38219158345736 -0.13521978478402
 0.36973655303476 -0.13706900239754
 0.35741305292397 -0.13868537731587
 0.34522593133613 -0.14008000443046
 0.33318000738486 -0.14124676028154
 0.32128006810906 -0.14218264628828
 0.30953086550061 -0.14290105093562
 0.29793711353946 -0.14338480095479
 0.28650348523869 -0.14364143377134
 0.27523460970191 -0.14368852855618
 0.26413506919568 -0.14352023469223
 0.25320939623932 -0.14313299732027
 0.24246207071462 -0.14253918330994
 0.23189751699798 -0.14174062251802
 0.22152010111742 -0.14073864872403
 0.21133412793681 -0.13953651285723
 0.20134383836993 -0.13814232123555
 0.19155340662656 -0.13655656687478
 0.18196693749315 -0.13477684886890
 0.17258846365027 -0.13281202551722
 0.16342194302928 -0.13067165285374
 0.15447125621048 -0.12835849321533
 0.14574020386498 -0.12587203301329
 0.13723250424247 -0.12322395715279
 0.12895179070719 -0.12041935329293
 0.12090160932416 -0.11745948911450
 0.11308541649782 -0.11434900162849
 0.10550657666504 -0.11110071755954
 0.09816836004474 -0.10772048834299
 0.09107394044579 -0.10409594405922
 0.08422639313537 -0.10034357347377
 0.07762869276950 -0.09650888324926
 0.07128371138762 -0.09259120691434
 0.06519421647298 -0.08860789818850
 0.05936286908050 -0.08457011454950
 0.05379222203379 -0.08047806453588
 0.04848471819291 -0.07634274732885
 0.04344268879433 -0.07217725825770
 0.03866835186473 -0.06799171059145
 0.03416381070973 -0.06379581090617
 0.02993105247924 -0.05959018523454
 0.02597194681042 -0.05538676931922
 0.02228824454956 -0.05117769704345
 0.01888157655400 -0.04698700084128
 0.01575345257520 -0.04279793574275
 0.01290526022378 -0.03863273475156
 0.01033826401765 -0.03453575286876
 0.00805360451393 -0.03043793110452
 0.00605229752549 -0.02633738041183
 0.00433523342275 -0.02213962880293
 0.00290317652147 -0.01826338002220
 0.00175676455692 -0.01437479924430
 0.00089650824498 -0.00979164836903
 0.00032279093062 -0.00372463391366
 0.00003586832390 -0.00052127100420
 0.00000000000000  0.00000000000000
 0.00003586832390  0.00055159535449
 0.00032279093062  0.00402433690037
 0.00089650824498  0.01059737532036
 0.00175676455692  0.01553872040630
 0.00290317652147  0.01982764938271
 0.00433523342275  0.02404185934744
 0.00605229752549  0.02834424992660
 0.00805360451393  0.03264223745554
 0.01033826401765  0.03706798479402
 0.01290526022378  0.04146195457996
 0.01575345257520  0.04584781975885
 0.01888157655400  0.05021762627570
 0.02228824454956  0.05459252079914
 0.02597194681042  0.05894798844919
 0.02993105247924  0.06327595379911
 0.03416381070973  0.06756756654396
 0.03866835186473  0.07182596630291
 0.04344268879433  0.07604445937072
 0.04848471819291  0.08021558972730
 0.05379222203379  0.08433203341961
 0.05936286908050  0.08838537387309
 0.06519421647298  0.09236258090112
 0.07128371138762  0.09625299991566
 0.07762869276950  0.10005559049213
 0.08422639313537  0.10376347366037
 0.09107394044579  0.10736837708679
 0.09816836004474  0.11082282143856
 0.10550657666504  0.11401796143976
 0.11308541649782  0.11706761803162
 0.12090160932416  0.11995852022664
 0.12895179070719  0.12268356369160
 0.13723250424247  0.12525167519183
 0.14574020386498  0.12764766749644
 0.15447125621048  0.12987590332662
 0.16342194302928  0.13193130046396
 0.17258846365027  0.13380626886771
 0.18196693749315  0.13550195367880
 0.19155340662656  0.13701686866134
 0.20134383836993  0.13834473018205
 0.21133412793681  0.13948759344276
 0.22152010111742  0.14044674930259
 0.23189751699798  0.14122538257810
 0.24246207071462  0.14182085167186
 0.25320939623932  0.14224077176086
 0.26413506919568  0.14249144401971
 0.27523460970191  0.14257375626550
 0.28650348523869  0.14249695360356
 0.29793711353946  0.14225746363992
 0.30953086550061  0.14185533677628
 0.32128006810906  0.14130144614258
 0.33318000738486  0.14059942490000
 0.34522593133613  0.13974375466945
 0.35741305292397  0.13875315177836
 0.36973655303476  0.13763410477794
 0.38219158345736  0.13638558444272
 0.39477326986266  0.13500927571908
 0.40747671478300  0.13350944114983
 0.42029700058902  0.13190018351703
 0.43322919246126  0.13017798784963
 0.44626834135429  0.12833721704676
 0.45940948695068  0.12639878140349
 0.47264766060247  0.12436081525378
 0.48597788825764  0.12213820731289
 0.49939519336933  0.11981200604317
 0.51289459978511  0.11738021696608
 0.52647113461433  0.11486190970591
 0.54011983107086  0.11226350857112
 0.55383573128911  0.10958337297352
 0.56761388911104  0.10684172022029
 0.58144937284184  0.10404671983728
 0.59533726797215  0.10119330624558
 0.60927267986460  0.09827892261355
 0.62325073640259  0.09530947508298
 0.63726659059923  0.09229163105708
 0.65131542316426  0.08923804993696
 0.66539244502725  0.08616292821079
 0.67949289981475  0.08303565117763
 0.69361206627987  0.07986333439619
 0.70774526068217  0.07678718920149
 0.72188783911619  0.07362045145796
 0.73603519978685  0.07040397481314
 0.75018278523008  0.06709123122540
 0.76432608447700  0.06373671689280
 0.77846063516008  0.06035818447506
 0.79258202555989  0.05696144308894
 0.80668589659080  0.05355137401021
 0.82076794372447  0.05013668886813
 0.83482391884967  0.04671578510911
 0.84884963206718  0.04329165909652
 0.86284095341870  0.03989111165869
 0.87679381454858  0.03651214684853
 0.89070421029726  0.03317616167018
 0.90456820022565  0.02988370127873
 0.91838191006929  0.02662961855310
 0.93214153312164  0.02343499369959
 0.94584333154569  0.02021152947629
 0.95948363761317  0.01706393776315
 0.97305885487076  0.01404081865217
 0.98656545923281  0.01172077625735
 1.00000000000000  0.00796186736515
</coords>