<reference>
Airfoil "Interp_058620" created on 05-Oct-2021 10:29:55 for blade project BAR3_SNL_1_18_2021_numad
</reference>
<coords>
 1.00000000000000  0.00000000000000
 1.00000000000000 -0.00655762531949
 0.98897376377719 -0.00387119516337
 0.97779763690328 -0.00422514856323
 0.96647457587962 -0.00254436364350
 0.95500768775454 -0.00129692893368
 0.94340022906479 -0.00045069337578
 0.93165560462648 -0.00020408819567
 0.91977736617612 -0.00025695905096
 0.90776921086278 -0.00067678421595
 0.89563497959209 -0.00140100425658
 0.88337865522358 -0.00241222593035
 0.87100436062228 -0.00369900298933
 0.85851635656632 -0.00526740204896
 0.84591903951193 -0.00711178309901
 0.83321693921767 -0.00925214919658
 0.82041471622968 -0.01170073473780
 0.80751715923001 -0.01442507134885
 0.79452918225017 -0.01738804366258
 0.78145582175214 -0.02057802598014
 0.76830223357933 -0.02400407609954
 0.75507368977999 -0.02770614407458
 0.74177557530571 -0.03163738306795
 0.72841338458793 -0.03581757271296
 0.71499271799524 -0.03991297016345
 0.70151927817467 -0.04405740947012
 0.68799886628001 -0.04827587505239
 0.67443737809054 -0.05251104923522
 0.66084080002344 -0.05675126294253
 0.64721520504362 -0.06098494994945
 0.63356674847422 -0.06520257244807
 0.61990166371188 -0.06939883041419
 0.60622625785033 -0.07356089876100
 0.59254690721623 -0.07768777205220
 0.57887005282142 -0.08177350231935
 0.56520219573544 -0.08580300055795
 0.55154989238271 -0.08975740613131
 0.53791974976835 -0.09362825047304
 0.52431842063726 -0.09740428524972
 0.51075259857064 -0.10110445958636
 0.49722901302441 -0.10487548906581
 0.48375442431420 -0.10852338018872
 0.47033561855137 -0.11202373819660
 0.45697940253467 -0.11535721069268
 0.44369259860231 -0.11851830203406
 0.43048203944913 -0.12148455562208
 0.41735456291354 -0.12424811556249
 0.40431700673922 -0.12680017598764
 0.39137620331622 -0.12912351487987
 0.37853897440640 -0.13122094483191
 0.36581212585813 -0.13307826722398
 0.35320244231503 -0.13469348618083
 0.34071668192372 -0.13607191304953
 0.32836157104550 -0.13719328450467
 0.31614379897686 -0.13806307766876
 0.30407001268367 -0.13869355627333
 0.29214681155403 -0.13908281040001
 0.28038074217463 -0.13922133798381
 0.26877829313549 -0.13912335117637
 0.25734588986794 -0.13878782626426
 0.24608988952063 -0.13821650049089
 0.23501657587841 -0.13741218433708
 0.22413215432873 -0.13638401483597
 0.21344274688046 -0.13513223753536
 0.20295438723958 -0.13365501002327
 0.19267301594645 -0.13196190283643
 0.18260447557933 -0.13006076236283
 0.17275450602838 -0.12795862609282
 0.16312873984489 -0.12565508658437
 0.15373269766990 -0.12316451594581
 0.14457178374649 -0.12049091647302
 0.13565128152022 -0.11763935010281
 0.12697634933147 -0.11461588364082
 0.11855201620408 -0.11143453357856
 0.11038317773410 -0.10810374278801
 0.10247459208247 -0.10455944290226
 0.09483087607552 -0.10087903796120
 0.08745650141699 -0.09709651030369
 0.08035579101495 -0.09321152635875
 0.07353291542732 -0.08924227673567
 0.06699188942917 -0.08520110734861
 0.06073656870517 -0.08109173684848
 0.05477064667017 -0.07692742303757
 0.04909765142113 -0.07271994188793
 0.04372094282299 -0.06848317561826
 0.03864370973150 -0.06422465051483
 0.03386896735551 -0.05995223149429
 0.02939955476123 -0.05567933037797
 0.02523813252076 -0.05140051472909
 0.02138718050732 -0.04713723323747
 0.01784899583896 -0.04287395503681
 0.01462569097298 -0.03863652148974
 0.01171919195271 -0.03450675492076
 0.00913123680832 -0.03038917386607
 0.00686337411324 -0.02626274446271
 0.00491696169746 -0.02204893898916
 0.00329316551906 -0.01817670291335
 0.00199295869490 -0.01431209120793
 0.00101712069146 -0.00974622067915
 0.00036623667662 -0.00372327957044
 0.00004069703295 -0.00049854526758
 0.00000000000000  0.00000000000000
 0.00004069703295  0.00056245933610
 0.00036623667662  0.00414905835150
 0.00101712069146  0.01084166575512
 0.00199295869490  0.01584397816656
 0.00329316551906  0.02022740966863
 0.00491696169746  0.02455454945430
 0.00686337411324  0.02893084872893
 0.00913123680832  0.03333674120877
 0.01171919195271  0.03786295655654
 0.01462569097298  0.04236230397337
 0.01784899583896  0.04681338546466
 0.02138718050732  0.05124562447016
 0.02523813252076  0.05568644230185
 0.02939955476123  0.06010653593439
 0.03386896735551  0.06449531402126
 0.03864370973150  0.06884237783301
 0.04372094282299  0.07315131095713
 0.04909765142113  0.07741184356685
 0.05477064667017  0.08161491899830
 0.06073656870517  0.08575194488505
 0.06699188942917  0.08981288259026
 0.07353291542732  0.09378321174610
 0.08035579101495  0.09765234948616
 0.08745650141699  0.10141743478713
 0.09483087607552  0.10506937254876
 0.10247459208247  0.10859735086680
 0.11038317773410  0.11197010689281
 0.11855201620408  0.11511687408802
 0.12697634933147  0.11810139406683
 0.13565128152022  0.12090978334054
 0.14457178374649  0.12353346636251
 0.15373269766990  0.12597889117477
 0.16312873984489  0.12823088937482
 0.17275450602838  0.13029190367239
 0.18260447557933  0.13215698786334
 0.19267301594645  0.13381503624452
 0.20295438723958  0.13526750867418
 0.21344274688046  0.13651685094018
 0.22413215432873  0.13755234395993
 0.23501657587841  0.13838400165176
 0.24608988952063  0.13901048826348
 0.25734588986794  0.13943782817390
 0.26877829313549  0.13966707316797
 0.28038074217463  0.13970876008093
 0.29214681155403  0.13956935584382
 0.30407001268367  0.13925125983322
 0.31614379897686  0.13877111788673
 0.32836157104550  0.13812323455195
 0.34071668192372  0.13731776263114
 0.35320244231503  0.13635857236685
 0.36581212585813  0.13525263001919
 0.37853897440640  0.13400360464577
 0.39137620331622  0.13262998696252
 0.40431700673922  0.13113704114266
 0.41735456291354  0.12952626887274
 0.43048203944913  0.12780462306505
 0.44369259860231  0.12597844277854
 0.45697940253467  0.12406283079952
 0.47033561855137  0.12205625875590
 0.48375442431420  0.11995535676885
 0.49722901302441  0.11778152144286
 0.51075259857064  0.11553272615752
 0.52431842063726  0.11304618837435
 0.53791974976835  0.11047204247571
 0.55154989238271  0.10781852735791
 0.56520219573544  0.10510700972022
 0.57887005282142  0.10234603363686
 0.59254690721623  0.09953706951056
 0.60622625785033  0.09669958327621
 0.61990166371188  0.09384038967045
 0.63356674847422  0.09095416693125
 0.64721520504362  0.08804121623658
 0.66084080002344  0.08510365889657
 0.67443737809054  0.08214628257985
 0.68799886628001  0.07918441845238
 0.70151927817467  0.07623233762066
 0.71499271799524  0.07325378568719
 0.72841338458793  0.07030574822731
 0.74177557530571  0.06755764578717
 0.75507368977999  0.06469022957028
 0.76830223357933  0.06176988918727
 0.78145582175214  0.05876329765804
 0.79452918225017  0.05572596853509
 0.80751715923001  0.05268035076060
 0.82041471622968  0.04963301264442
 0.83321693921767  0.04658529990145
 0.84591903951193  0.04354698126670
 0.85851635656632  0.04051786625342
 0.87100436062228  0.03750121443490
 0.88337865522358  0.03452087195683
 0.89563497959209  0.03157578175983
 0.90776921086278  0.02868475292339
 0.91977736617612  0.02584891311603
 0.93165560462648  0.02306240609848
 0.94340022906479  0.02034616387096
 0.95500768775454  0.01760250368358
 0.96647457587962  0.01495215459885
 0.97779763690328  0.01245604217993
 0.98897376377719  0.01052280371770
 1.00000000000000  0.00655762531949
</coords>