<reference>
Airfoil "Interp_024137" created on 05-Oct-2021 10:29:55 for blade project BAR3_SNL_1_18_2021_numad
</reference>
<coords>
 1.00000000000000  0.00000000000000
 1.00000000000000 -0.00871841889215
 0.98421375798636 -0.00666101545667
 0.96843145023519 -0.00793597155449
 0.95265701002844 -0.00972385686037
 0.93689436868733 -0.01163076882270
 0.92114745459252 -0.01419992420546
 0.90542019220516 -0.01661607351049
 0.88971650108872 -0.01964518409317
 0.87404029493228 -0.02328615560083
 0.85839548057505 -0.02750447147589
 0.84278595703275 -0.03224980785491
 0.82721561452590 -0.03745669239486
 0.81168833351028 -0.04301290500775
 0.79620798370985 -0.04894207700043
 0.78077842315231 -0.05522091640487
 0.76540349720763 -0.06171421020323
 0.75008703762969 -0.06841146077017
 0.73483286160132 -0.07533005207484
 0.71964477078299 -0.08237982734002
 0.70452655036533 -0.08948324158922
 0.68948196812583 -0.09659520523100
 0.67451477348979 -0.10368998301015
 0.65962869659589 -0.11074714603910
 0.64482744736657 -0.11765166449566
 0.63011471458345 -0.12440363266279
 0.61549416496799 -0.13098619927759
 0.60096944226766 -0.13738047771227
 0.58654416634787 -0.14356327909498
 0.57222193228979 -0.14952818739059
 0.55800630949442 -0.15527181200676
 0.54390084079298 -0.16075953099739
 0.52990904156400 -0.16595116373384
 0.51603439885716 -0.17086039990672
 0.50228037052432 -0.17553096342395
 0.48865038435767 -0.17993406607273
 0.47514783723553 -0.18400052645747
 0.46177609427571 -0.18783081966469
 0.44853848799689 -0.19138490796824
 0.43543831748808 -0.19460753312960
 0.42247884758641 -0.19743692972907
 0.40966330806347 -0.19995809487810
 0.39699489282039 -0.20221021557053
 0.38447675909182 -0.20420456797208
 0.37211202665914 -0.20589613667415
 0.35990377707289 -0.20727891760408
 0.34785505288481 -0.20843358213892
 0.33596885688957 -0.20937681229793
 0.32424815137639 -0.20999620323270
 0.31269585739082 -0.21036077192913
 0.30131485400669 -0.21051232432451
 0.29010797760867 -0.21043013608428
 0.27907802118528 -0.21015318227143
 0.26822773363292 -0.20960670316029
 0.25755981907072 -0.20881076345918
 0.24707693616662 -0.20783936321661
 0.23678169747483 -0.20661237164462
 0.22667666878466 -0.20521429495195
 0.21676436848111 -0.20364423442755
 0.20704726691722 -0.20184051874767
 0.19752778579842 -0.19984511075810
 0.18820829757898 -0.19770722785226
 0.17909112487074 -0.19535362765804
 0.17017853986427 -0.19282636694191
 0.16147276376262 -0.19019381800152
 0.15297596622770 -0.18732346306482
 0.14469026483959 -0.18430700750652
 0.13661772456878 -0.18114439582207
 0.12876035726154 -0.17781762215606
 0.12112012113854 -0.17432040277479
 0.11369892030679 -0.17067462136754
 0.10649860428513 -0.16691592524467
 0.09952096754325 -0.16297397446017
 0.09276774905452 -0.15890379709844
 0.08624063186256 -0.15467354500754
 0.07994124266183 -0.15027651393954
 0.07387115139216 -0.14576703176511
 0.06803187084757 -0.14110173109197
 0.06242485629917 -0.13626806811254
 0.05705150513256 -0.13134098671930
 0.05191315649949 -0.12628671241723
 0.04701109098416 -0.12112896876035
 0.04234653028407 -0.11586999121109
 0.03792063690554 -0.11041096465555
 0.03373451387398 -0.10492342766128
 0.02978920445901 -0.09930878772694
 0.02608569191446 -0.09348226616458
 0.02262489923329 -0.08754314196516
 0.01940768891760 -0.08154089140525
 0.01643486276363 -0.07540174690914
 0.01370716166200 -0.06924336835799
 0.01122526541300 -0.06311115810426
 0.00898979255721 -0.05691815198942
 0.00700130022133 -0.05055780444678
 0.00526028397934 -0.04386671802408
 0.00376717772899 -0.03654183158745
 0.00252235358366 -0.02837833271604
 0.00152612177962 -0.02053110801542
 0.00077873059872 -0.01313449920743
 0.00028036630652 -0.00506657641743
 0.00003115310584 -0.00111262253749
 0.00000000000000  0.00000000000000
 0.00003115310584  0.00128692288321
 0.00028036630652  0.00561627386326
 0.00077873059872  0.01296227093720
 0.00152612177962  0.02011077615580
 0.00252235358366  0.02786109841911
 0.00376717772899  0.03725820020558
 0.00526028397934  0.04551971596410
 0.00700130022133  0.05284003112337
 0.00898979255721  0.05951806321646
 0.01122526541300  0.06593681986750
 0.01370716166200  0.07229780479850
 0.01643486276363  0.07872012204610
 0.01940768891760  0.08510124014887
 0.02262489923329  0.09137417737032
 0.02608569191446  0.09764526602319
 0.02978920445901  0.10373558328754
 0.03373451387398  0.10969488347724
 0.03792063690554  0.11554067775317
 0.04234653028407  0.12128997802907
 0.04701109098416  0.12693979217938
 0.05191315649949  0.13240692733127
 0.05705150513256  0.13775850936302
 0.06242485629917  0.14299471794577
 0.06803187084757  0.14806509639890
 0.07387115139216  0.15297552382551
 0.07994124266183  0.15771856854912
 0.08624063186256  0.16229178572497
 0.09276774905452  0.16667885531111
 0.09952096754325  0.17089877698749
 0.10649860428513  0.17498870668902
 0.11369892030679  0.17883424581504
 0.12112012113854  0.18257111944316
 0.12876035726154  0.18611474613727
 0.13661772456878  0.18947807593028
 0.14469026483959  0.19266013847580
 0.15297596622770  0.19563407903325
 0.16147276376262  0.19842341276337
 0.17017853986427  0.20103398316761
 0.17909112487074  0.20342700237647
 0.18820829757898  0.20561570432894
 0.19752778579842  0.20758283386306
 0.20704726691722  0.20930873302053
 0.21676436848111  0.21083314045962
 0.22667666878466  0.21215963666096
 0.23678169747483  0.21327551413964
 0.24707693616662  0.21417051458525
 0.25755981907072  0.21486176248823
 0.26822773363292  0.21534522023974
 0.27907802118528  0.21559504887219
 0.29010797760867  0.21566284428533
 0.30131485400669  0.21553658136926
 0.31269585739082  0.21517578468093
 0.32424815137639  0.21459798104390
 0.33596885688957  0.21377614210943
 0.34785505288481  0.21278653792147
 0.35990377707289  0.21165614343562
 0.37211202665914  0.21021214423206
 0.38447675909182  0.20858526594569
 0.39699489282039  0.20681364210510
 0.40966330806347  0.20480750128610
 0.42247884758641  0.20261053881944
 0.43543831748808  0.20022054391720
 0.44853848799689  0.19771719565492
 0.46177609427571  0.19503623627593
 0.47514783723553  0.19217884076941
 0.48865038435767  0.18913117597389
 0.50228037052432  0.18590637931138
 0.51603439885716  0.18253176749779
 0.52990904156400  0.17897770023497
 0.54390084079298  0.17525283324826
 0.55800630949442  0.17140798208300
 0.57222193228979  0.16746177635077
 0.58654416634787  0.16331776007085
 0.60096944226766  0.15905508184936
 0.61549416496799  0.15470858361177
 0.63011471458345  0.15020599427231
 0.64482744736657  0.14554283988693
 0.65962869659589  0.14080321331959
 0.67451477348979  0.13597643374668
 0.68948196812583  0.13100107077231
 0.70452655036533  0.12588984023073
 0.71964477078299  0.12070276808711
 0.73483286160132  0.11542033499650
 0.75008703762969  0.11001439975927
 0.76540349720763  0.10452768445745
 0.78077842315231  0.09893778867099
 0.79620798370985  0.09321996381928
 0.81168833351028  0.08745963405920
 0.82721561452590  0.08162058001835
 0.84278595703275  0.07570883582880
 0.85839548057505  0.06967593279699
 0.87404029493228  0.06361224300089
 0.88971650108872  0.05752268586890
 0.90542019220516  0.05139868555418
 0.92114745459252  0.04526975845167
 0.93689436868733  0.03908746355784
 0.95265701002844  0.03287870906647
 0.96843145023519  0.02652511633645
 0.98421375798636  0.02012687690627
 1.00000000000000  0.00871841889215
</coords>