<reference>
Airfoil "Interp_023816" created on 31-Oct-2019 15:10:14 for blade project BAR008_numad
</reference>
<coords>
 1.00000000000000  0.00000000000000
 1.00000000000000 -0.01304597587454
 0.98421375798636 -0.01129833433643
 0.96843145023519 -0.01043667426062
 0.95265701002844 -0.01065285460531
 0.93689436868733 -0.01182402190722
 0.92114745459252 -0.01368241540667
 0.90542019220516 -0.01626293830947
 0.88971650108872 -0.01950077917032
 0.87404029493228 -0.02335193960554
 0.85839548057505 -0.02781395148033
 0.84278595703275 -0.03276368169527
 0.82721561452590 -0.03815810983732
 0.81168833351028 -0.04390662839984
 0.79620798370985 -0.05002045022211
 0.78077842315231 -0.05648645255568
 0.76540349720763 -0.06314409637793
 0.75008703762969 -0.06998350937558
 0.73483286160132 -0.07704570378640
 0.71964477078299 -0.08422877153344
 0.70452655036533 -0.09140291955715
 0.68948196812583 -0.09859391282730
 0.67451477348979 -0.10578418351200
 0.65962869659589 -0.11291986577963
 0.64482744736657 -0.11987868958183
 0.63011471458345 -0.12663841594156
 0.61549416496799 -0.13331601515357
 0.60096944226766 -0.13974938441568
 0.58654416634787 -0.14594175978994
 0.57222193228979 -0.15193312658987
 0.55800630949442 -0.15764595155687
 0.54390084079298 -0.16319290341460
 0.52990904156400 -0.16833978540031
 0.51603439885716 -0.17327491877842
 0.50228037052432 -0.17795508539782
 0.48865038435767 -0.18231356476813
 0.47514783723553 -0.18633842841750
 0.46177609427571 -0.19009895855811
 0.44853848799689 -0.19361524775201
 0.43543831748808 -0.19678618884606
 0.42247884758641 -0.19961386739973
 0.40966330806347 -0.20219327293044
 0.39699489282039 -0.20445899214213
 0.38447675909182 -0.20644250348484
 0.37211202665914 -0.20809917379065
 0.35990377707289 -0.20955305001657
 0.34785505288481 -0.21068461025121
 0.33596885688957 -0.21162354640213
 0.32424815137639 -0.21225163613852
 0.31269585739082 -0.21264032846261
 0.30131485400669 -0.21272923699825
 0.29010797760867 -0.21262744392416
 0.27907802118528 -0.21233433487991
 0.26822773363292 -0.21171447967964
 0.25755981907072 -0.21092931531158
 0.24707693616662 -0.20990935435794
 0.23678169747483 -0.20863483071012
 0.22667666878466 -0.20721910028628
 0.21676436848111 -0.20553887459042
 0.20704726691722 -0.20373093542572
 0.19752778579842 -0.20168869721514
 0.18820829757898 -0.19949165067772
 0.17909112487074 -0.19707169214586
 0.17017853986427 -0.19450426502821
 0.16147276376262 -0.19180936602251
 0.15297596622770 -0.18888546605401
 0.14469026483959 -0.18582520241721
 0.13661772456878 -0.18259413762019
 0.12876035726154 -0.17925300207712
 0.12112012113854 -0.17568192201591
 0.11369892030679 -0.17201054189201
 0.10649860428513 -0.16822098867247
 0.09952096754325 -0.16423168769633
 0.09276774905452 -0.16014202201727
 0.08624063186256 -0.15587674923249
 0.07994124266183 -0.15146195866713
 0.07387115139216 -0.14690409004913
 0.06803187084757 -0.14222503638344
 0.06242485629917 -0.13734737827945
 0.05705150513256 -0.13236039049046
 0.05191315649949 -0.12728538634446
 0.04701109098416 -0.12213896073779
 0.04234653028407 -0.11675477146772
 0.03792063690554 -0.11135398067704
 0.03373451387398 -0.10583026494554
 0.02978920445901 -0.10012141303114
 0.02608569191446 -0.09431493681256
 0.02262489923329 -0.08838726582778
 0.01940768891760 -0.08229988013576
 0.01643486276363 -0.07611383129749
 0.01370716166200 -0.06991168297825
 0.01122526541300 -0.06379360689930
 0.00898979255721 -0.05758612727077
 0.00700130022133 -0.05114253169166
 0.00526028397934 -0.04445123808542
 0.00376717772899 -0.03703564701465
 0.00252235358366 -0.02893811306229
 0.00152612177962 -0.02089111172862
 0.00077873059872 -0.01362200913104
 0.00028036630652 -0.00715675445349
 0.00003115310584 -0.00220762759602
 0.00000000000000  0.00000000000000
 0.00003115310584  0.00203091611610
 0.00028036630652  0.00653743343855
 0.00077873059872  0.01263176759175
 0.00152612177962  0.01965516914396
 0.00252235358366  0.02780800800955
 0.00376717772899  0.03714390658255
 0.00526028397934  0.04556532273966
 0.00700130022133  0.05285773116276
 0.00898979255721  0.05958060464211
 0.01122526541300  0.06604336810122
 0.01370716166200  0.07241704511481
 0.01643486276363  0.07891513933412
 0.01940768891760  0.08531930973018
 0.02262489923329  0.09164662285506
 0.02608569191446  0.09792276822609
 0.02978920445901  0.10404396641246
 0.03373451387398  0.11007739788991
 0.03792063690554  0.11600683893593
 0.04234653028407  0.12176352398416
 0.04701109098416  0.12745966437087
 0.05191315649949  0.13292739468043
 0.05705150513256  0.13837023196665
 0.06242485629917  0.14361629280691
 0.06803187084757  0.14873382396560
 0.07387115139216  0.15364586874475
 0.07994124266183  0.15851133287470
 0.08624063186256  0.16308823875121
 0.09276774905452  0.16750733511528
 0.09952096754325  0.17180794281609
 0.10649860428513  0.17593689438235
 0.11369892030679  0.17980595705581
 0.12112012113854  0.18358143873928
 0.12876035726154  0.18714701490052
 0.13661772456878  0.19054665031952
 0.14469026483959  0.19377380132260
 0.15297596622770  0.19679541768282
 0.16147276376262  0.19957807043401
 0.17017853986427  0.20220540118107
 0.17909112487074  0.20462065688919
 0.18820829757898  0.20679728022959
 0.19752778579842  0.20880318035058
 0.20704726691722  0.21059357979513
 0.21676436848111  0.21213154974100
 0.22667666878466  0.21348156451767
 0.23678169747483  0.21462217171199
 0.24707693616662  0.21560272251911
 0.25755981907072  0.21630792380978
 0.26822773363292  0.21685057184947
 0.27907802118528  0.21715526341310
 0.29010797760867  0.21725193345777
 0.30131485400669  0.21717111136122
 0.31269585739082  0.21689334409016
 0.32424815137639  0.21638020191377
 0.33596885688957  0.21566577510504
 0.34785505288481  0.21471312623080
 0.35990377707289  0.21366086381897
 0.37211202665914  0.21229456490088
 0.38447675909182  0.21082000575924
 0.39699489282039  0.20907024444230
 0.40966330806347  0.20714099643070
 0.42247884758641  0.20507837090114
 0.43543831748808  0.20273453685351
 0.44853848799689  0.20022804624132
 0.46177609427571  0.19756288809073
 0.47514783723553  0.19466814502897
 0.48865038435767  0.19167860516898
 0.50228037052432  0.18848102338388
 0.51603439885716  0.18513330871527
 0.52990904156400  0.18154696599161
 0.54390084079298  0.17791174785211
 0.55800630949442  0.17404986227986
 0.57222193228979  0.17013417133795
 0.58654416634787  0.16598952773586
 0.60096944226766  0.16177923989659
 0.61549416496799  0.15742208229659
 0.63011471458345  0.15293870999218
 0.64482744736657  0.14828194565685
 0.65962869659589  0.14355357636568
 0.67451477348979  0.13866538252528
 0.68948196812583  0.13371399786916
 0.70452655036533  0.12857395475927
 0.71964477078299  0.12337883283009
 0.73483286160132  0.11807155060155
 0.75008703762969  0.11265725077277
 0.76540349720763  0.10709175889214
 0.78077842315231  0.10151306824112
 0.79620798370985  0.09576431351712
 0.81168833351028  0.08993371398184
 0.82721561452590  0.08404827329516
 0.84278595703275  0.07808122216775
 0.85839548057505  0.07198731080368
 0.87404029493228  0.06585016118746
 0.88971650108872  0.05966179013192
 0.90542019220516  0.05344841741983
 0.92114745459252  0.04722427997025
 0.93689436868733  0.04098365337666
 0.95265701002844  0.03465837237985
 0.96843145023519  0.02824677518473
 0.98421375798636  0.02143869901586
 1.00000000000000  0.01404935664548
</coords>