<reference>
Airfoil "Interp_082411" created on 31-Oct-2019 15:10:14 for blade project BAR008_numad
</reference>
<coords>
 1.00000000000000  0.00000000000000
 1.00000000000000 -0.00136473441556
 0.98421375798636 -0.00000718728476
 0.96843145023519  0.00173909640151
 0.95265701002844  0.00341213601223
 0.93689436868733  0.00468886835964
 0.92114745459252  0.00556243648459
 0.90542019220516  0.00604306579310
 0.88971650108872  0.00611984990763
 0.87404029493228  0.00582345458888
 0.85839548057505  0.00518116855655
 0.84278595703275  0.00420113964613
 0.82721561452590  0.00289974890096
 0.81168833351028  0.00128913256434
 0.79620798370985 -0.00064072850036
 0.78077842315231 -0.00288121191542
 0.76540349720763 -0.00543340482071
 0.75008703762969 -0.00827498948543
 0.73483286160132 -0.01138270854780
 0.71964477078299 -0.01472811720159
 0.70452655036533 -0.01828569598525
 0.68948196812583 -0.02205673904003
 0.67451477348979 -0.02604454279948
 0.65962869659589 -0.03017049182642
 0.64482744736657 -0.03439850226985
 0.63011471458345 -0.03870438659586
 0.61549416496799 -0.04304853056546
 0.60096944226766 -0.04738591387040
 0.58654416634787 -0.05171711475757
 0.57222193228979 -0.05596908542243
 0.55800630949442 -0.06032020554244
 0.54390084079298 -0.06460098648274
 0.52990904156400 -0.06871242051023
 0.51603439885716 -0.07265297597656
 0.50228037052432 -0.07640419064778
 0.48865038435767 -0.07994053316496
 0.47514783723553 -0.08322620651509
 0.46177609427571 -0.08626422429158
 0.44853848799689 -0.08903384585883
 0.43543831748808 -0.09154555258400
 0.42247884758641 -0.09380337332549
 0.40966330806347 -0.09578433056660
 0.39699489282039 -0.09754533830657
 0.38447675909182 -0.09905324332539
 0.37211202665914 -0.10033035460414
 0.35990377707289 -0.10137917308995
 0.34785505288481 -0.10219799711819
 0.33596885688957 -0.10281267419031
 0.32424815137639 -0.10322115260475
 0.31269585739082 -0.10342424029241
 0.30131485400669 -0.10343445032604
 0.29010797760867 -0.10325984771966
 0.27907802118528 -0.10290865026714
 0.26822773363292 -0.10238611197049
 0.25755981907072 -0.10171540944315
 0.24707693616662 -0.10089235208168
 0.23678169747483 -0.09991976334934
 0.22667666878466 -0.09881243919185
 0.21676436848111 -0.09756897506444
 0.20704726691722 -0.09620318310265
 0.19752778579842 -0.09471884531202
 0.18820829757898 -0.09310782989808
 0.17909112487074 -0.09138959526316
 0.17017853986427 -0.08957266152862
 0.16147276376262 -0.08765935168836
 0.15297596622770 -0.08564710778127
 0.14469026483959 -0.08355570944609
 0.13661772456878 -0.08139813950048
 0.12876035726154 -0.07916899887503
 0.12112012113854 -0.07687472768635
 0.11369892030679 -0.07452521893531
 0.10649860428513 -0.07212117759265
 0.09952096754325 -0.06966860037746
 0.09276774905452 -0.06718034880974
 0.08624063186256 -0.06466287640413
 0.07994124266183 -0.06211438841841
 0.07387115139216 -0.05954409409890
 0.06803187084757 -0.05696208281522
 0.06242485629917 -0.05437163383631
 0.05705150513256 -0.05177806704799
 0.05191315649949 -0.04918402464954
 0.04701109098416 -0.04659146257420
 0.04234653028407 -0.04400564030590
 0.03792063690554 -0.04142940906530
 0.03373451387398 -0.03887558888327
 0.02978920445901 -0.03636540152903
 0.02608569191446 -0.03387665044516
 0.02262489923329 -0.03141899825362
 0.01940768891760 -0.02898672614001
 0.01643486276363 -0.02655260934874
 0.01370716166200 -0.02415330190025
 0.01122526541300 -0.02178589736554
 0.00898979255721 -0.01946878651689
 0.00700130022133 -0.01721669591038
 0.00526028397934 -0.01501124285525
 0.00376717772899 -0.01281271129932
 0.00252235358366 -0.01056131417763
 0.00152612177962 -0.00824198604677
 0.00077873059872 -0.00591199667033
 0.00028036630652 -0.00355391932624
 0.00003115310584 -0.00119014644925
 0.00000000000000  0.00000000000000
 0.00003115310584  0.00116650859142
 0.00028036630652  0.00361634242769
 0.00077873059872  0.00618036016768
 0.00152612177962  0.00886904878902
 0.00252235358366  0.01173420431076
 0.00376717772899  0.01469373175128
 0.00526028397934  0.01767273125284
 0.00700130022133  0.02062630169804
 0.00898979255721  0.02358324188493
 0.01122526541300  0.02656911139991
 0.01370716166200  0.02959443239673
 0.01643486276363  0.03265482719506
 0.01940768891760  0.03573666865644
 0.02262489923329  0.03886863908852
 0.02608569191446  0.04201625480640
 0.02978920445901  0.04516751970026
 0.03373451387398  0.04832657086085
 0.03792063690554  0.05146283738975
 0.04234653028407  0.05458670818233
 0.04701109098416  0.05769823602273
 0.05191315649949  0.06079007906557
 0.05705150513256  0.06386449892749
 0.06242485629917  0.06692286326015
 0.06803187084757  0.06995497302209
 0.07387115139216  0.07295074268275
 0.07994124266183  0.07590487306289
 0.08624063186256  0.07881443655777
 0.09276774905452  0.08167267571488
 0.09952096754325  0.08447099510305
 0.10649860428513  0.08721835622057
 0.11369892030679  0.08990516205258
 0.12112012113854  0.09251387201261
 0.12876035726154  0.09504751120417
 0.13661772456878  0.09749028614393
 0.14469026483959  0.09984095722278
 0.15297596622770  0.10211531468950
 0.16147276376262  0.10430024817044
 0.17017853986427  0.10632971110045
 0.17909112487074  0.10829186395024
 0.18820829757898  0.11013964950949
 0.19752778579842  0.11184999923484
 0.20704726691722  0.11341226922696
 0.21676436848111  0.11486035485878
 0.22667666878466  0.11620401366746
 0.23678169747483  0.11737144454742
 0.24707693616662  0.11838029019660
 0.25755981907072  0.11920581114002
 0.26822773363292  0.11988381217061
 0.27907802118528  0.12040530343031
 0.29010797760867  0.12076078863785
 0.30131485400669  0.12095923174833
 0.31269585739082  0.12093591572055
 0.32424815137639  0.12075826204645
 0.33596885688957  0.12037858272736
 0.34785505288481  0.11984852868933
 0.35990377707289  0.11915247765714
 0.37211202665914  0.11828106559599
 0.38447675909182  0.11726132219818
 0.39699489282039  0.11611441873252
 0.40966330806347  0.11476682883822
 0.42247884758641  0.11333266032375
 0.43543831748808  0.11171987875166
 0.44853848799689  0.10995006243560
 0.46177609427571  0.10808175873816
 0.47514783723553  0.10605118195533
 0.48865038435767  0.10389501702159
 0.50228037052432  0.10159445177976
 0.51603439885716  0.09922771599742
 0.52990904156400  0.09670939452868
 0.54390084079298  0.09406696131756
 0.55800630949442  0.09132109064516
 0.57222193228979  0.08851859269339
 0.58654416634787  0.08581271374626
 0.60096944226766  0.08302174642089
 0.61549416496799  0.08014798336138
 0.63011471458345  0.07719174751890
 0.64482744736657  0.07419901485596
 0.65962869659589  0.07115052213414
 0.67451477348979  0.06805562003029
 0.68948196812583  0.06493349797757
 0.70452655036533  0.06172382031060
 0.71964477078299  0.05847676610382
 0.73483286160132  0.05519716343334
 0.75008703762969  0.05191665034070
 0.76540349720763  0.04860888322497
 0.78077842315231  0.04530212357534
 0.79620798370985  0.04200666545171
 0.81168833351028  0.03872593243860
 0.82721561452590  0.03548265452347
 0.84278595703275  0.03226210420851
 0.85839548057505  0.02906242867026
 0.87404029493228  0.02588882383656
 0.88971650108872  0.02277121942757
 0.90542019220516  0.01968383757280
 0.92114745459252  0.01663981267960
 0.93689436868733  0.01364658805248
 0.95265701002844  0.01070102845930
 0.96843145023519  0.00788724164030
 0.98421375798636  0.00515655747061
 1.00000000000000  0.00225298333880
</coords>