<reference>
Airfoil "Interp_033353" created on 31-Oct-2019 15:10:14 for blade project BAR008_numad
</reference>
<coords>
 1.00000000000000  0.00000000000000
 1.00000000000000 -0.01373179556149
 0.98421375798636 -0.00899386871076
 0.96843145023519 -0.00523577525483
 0.95265701002844 -0.00303826499073
 0.93689436868733 -0.00184361462033
 0.92114745459252 -0.00138517821593
 0.90542019220516 -0.00160755832913
 0.88971650108872 -0.00248041936389
 0.87404029493228 -0.00399352513650
 0.85839548057505 -0.00611134459634
 0.84278595703275 -0.00879659426173
 0.82721561452590 -0.01199986951152
 0.81168833351028 -0.01567571809459
 0.79620798370985 -0.01975105068255
 0.78077842315231 -0.02423496922397
 0.76540349720763 -0.02908155394061
 0.75008703762969 -0.03426639923181
 0.73483286160132 -0.03975006709726
 0.71964477078299 -0.04548512101967
 0.70452655036533 -0.05142622847985
 0.68948196812583 -0.05752523556025
 0.67451477348979 -0.06374187178648
 0.65962869659589 -0.07000635211034
 0.64482744736657 -0.07628323653212
 0.63011471458345 -0.08253004603986
 0.61549416496799 -0.08870597651343
 0.60096944226766 -0.09477656716952
 0.58654416634787 -0.10070876208615
 0.57222193228979 -0.10648506962400
 0.55800630949442 -0.11208448886916
 0.54390084079298 -0.11747812518134
 0.52990904156400 -0.12265731917888
 0.51603439885716 -0.12760924636323
 0.50228037052432 -0.13232656621333
 0.48865038435767 -0.13680324615890
 0.47514783723553 -0.14102598898959
 0.46177609427571 -0.14499070738697
 0.44853848799689 -0.14868268555282
 0.43543831748808 -0.15210173300556
 0.42247884758641 -0.15522613762083
 0.40966330806347 -0.15806766405523
 0.39699489282039 -0.16062042717810
 0.38447675909182 -0.16290293157427
 0.37211202665914 -0.16492091609075
 0.35990377707289 -0.16666820248238
 0.34785505288481 -0.16816595460859
 0.33596885688957 -0.16940536810772
 0.32424815137639 -0.17040033059399
 0.31269585739082 -0.17115509885076
 0.30131485400669 -0.17167699967777
 0.29010797760867 -0.17196851450047
 0.27907802118528 -0.17202877645233
 0.26822773363292 -0.17186113269832
 0.25755981907072 -0.17148077689380
 0.24707693616662 -0.17088885919933
 0.23678169747483 -0.17009594515196
 0.22667666878466 -0.16909321527365
 0.21676436848111 -0.16790535766192
 0.20704726691722 -0.16652120628592
 0.19752778579842 -0.16496373458313
 0.18820829757898 -0.16323260258204
 0.17909112487074 -0.16132910474755
 0.17017853986427 -0.15926867403615
 0.16147276376262 -0.15705548122792
 0.15297596622770 -0.15467867922700
 0.14469026483959 -0.15215040298438
 0.13661772456878 -0.14948025127014
 0.12876035726154 -0.14666463116964
 0.12112012113854 -0.14371019235602
 0.11369892030679 -0.14063163230819
 0.10649860428513 -0.13742629217574
 0.09952096754325 -0.13410295468539
 0.09276774905452 -0.13065758905585
 0.08624063186256 -0.12709063408734
 0.07994124266183 -0.12340117106673
 0.07387115139216 -0.11960615966550
 0.06803187084757 -0.11568811745145
 0.06242485629917 -0.11166184190147
 0.05705150513256 -0.10752631162578
 0.05191315649949 -0.10329346102467
 0.04701109098416 -0.09895321285321
 0.04234653028407 -0.09454837255832
 0.03792063690554 -0.09006000091501
 0.03373451387398 -0.08549909761757
 0.02978920445901 -0.08085666286713
 0.02608569191446 -0.07611749154150
 0.02262489923329 -0.07127905536244
 0.01940768891760 -0.06632205993260
 0.01643486276363 -0.06128010009200
 0.01370716166200 -0.05621919407754
 0.01122526541300 -0.05115216391008
 0.00898979255721 -0.04612598175828
 0.00700130022133 -0.04106986181039
 0.00526028397934 -0.03581811395102
 0.00376717772899 -0.03015467092260
 0.00252235358366 -0.02358344462243
 0.00152612177962 -0.01706352638586
 0.00077873059872 -0.01129222609168
 0.00028036630652 -0.00640544801778
 0.00003115310584 -0.00202851861668
 0.00000000000000  0.00000000000000
 0.00003115310584  0.00204783567000
 0.00028036630652  0.00635639055754
 0.00077873059872  0.01111325158298
 0.00152612177962  0.01666004101219
 0.00252235358366  0.02357085855856
 0.00376717772899  0.03130824584324
 0.00526028397934  0.03783226750637
 0.00700130022133  0.04353155583876
 0.00898979255721  0.04884006824034
 0.01122526541300  0.05411803558540
 0.01370716166200  0.05946854273586
 0.01643486276363  0.06482923450865
 0.01940768891760  0.07016560256608
 0.02262489923329  0.07541096483761
 0.02608569191446  0.08056588407233
 0.02978920445901  0.08564967470090
 0.03373451387398  0.09064439766303
 0.03792063690554  0.09555491595653
 0.04234653028407  0.10038837965467
 0.04701109098416  0.10511392344770
 0.05191315649949  0.10974204100886
 0.05705150513256  0.11424630885708
 0.06242485629917  0.11863549609278
 0.06803187084757  0.12288435824194
 0.07387115139216  0.12700212580102
 0.07994124266183  0.13097901764263
 0.08624063186256  0.13483420726350
 0.09276774905452  0.13854362387674
 0.09952096754325  0.14209257836698
 0.10649860428513  0.14548168148756
 0.11369892030679  0.14872453958681
 0.12112012113854  0.15180691056119
 0.12876035726154  0.15472448117910
 0.13661772456878  0.15748019737521
 0.14469026483959  0.16005869317546
 0.15297596622770  0.16245252332634
 0.16147276376262  0.16466310452471
 0.17017853986427  0.16668434050433
 0.17909112487074  0.16851402873000
 0.18820829757898  0.17015125473345
 0.19752778579842  0.17158811419146
 0.20704726691722  0.17282771248736
 0.21676436848111  0.17387143782677
 0.22667666878466  0.17472379604190
 0.23678169747483  0.17538940253749
 0.24707693616662  0.17586119546047
 0.25755981907072  0.17615134043440
 0.26822773363292  0.17625132372410
 0.27907802118528  0.17615957239727
 0.29010797760867  0.17588806455718
 0.30131485400669  0.17543962283765
 0.31269585739082  0.17481123850465
 0.32424815137639  0.17400487500231
 0.33596885688957  0.17301816837535
 0.34785505288481  0.17185813611429
 0.35990377707289  0.17053518830778
 0.37211202665914  0.16904266706643
 0.38447675909182  0.16738521667422
 0.39699489282039  0.16556751813776
 0.40966330806347  0.16358303091518
 0.42247884758641  0.16145460661794
 0.43543831748808  0.15917423841795
 0.44853848799689  0.15675641260027
 0.46177609427571  0.15419869242826
 0.47514783723553  0.15150555267020
 0.48865038435767  0.14867195851576
 0.50228037052432  0.14572362349194
 0.51603439885716  0.14265503815712
 0.52990904156400  0.13947257530782
 0.54390084079298  0.13619082245087
 0.55800630949442  0.13281388795187
 0.57222193228979  0.12933760719929
 0.58654416634787  0.12577109229422
 0.60096944226766  0.12213236186344
 0.61549416496799  0.11841496308978
 0.63011471458345  0.11462391436288
 0.64482744736657  0.11077276539566
 0.65962869659589  0.10686563602220
 0.67451477348979  0.10290421714030
 0.68948196812583  0.09889876919555
 0.70452655036533  0.09484290518723
 0.71964477078299  0.09074705522910
 0.73483286160132  0.08661035326851
 0.75008703762969  0.08243245917400
 0.76540349720763  0.07824027715583
 0.78077842315231  0.07401794042760
 0.79620798370985  0.06978141472506
 0.81168833351028  0.06552479069772
 0.82721561452590  0.06125706703784
 0.84278595703275  0.05697240597912
 0.85839548057505  0.05268532563286
 0.87404029493228  0.04839280593510
 0.88971650108872  0.04409618678872
 0.90542019220516  0.03980879091243
 0.92114745459252  0.03555021317510
 0.93689436868733  0.03132983398624
 0.95265701002844  0.02711268375648
 0.96843145023519  0.02290517757565
 0.98421375798636  0.01892537344013
 1.00000000000000  0.01477043236714
</coords>