<reference>
Airfoil "Interp_021877" created on 31-Oct-2019 15:10:14 for blade project BAR008_numad
</reference>
<coords>
 1.00000000000000  0.00000000000000
 1.00000000000000 -0.01201383990436
 0.98421375798636 -0.01147507589970
 0.96843145023519 -0.01173922343802
 0.95265701002844 -0.01310820376476
 0.93689436868733 -0.01542037350582
 0.92114745459252 -0.01839170213082
 0.90542019220516 -0.02209304109020
 0.88971650108872 -0.02643615701879
 0.87404029493228 -0.03135541416673
 0.85839548057505 -0.03686522679792
 0.84278595703275 -0.04279465465694
 0.82721561452590 -0.04911040640333
 0.81168833351028 -0.05570181829730
 0.79620798370985 -0.06263289742975
 0.78077842315231 -0.06987842675279
 0.76540349720763 -0.07723387183953
 0.75008703762969 -0.08467834255891
 0.73483286160132 -0.09229057511966
 0.71964477078299 -0.09995206409992
 0.70452655036533 -0.10749679159312
 0.68948196812583 -0.11498306204676
 0.67451477348979 -0.12241645615347
 0.65962869659589 -0.12974847743278
 0.64482744736657 -0.13681329091053
 0.63011471458345 -0.14360221866716
 0.61549416496799 -0.15031112604952
 0.60096944226766 -0.15671314823710
 0.58654416634787 -0.16283205040128
 0.57222193228979 -0.16873165618221
 0.55800630949442 -0.17430435708646
 0.54390084079298 -0.17973881896845
 0.52990904156400 -0.18468440667599
 0.51603439885716 -0.18943085077683
 0.50228037052432 -0.19391213444599
 0.48865038435767 -0.19803785722731
 0.47514783723553 -0.20179209685122
 0.46177609427571 -0.20528138322489
 0.44853848799689 -0.20854619286959
 0.43543831748808 -0.21143756184010
 0.42247884758641 -0.21397252676472
 0.40966330806347 -0.21628377106267
 0.39699489282039 -0.21828067135484
 0.38447675909182 -0.21999461918750
 0.37211202665914 -0.22135964229497
 0.35990377707289 -0.22256253315167
 0.34785505288481 -0.22341401411270
 0.33596885688957 -0.22411271258358
 0.32424815137639 -0.22447231230948
 0.31269585739082 -0.22460231739903
 0.30131485400669 -0.22440481442078
 0.29010797760867 -0.22404741961678
 0.27907802118528 -0.22352726492277
 0.26822773363292 -0.22263200767823
 0.25755981907072 -0.22161188378887
 0.24707693616662 -0.22034773914430
 0.23678169747483 -0.21881212028660
 0.22667666878466 -0.21717831734936
 0.21676436848111 -0.21524258157759
 0.20704726691722 -0.21322432146606
 0.19752778579842 -0.21094599171597
 0.18820829757898 -0.20852993462704
 0.17909112487074 -0.20586884026908
 0.17017853986427 -0.20307279485082
 0.16147276376262 -0.20016600713713
 0.15297596622770 -0.19700247434043
 0.14469026483959 -0.19372134611095
 0.13661772456878 -0.19026184501119
 0.12876035726154 -0.18671649993128
 0.12112012113854 -0.18290410272753
 0.11369892030679 -0.17901148211075
 0.10649860428513 -0.17500995436086
 0.09952096754325 -0.17077975900606
 0.09276774905452 -0.16647006849462
 0.08624063186256 -0.16197003364212
 0.07994124266183 -0.15731922868181
 0.07387115139216 -0.15252428409468
 0.06803187084757 -0.14761986526976
 0.06242485629917 -0.14249073676602
 0.05705150513256 -0.13726635732163
 0.05191315649949 -0.13197356979615
 0.04701109098416 -0.12663462664919
 0.04234653028407 -0.12099471182136
 0.03792063690554 -0.11537835904724
 0.03373451387398 -0.10963157834341
 0.02978920445901 -0.10366909445170
 0.02608569191446 -0.09762363671766
 0.02262489923329 -0.09146504823009
 0.01940768891760 -0.08514542310443
 0.01643486276363 -0.07873487111115
 0.01370716166200 -0.07231639960312
 0.01122526541300 -0.06601666592802
 0.00898979255721 -0.05957468781626
 0.00700130022133 -0.05282951820020
 0.00526028397934 -0.04585814542511
 0.00376717772899 -0.03813977489835
 0.00252235358366 -0.02985711141057
 0.00152612177962 -0.02174165651169
 0.00077873059872 -0.01428097286082
 0.00028036630652 -0.00732371072981
 0.00003115310584 -0.00225559133572
 0.00000000000000  0.00000000000000
 0.00003115310584  0.00198093343898
 0.00028036630652  0.00647025868836
 0.00077873059872  0.01304429364688
 0.00152612177962  0.02032836421705
 0.00252235358366  0.02843174096034
 0.00376717772899  0.03774046465328
 0.00526028397934  0.04649978739315
 0.00700130022133  0.05410915198967
 0.00898979255721  0.06113703595016
 0.01122526541300  0.06782870913772
 0.01370716166200  0.07436202555958
 0.01643486276363  0.08106316520044
 0.01940768891760  0.08764513046865
 0.02262489923329  0.09416973107972
 0.02608569191446  0.10067499941686
 0.02978920445901  0.10700136448899
 0.03373451387398  0.11325353412767
 0.03792063690554  0.11940918185891
 0.04234653028407  0.12536222370686
 0.04701109098416  0.13128596025665
 0.05191315649949  0.13693985760496
 0.05705150513256  0.14262519665717
 0.06242485629917  0.14808814512220
 0.06803187084757  0.15344324759095
 0.07387115139216  0.15857574227327
 0.07994124266183  0.16372030771788
 0.08624063186256  0.16850948389716
 0.09276774905452  0.17314783103696
 0.09952096754325  0.17770413342288
 0.10649860428513  0.18209400502439
 0.11369892030679  0.18617960941830
 0.12112012113854  0.19021383007972
 0.12876035726154  0.19402370534501
 0.13661772456878  0.19767797095378
 0.14469026483959  0.20117038171715
 0.15297596622770  0.20445687742371
 0.16147276376262  0.20748591876923
 0.17017853986427  0.21038913763010
 0.17909112487074  0.21307516820365
 0.18820829757898  0.21550522811844
 0.19752778579842  0.21779128578822
 0.20704726691722  0.21986033306970
 0.21676436848111  0.22165653249760
 0.22667666878466  0.22326997034070
 0.23678169747483  0.22467447021828
 0.24707693616662  0.22594039830427
 0.25755981907072  0.22688957245345
 0.26822773363292  0.22770143529910
 0.27907802118528  0.22825367956586
 0.29010797760867  0.22859727061521
 0.30131485400669  0.22876469298870
 0.31269585739082  0.22873101593431
 0.32424815137639  0.22844215867681
 0.33596885688957  0.22795302502032
 0.34785505288481  0.22719968338569
 0.35990377707289  0.22638564485904
 0.37211202665914  0.22519206708960
 0.38447675909182  0.22392716284647
 0.39699489282039  0.22233882997934
 0.40966330806347  0.22057064857264
 0.42247884758641  0.21868212601293
 0.43543831748808  0.21645885097767
 0.44853848799689  0.21406651190499
 0.46177609427571  0.21151051324320
 0.47514783723553  0.20868508645011
 0.48865038435767  0.20578711323949
 0.50228037052432  0.20263491574425
 0.51603439885716  0.19931942023778
 0.52990904156400  0.19570711400505
 0.54390084079298  0.19207094975751
 0.55800630949442  0.18814327748380
 0.57222193228979  0.18418836034574
 0.58654416634787  0.17993725271345
 0.60096944226766  0.17562339231394
 0.61549416496799  0.17113418842829
 0.63011471458345  0.16649495238427
 0.64482744736657  0.16163270455060
 0.65962869659589  0.15669298840101
 0.67451477348979  0.15154298345045
 0.68948196812583  0.14632248784182
 0.70452655036533  0.14085253219176
 0.71964477078299  0.13531602250274
 0.73483286160132  0.12963582651518
 0.75008703762969  0.12381620462453
 0.76540349720763  0.11777120707700
 0.78077842315231  0.11172630238608
 0.79620798370985  0.10543977506016
 0.81168833351028  0.09903528995977
 0.82721561452590  0.09254872805314
 0.84278595703275  0.08594201507465
 0.85839548057505  0.07912984782198
 0.87404029493228  0.07224294423005
 0.88971650108872  0.06526448815084
 0.90542019220516  0.05822980363580
 0.92114745459252  0.05115024076474
 0.93689436868733  0.04401285123954
 0.95265701002844  0.03675160116967
 0.96843145023519  0.02938825221720
 0.98421375798636  0.02159646627822
 1.00000000000000  0.01295695825966
</coords>