<reference>
Airfoil "Interp_070412" created on 31-Oct-2019 15:10:14 for blade project BAR008_numad
</reference>
<coords>
 1.00000000000000  0.00000000000000
 1.00000000000000 -0.00486195630531
 0.98421375798636 -0.00250643636914
 0.96843145023519 -0.00032918985245
 0.95265701002844  0.00148824493267
 0.93689436868733  0.00288291650221
 0.92114745459252  0.00382767116206
 0.90542019220516  0.00430723217106
 0.88971650108872  0.00430469268445
 0.87404029493228  0.00383806593550
 0.85839548057505  0.00295136778451
 0.84278595703275  0.00166829013458
 0.82721561452590  0.00000594352558
 0.81168833351028 -0.00204195133422
 0.79620798370985 -0.00447252118454
 0.78077842315231 -0.00730660564994
 0.76540349720763 -0.01054515591128
 0.75008703762969 -0.01409608845971
 0.73483286160132 -0.01793629676785
 0.71964477078299 -0.02204863063480
 0.70452655036533 -0.02639957011812
 0.68948196812583 -0.03108543383671
 0.67451477348979 -0.03597998413240
 0.65962869659589 -0.04097786764915
 0.64482744736657 -0.04605791223223
 0.63011471458345 -0.05118121804850
 0.61549416496799 -0.05629824776648
 0.60096944226766 -0.06138994652058
 0.58654416634787 -0.06640721020316
 0.57222193228979 -0.07132916205102
 0.55800630949442 -0.07610223142494
 0.54390084079298 -0.08072550198434
 0.52990904156400 -0.08516395403231
 0.51603439885716 -0.08939388402229
 0.50228037052432 -0.09341390075331
 0.48865038435767 -0.09719674303681
 0.47514783723553 -0.10073534687856
 0.46177609427571 -0.10402036434817
 0.44853848799689 -0.10704344892083
 0.43543831748808 -0.10980403461547
 0.42247884758641 -0.11232025192235
 0.40966330806347 -0.11458125678620
 0.39699489282039 -0.11658547622245
 0.38447675909182 -0.11835253891236
 0.37211202665914 -0.11987008212599
 0.35990377707289 -0.12115354902746
 0.34785505288481 -0.12219440383726
 0.33596885688957 -0.12301578286952
 0.32424815137639 -0.12361515460175
 0.31269585739082 -0.12400872689450
 0.30131485400669 -0.12419055209345
 0.29010797760867 -0.12416816013503
 0.27907802118528 -0.12395070844883
 0.26822773363292 -0.12353996135326
 0.25755981907072 -0.12295029395526
 0.24707693616662 -0.12218058118684
 0.23678169747483 -0.12124511813241
 0.22667666878466 -0.12014439041695
 0.21676436848111 -0.11888172733392
 0.20704726691722 -0.11745497374840
 0.19752778579842 -0.11588410650061
 0.18820829757898 -0.11415787508942
 0.17909112487074 -0.11230165280144
 0.17017853986427 -0.11030795588366
 0.16147276376262 -0.10817882431538
 0.15297596622770 -0.10593156597742
 0.14469026483959 -0.10356771818135
 0.13661772456878 -0.10109858872852
 0.12876035726154 -0.09852730866942
 0.12112012113854 -0.09585877520864
 0.11369892030679 -0.09310313055285
 0.10649860428513 -0.09027049490884
 0.09952096754325 -0.08735777833378
 0.09276774905452 -0.08438267711307
 0.08624063186256 -0.08135742164644
 0.07994124266183 -0.07827639892656
 0.07387115139216 -0.07515466778304
 0.06803187084757 -0.07200258682362
 0.06242485629917 -0.06881415469807
 0.05705150513256 -0.06560110311838
 0.05191315649949 -0.06238197779840
 0.04701109098416 -0.05915943149407
 0.04234653028407 -0.05593500861251
 0.03792063690554 -0.05271408897684
 0.03373451387398 -0.04950097585492
 0.02978920445901 -0.04629359769985
 0.02608569191446 -0.04309359522870
 0.02262489923329 -0.03991667401475
 0.01940768891760 -0.03679758342208
 0.01643486276363 -0.03376833987572
 0.01370716166200 -0.03074584604881
 0.01122526541300 -0.02772036025409
 0.00898979255721 -0.02471620693417
 0.00700130022133 -0.02176934796013
 0.00526028397934 -0.01890722985787
 0.00376717772899 -0.01610107398150
 0.00252235358366 -0.01329699816698
 0.00152612177962 -0.01048431091819
 0.00077873059872 -0.00758351634135
 0.00028036630652 -0.00459256802278
 0.00003115310584 -0.00152463552751
 0.00000000000000  0.00000000000000
 0.00003115310584  0.00159250029284
 0.00028036630652  0.00479588101753
 0.00077873059872  0.00808260344867
 0.00152612177962  0.01148491735020
 0.00252235358366  0.01500713875653
 0.00376717772899  0.01853513354911
 0.00526028397934  0.02206240966425
 0.00700130022133  0.02553652664137
 0.00898979255721  0.02899605546276
 0.01122526541300  0.03247655216058
 0.01370716166200  0.03599310518341
 0.01643486276363  0.03953056444377
 0.01940768891760  0.04307740965789
 0.02262489923329  0.04656184922168
 0.02608569191446  0.05001232348608
 0.02978920445901  0.05344339470879
 0.03373451387398  0.05686933475104
 0.03792063690554  0.06029368894125
 0.04234653028407  0.06370239051180
 0.04701109098416  0.06708447592274
 0.05191315649949  0.07043251544115
 0.05705150513256  0.07374263124569
 0.06242485629917  0.07701610298871
 0.06803187084757  0.08024660517630
 0.07387115139216  0.08342428518408
 0.07994124266183  0.08654450708835
 0.08624063186256  0.08960114965542
 0.09276774905452  0.09258947528249
 0.09952096754325  0.09550375205464
 0.10649860428513  0.09833082479379
 0.11369892030679  0.10106689486658
 0.12112012113854  0.10371471300452
 0.12876035726154  0.10626429434292
 0.13661772456878  0.10871078976941
 0.14469026483959  0.11104506981617
 0.15297596622770  0.11325256215986
 0.16147276376262  0.11534280016592
 0.17017853986427  0.11731647243550
 0.17909112487074  0.11914941600132
 0.18820829757898  0.12084501434889
 0.19752778579842  0.12239838527287
 0.20704726691722  0.12380984003651
 0.21676436848111  0.12507064168788
 0.22667666878466  0.12617992891095
 0.23678169747483  0.12714176138160
 0.24707693616662  0.12795199089793
 0.25755981907072  0.12861122989682
 0.26822773363292  0.12911980442333
 0.27907802118528  0.12945438392287
 0.29010797760867  0.12962884106254
 0.30131485400669  0.12964400829104
 0.31269585739082  0.12950484347930
 0.32424815137639  0.12919581420848
 0.33596885688957  0.12874689081836
 0.34785505288481  0.12814050087311
 0.35990377707289  0.12737573167644
 0.37211202665914  0.12646737358972
 0.38447675909182  0.12541478601795
 0.39699489282039  0.12421480088187
 0.40966330806347  0.12289079613672
 0.42247884758641  0.12141959837774
 0.43543831748808  0.11981627904577
 0.44853848799689  0.11809662279257
 0.46177609427571  0.11624304154721
 0.47514783723553  0.11427426769509
 0.48865038435767  0.11217833016632
 0.50228037052432  0.10996976720908
 0.51603439885716  0.10764804624839
 0.52990904156400  0.10523336444304
 0.54390084079298  0.10271517189627
 0.55800630949442  0.10009801338337
 0.57222193228979  0.09739048215082
 0.58654416634787  0.09458756069008
 0.60096944226766  0.09171022437082
 0.61549416496799  0.08875169319413
 0.63011471458345  0.08571736161711
 0.64482744736657  0.08261862522157
 0.65962869659589  0.07946550046063
 0.67451477348979  0.07627303603421
 0.68948196812583  0.07305407049276
 0.70452655036533  0.06978455763513
 0.71964477078299  0.06634488582996
 0.73483286160132  0.06287619851997
 0.75008703762969  0.05938900860101
 0.76540349720763  0.05591956853424
 0.78077842315231  0.05249786183211
 0.79620798370985  0.04906160339039
 0.81168833351028  0.04562842958313
 0.82721561452590  0.04219036838985
 0.84278595703275  0.03875904745970
 0.85839548057505  0.03532854861168
 0.87404029493228  0.03191147926165
 0.88971650108872  0.02850810313607
 0.90542019220516  0.02512396641874
 0.92114745459252  0.02176836818394
 0.93689436868733  0.01843294092374
 0.95265701002844  0.01512659325969
 0.96843145023519  0.01181181310241
 0.98421375798636  0.00845519132740
 1.00000000000000  0.00517984032638
</coords>