<reference>
Airfoil "Interp_097500" created on 31-Oct-2019 15:10:14 for blade project BAR008_numad
</reference>
<coords>
 1.00000000000000  0.00000000000000
 1.00000000000000  0.00020348006394
 0.98421375798636  0.00237538268792
 0.96843145023519  0.00392504225215
 0.95265701002844  0.00511977686973
 0.93689436868733  0.00588185611068
 0.92114745459252  0.00602628528513
 0.90542019220516  0.00578553131435
 0.88971650108872  0.00523922040867
 0.87404029493228  0.00443754293778
 0.85839548057505  0.00339230695473
 0.84278595703275  0.00210848368344
 0.82721561452590  0.00060306114674
 0.81168833351028 -0.00109349113883
 0.79620798370985 -0.00296571671701
 0.78077842315231 -0.00498727262413
 0.76540349720763 -0.00714655500224
 0.75008703762969 -0.00942010616426
 0.73483286160132 -0.01179486697773
 0.71964477078299 -0.01426607504495
 0.70452655036533 -0.01682031489128
 0.68948196812583 -0.01941771270800
 0.67451477348979 -0.02206309570708
 0.65962869659589 -0.02474557196696
 0.64482744736657 -0.02745084103166
 0.63011471458345 -0.03017270212461
 0.61549416496799 -0.03307059461548
 0.60096944226766 -0.03598024870889
 0.58654416634787 -0.03888647689582
 0.57222193228979 -0.04173920521885
 0.55800630949442 -0.04420070303478
 0.54390084079298 -0.04647823904339
 0.52990904156400 -0.04867089903746
 0.51603439885716 -0.05078774587611
 0.50228037052432 -0.05283056960823
 0.48865038435767 -0.05494147959322
 0.47514783723553 -0.05692426134755
 0.46177609427571 -0.05877264748302
 0.44853848799689 -0.06048267482151
 0.43543831748808 -0.06204188800664
 0.42247884758641 -0.06345668729862
 0.40966330806347 -0.06471502007177
 0.39699489282039 -0.06584123566978
 0.38447675909182 -0.06681913622144
 0.37211202665914 -0.06765451384829
 0.35990377707289 -0.06833622564343
 0.34785505288481 -0.06886949072921
 0.33596885688957 -0.06925792112356
 0.32424815137639 -0.06951080396304
 0.31269585739082 -0.06963455485715
 0.30131485400669 -0.06964329258097
 0.29010797760867 -0.06955053744881
 0.27907802118528 -0.06935514731292
 0.26822773363292 -0.06906138297923
 0.25755981907072 -0.06868090150438
 0.24707693616662 -0.06821530473716
 0.23678169747483 -0.06766212980631
 0.22667666878466 -0.06703062457563
 0.21676436848111 -0.06632100682259
 0.20704726691722 -0.06554051939311
 0.19752778579842 -0.06468527435090
 0.18820829757898 -0.06376193091026
 0.17909112487074 -0.06277525991350
 0.17017853986427 -0.06173759162845
 0.16147276376262 -0.06064963002184
 0.15297596622770 -0.05951451478152
 0.14469026483959 -0.05834115149044
 0.13661772456878 -0.05712809599875
 0.12876035726154 -0.05587074486654
 0.12112012113854 -0.05457176083522
 0.11369892030679 -0.05323249156004
 0.10649860428513 -0.05185015189019
 0.09952096754325 -0.05043020845984
 0.09276774905452 -0.04897615175218
 0.08624063186256 -0.04749069869811
 0.07994124266183 -0.04597819820988
 0.07387115139216 -0.04444063956091
 0.06803187084757 -0.04287905127845
 0.06242485629917 -0.04129697243617
 0.05705150513256 -0.03969576106958
 0.05191315649949 -0.03807357062310
 0.04701109098416 -0.03643041682111
 0.04234653028407 -0.03478965355545
 0.03792063690554 -0.03313971192107
 0.03373451387398 -0.03145823230303
 0.02978920445901 -0.02977349445116
 0.02608569191446 -0.02811681199874
 0.02262489923329 -0.02642394946591
 0.01940768891760 -0.02468026020862
 0.01643486276363 -0.02288060827752
 0.01370716166200 -0.02102800312595
 0.01122526541300 -0.01914864916185
 0.00898979255721 -0.01726118750430
 0.00700130022133 -0.01536992817500
 0.00526028397934 -0.01344905332113
 0.00376717772899 -0.01151578602385
 0.00252235358366 -0.00959824833748
 0.00152612177962 -0.00763793576348
 0.00077873059872 -0.00553859869013
 0.00028036630652 -0.00338166213179
 0.00003115310584 -0.00118378424129
 0.00000000000000  0.00000000000000
 0.00003115310584  0.00105050740780
 0.00028036630652  0.00335411793743
 0.00077873059872  0.00570680835597
 0.00152612177962  0.00809564829760
 0.00252235358366  0.01041141156203
 0.00376717772899  0.01272097136820
 0.00526028397934  0.01511755962141
 0.00700130022133  0.01764730881585
 0.00898979255721  0.02024861223771
 0.01122526541300  0.02284214273961
 0.01370716166200  0.02542307745135
 0.01643486276363  0.02800318512439
 0.01940768891760  0.03059689146726
 0.02262489923329  0.03321902786091
 0.02608569191446  0.03587495731002
 0.02978920445901  0.03855701170720
 0.03373451387398  0.04121821440356
 0.03792063690554  0.04398518493107
 0.04234653028407  0.04679410124529
 0.04701109098416  0.04960144910753
 0.05191315649949  0.05238685966436
 0.05705150513256  0.05516703294553
 0.06242485629917  0.05793830776877
 0.06803187084757  0.06069544523990
 0.07387115139216  0.06343508683135
 0.07994124266183  0.06615288229440
 0.08624063186256  0.06884501142870
 0.09276774905452  0.07150697860034
 0.09952096754325  0.07413565151610
 0.10649860428513  0.07673489499339
 0.11369892030679  0.07929686087528
 0.12112012113854  0.08180976408964
 0.12876035726154  0.08427409630038
 0.13661772456878  0.08668137204967
 0.14469026483959  0.08903324896355
 0.15297596622770  0.09134080305054
 0.16147276376262  0.09358973408070
 0.17017853986427  0.09573906794716
 0.17909112487074  0.09784177129287
 0.18820829757898  0.09986604684426
 0.19752778579842  0.10179837333001
 0.20704726691722  0.10362901829190
 0.21676436848111  0.10537685375696
 0.22667666878466  0.10704391210575
 0.23678169747483  0.10858705641594
 0.24707693616662  0.11001378409342
 0.25755981907072  0.11131024033030
 0.26822773363292  0.11249078146909
 0.27907802118528  0.11355781587303
 0.29010797760867  0.11449932876366
 0.30131485400669  0.11531621074562
 0.31269585739082  0.11596355461551
 0.32424815137639  0.11647798333182
 0.33596885688957  0.11681339752063
 0.34785505288481  0.11699312570570
 0.35990377707289  0.11700296476180
 0.37211202665914  0.11682882328162
 0.38447675909182  0.11649420948932
 0.39699489282039  0.11601234148988
 0.40966330806347  0.11533617328758
 0.42247884758641  0.11454011869716
 0.43543831748808  0.11356825979641
 0.44853848799689  0.11242203750896
 0.46177609427571  0.11114553685896
 0.47514783723553  0.10969389566876
 0.48865038435767  0.10810060074333
 0.50228037052432  0.10635806621455
 0.51603439885716  0.10469000949724
 0.52990904156400  0.10288429189056
 0.54390084079298  0.10094037392823
 0.55800630949442  0.09887983592637
 0.57222193228979  0.09656439908395
 0.58654416634787  0.09377564178504
 0.60096944226766  0.09085866579175
 0.61549416496799  0.08781914682861
 0.63011471458345  0.08469557928363
 0.64482744736657  0.08165463230359
 0.65962869659589  0.07851326035758
 0.67451477348979  0.07528081856990
 0.68948196812583  0.07197482568036
 0.70452655036533  0.06858593056964
 0.71964477078299  0.06515285742324
 0.73483286160132  0.06164624147016
 0.75008703762969  0.05808930499680
 0.76540349720763  0.05448397269329
 0.78077842315231  0.05085088715748
 0.79620798370985  0.04719786653456
 0.81168833351028  0.04352843470386
 0.82721561452590  0.03986131712857
 0.84278595703275  0.03618692863248
 0.85839548057505  0.03250498145105
 0.87404029493228  0.02882445452719
 0.88971650108872  0.02517994069348
 0.90542019220516  0.02157420332104
 0.92114745459252  0.01801559836682
 0.93689436868733  0.01448883026476
 0.95265701002844  0.01109569077113
 0.96843145023519  0.00758766158443
 0.98421375798636  0.00389304807506
 1.00000000000000  0.00026473916818
</coords>