<reference>
Airfoil "Interp_072427" created on 31-Oct-2019 15:10:14 for blade project BAR008_numad
</reference>
<coords>
 1.00000000000000  0.00000000000000
 1.00000000000000 -0.00446736297730
 0.98421375798636 -0.00218995938353
 0.96843145023519 -0.00006214358553
 0.95265701002844  0.00174383347590
 0.93689436868733  0.00314441879465
 0.92114745459252  0.00410552519211
 0.90542019220516  0.00461066836198
 0.88971650108872  0.00464222913413
 0.87404029493228  0.00421955590492
 0.85839548057505  0.00338562170214
 0.84278595703275  0.00216293861926
 0.82721561452590  0.00056831495179
 0.81168833351028 -0.00140587099255
 0.79620798370985 -0.00375828642802
 0.78077842315231 -0.00650899686562
 0.76540349720763 -0.00965993098284
 0.75008703762969 -0.01312588031775
 0.73483286160132 -0.01688462612461
 0.71964477078299 -0.02091570475179
 0.70452655036533 -0.02518458155256
 0.68948196812583 -0.02976494035054
 0.67451477348979 -0.03455000784382
 0.65962869659589 -0.03944736476997
 0.64482744736657 -0.04443342638281
 0.63011471458345 -0.04946777720195
 0.61549416496799 -0.05450009762275
 0.60096944226766 -0.05951204143997
 0.58654416634787 -0.06445540078979
 0.57222193228979 -0.06930734388309
 0.55800630949442 -0.07401604997389
 0.54390084079298 -0.07857862859176
 0.52990904156400 -0.08296213263036
 0.51603439885716 -0.08714026925389
 0.50228037052432 -0.09111394590841
 0.48865038435767 -0.09485201613307
 0.47514783723553 -0.09834811688552
 0.46177609427571 -0.10159360583487
 0.44853848799689 -0.10457613924163
 0.43543831748808 -0.10729835590965
 0.42247884758641 -0.10977663448620
 0.40966330806347 -0.11200016561117
 0.39699489282039 -0.11396972291742
 0.38447675909182 -0.11570325452557
 0.37211202665914 -0.11718797742626
 0.35990377707289 -0.11844186668015
 0.34785505288481 -0.11945358923965
 0.33596885688957 -0.12024903180314
 0.32424815137639 -0.12082483626005
 0.31269585739082 -0.12119692526478
 0.30131485400669 -0.12135956269759
 0.29010797760867 -0.12131956827516
 0.27907802118528 -0.12108763657085
 0.26822773363292 -0.12066626503860
 0.25755981907072 -0.12006915761918
 0.24707693616662 -0.11929499858276
 0.23678169747483 -0.11835869852634
 0.22667666878466 -0.11726073268768
 0.21676436848111 -0.11600380243730
 0.20704726691722 -0.11458633084788
 0.19752778579842 -0.11302912827078
 0.18820829757898 -0.11131919063605
 0.17909112487074 -0.10948335481099
 0.17017853986427 -0.10751355181241
 0.16147276376262 -0.10541374898843
 0.15297596622770 -0.10319868800849
 0.14469026483959 -0.10087035559262
 0.13661772456878 -0.09844165230961
 0.12876035726154 -0.09591522821226
 0.12112012113854 -0.09329476806167
 0.11369892030679 -0.09059066130386
 0.10649860428513 -0.08781341557396
 0.09952096754325 -0.08495965456579
 0.09276774905452 -0.08204689047611
 0.08624063186256 -0.07908733788282
 0.07994124266183 -0.07607500085338
 0.07387115139216 -0.07302452545615
 0.06803187084757 -0.06994657995556
 0.06242485629917 -0.06683526141185
 0.05705150513256 -0.06370158015432
 0.05191315649949 -0.06056397503716
 0.04701109098416 -0.05742563929998
 0.04234653028407 -0.05428795342176
 0.03792063690554 -0.05115574132027
 0.03373451387398 -0.04803296587769
 0.02978920445901 -0.04491750130636
 0.02608569191446 -0.04181158117499
 0.02262489923329 -0.03873133117483
 0.01940768891760 -0.03570802929578
 0.01643486276363 -0.03276366511257
 0.01370716166200 -0.02982594564351
 0.01122526541300 -0.02688450370637
 0.00898979255721 -0.02396518933380
 0.00700130022133 -0.02110609930430
 0.00526028397934 -0.01833487636090
 0.00376717772899 -0.01561869226308
 0.00252235358366 -0.01290748411645
 0.00152612177962 -0.01016514575832
 0.00077873059872 -0.00733396052753
 0.00028036630652 -0.00442571129230
 0.00003115310584 -0.00146135194305
 0.00000000000000  0.00000000000000
 0.00003115310584  0.00153719763933
 0.00028036630652  0.00463635920947
 0.00077873059872  0.00784268818710
 0.00152612177962  0.01118295895260
 0.00252235358366  0.01465538215342
 0.00376717772899  0.01814919171769
 0.00526028397934  0.02162084976481
 0.00700130022133  0.02503134985145
 0.00898979255721  0.02842283816128
 0.01122526541300  0.03183532480763
 0.01370716166200  0.03528627766633
 0.01643486276363  0.03876049509189
 0.01940768891760  0.04224566600893
 0.02262489923329  0.04568087989372
 0.02608569191446  0.04908508085071
 0.02978920445901  0.05246960256239
 0.03373451387398  0.05584891887485
 0.03792063690554  0.05922692768901
 0.04234653028407  0.06258977150568
 0.04701109098416  0.06592637128475
 0.05191315649949  0.06922928908663
 0.05705150513256  0.07249554784436
 0.06242485629917  0.07572730191419
 0.06803187084757  0.07891771918307
 0.07387115139216  0.08205643681743
 0.07994124266183  0.08513899243054
 0.08624063186256  0.08816039839577
 0.09276774905452  0.09111606986727
 0.09952096754325  0.09399915503123
 0.10649860428513  0.09679845580089
 0.11369892030679  0.09951045903916
 0.12112012113854  0.10213646387551
 0.12876035726154  0.10466797515883
 0.13661772456878  0.10709941605187
 0.14469026483959  0.10942139535886
 0.15297596622770  0.11162061187413
 0.16147276376262  0.11370617746457
 0.17017853986427  0.11567711363960
 0.17909112487074  0.11751223007747
 0.18820829757898  0.11921377855360
 0.19752778579842  0.12077568680637
 0.20704726691722  0.12219757311783
 0.21676436848111  0.12347242683431
 0.22667666878466  0.12459985600134
 0.23678169747483  0.12558015417670
 0.24707693616662  0.12641075545056
 0.25755981907072  0.12708928455811
 0.26822773363292  0.12761924401702
 0.27907802118528  0.12797574591066
 0.29010797760867  0.12817178238280
 0.30131485400669  0.12820968015406
 0.31269585739082  0.12809094493976
 0.32424815137639  0.12780271249821
 0.33596885688957  0.12737107050617
 0.34785505288481  0.12678276966650
 0.35990377707289  0.12603442782301
 0.37211202665914  0.12514207247196
 0.38447675909182  0.12410422463111
 0.39699489282039  0.12292002537007
 0.40966330806347  0.12161015029706
 0.42247884758641  0.12015474868761
 0.43543831748808  0.11856437253128
 0.44853848799689  0.11685747718780
 0.46177609427571  0.11501697510349
 0.47514783723553  0.11306110829398
 0.48865038435767  0.11097846322327
 0.50228037052432  0.10878183309536
 0.51603439885716  0.10647513358147
 0.52990904156400  0.10407299279514
 0.54390084079298  0.10156762517139
 0.55800630949442  0.09896224922300
 0.57222193228979  0.09626697244209
 0.58654416634787  0.09347630431285
 0.60096944226766  0.09061044923738
 0.61549416496799  0.08766225277186
 0.63011471458345  0.08463708739428
 0.64482744736657  0.08154792809377
 0.65962869659589  0.07840376603843
 0.67451477348979  0.07521830919817
 0.68948196812583  0.07200182888084
 0.70452655036533  0.06873906118122
 0.71964477078299  0.06533365152730
 0.73483286160132  0.06189933052401
 0.75008703762969  0.05844760112009
 0.76540349720763  0.05500970151210
 0.78077842315231  0.05161529596982
 0.79620798370985  0.04820545391407
 0.81168833351028  0.04480024266884
 0.82721561452590  0.04139281015693
 0.84278595703275  0.03799315002684
 0.85839548057505  0.03459618160350
 0.87404029493228  0.03121366913386
 0.88971650108872  0.02784684887663
 0.90542019220516  0.02449988062426
 0.92114745459252  0.02118187748590
 0.93689436868733  0.01788334094629
 0.95265701002844  0.01461503534131
 0.96843145023519  0.01133922872320
 0.98421375798636  0.00802701739433
 1.00000000000000  0.00478093224605
</coords>