<reference>
Airfoil "Interp_079310" created on 05-Oct-2021 10:11:11 for blade project BAR2_HeavyTow_SNL_1_25_2021_numad
</reference>
<coords>
 1.00000000000000 -0.00000154829167
 0.99866552470057  0.00004954539685
 0.99686795865073  0.00003113796886
 0.99460826954669  0.00030775537350
 0.99188788614980  0.00047505061050
 0.98870869706765  0.00063709903632
 0.98507304907658  0.00088903470232
 0.98098374498734  0.00113775140286
 0.97644404105583  0.00138059390858
 0.97145764394159  0.00163519889584
 0.96602870721690  0.00191024105724
 0.96016182743007  0.00219808554840
 0.95386203972663  0.00249135513369
 0.94713481303280  0.00279605492374
 0.93998604480605  0.00310869891417
 0.93242205535784  0.00342553148388
 0.92444958175423  0.00373623322517
 0.91607577130029  0.00400648938086
 0.90730817461483  0.00419528523057
 0.89815473830238  0.00429700702958
 0.88862379722941  0.00429091968736
 0.87872406641276  0.00416146945119
 0.86846463252814  0.00391147018427
 0.85785494504705  0.00352397106407
 0.84690480701115  0.00299124060287
 0.83562436545296  0.00230595417512
 0.82402410147257  0.00144409625548
 0.81211481998011  0.00040820127350
 0.79990763911424 -0.00080804308632
 0.78741397934709 -0.00221800037769
 0.77464555228641 -0.00383154635487
 0.76161434918629 -0.00566568980710
 0.74833262917753 -0.00771111756787
 0.73481290722956 -0.00995090850520
 0.72106794185586 -0.01239456893870
 0.70711072257497 -0.01504974200393
 0.69295445713965 -0.01790884075858
 0.67861255854680 -0.02096492294609
 0.66409863184118 -0.02420845358821
 0.64942646072583 -0.02755772222533
 0.63460999399269 -0.03106438544078
 0.61966333178680 -0.03471570705113
 0.60460071171774 -0.03849096474044
 0.58943649483216 -0.04235435307112
 0.57418515146131 -0.04629021404848
 0.55886124695756 -0.05023113058850
 0.54347942733428 -0.05414879764876
 0.52805440482315 -0.05802557962978
 0.51260094336340 -0.06181634478455
 0.49713384403730 -0.06550762435930
 0.48166793046652 -0.06904617971430
 0.46621803418368 -0.07234738793553
 0.45079897999384 -0.07471813810643
 0.43542557134035 -0.07716139516732
 0.42011257568967 -0.07941003896114
 0.40487470994968 -0.08140438991226
 0.38972662593595 -0.08311430366739
 0.37468289590051 -0.08454762322583
 0.35975799813740 -0.08570830857286
 0.34496630267939 -0.08657198464955
 0.33032205710012 -0.08715590448080
 0.31583937243566 -0.08746174941463
 0.30153220923961 -0.08748366887797
 0.28741436378560 -0.08725874136853
 0.27349945443083 -0.08678852368614
 0.25980090815431 -0.08607398216199
 0.24633194728311 -0.08515121227514
 0.23310557641995 -0.08402044164032
 0.22013456958491 -0.08267992924010
 0.20743145758434 -0.08116356437124
 0.19500851561926 -0.07947964702805
 0.18287775114577 -0.07761729817652
 0.17105089199950 -0.07558717472604
 0.15953937479578 -0.07342665495642
 0.14835433361736 -0.07112619751647
 0.13750658900057 -0.06871755010307
 0.12700663723123 -0.06621855190089
 0.11686463996066 -0.06362148544895
 0.10709041415236 -0.06094498157632
 0.09769342236923 -0.05818983706507
 0.08868276341095 -0.05537921083624
 0.08006716331105 -0.05252111636749
 0.07185496670234 -0.04962390184884
 0.06405412855956 -0.04670462272204
 0.05667220632724 -0.04378266289645
 0.04971635244080 -0.04085108358464
 0.04319330724815 -0.03790743237426
 0.03710939233898 -0.03497370454480
 0.03147050428834 -0.03205640954036
 0.02628210882061 -0.02916039261562
 0.02154923539988 -0.02630039154985
 0.01727647225195 -0.02344096872596
 0.01346796182300 -0.02065889781801
 0.01012739667941 -0.01792546021473
 0.00725801585277 -0.01529616099310
 0.00486260163387 -0.01280015884911
 0.00294347681859 -0.00992288325687
 0.00150250240879 -0.00592066671409
 0.00054107577009 -0.00214705908941
 0.00006012924876 -0.00029470798015
 0.00000000000000  0.00000000000000
 0.00024050241632  0.00090180696549
 0.00096177643445  0.00452197153989
 0.00216312259273  0.01008834700291
 0.00384337589104  0.01399652296128
 0.00600090694403  0.01740905156214
 0.00863362359395  0.02109924176050
 0.01173897298157  0.02485326732537
 0.01531394407313  0.02870704654434
 0.01935507064075  0.03260475240642
 0.02385843469337  0.03657102271326
 0.02881967035480  0.04057721458760
 0.03423396818502  0.04461350428357
 0.04009607994045  0.04865867278726
 0.04640032376839  0.05269521860613
 0.05314058983056  0.05670846807548
 0.06031034635006  0.06070732286574
 0.06790264607573  0.06466954187413
 0.07591013315761  0.06857947396107
 0.08432505042645  0.07242541254440
 0.09313924707017  0.07618889248282
 0.10234418669969  0.07987354300078
 0.11193095579583  0.08347403515950
 0.12189027252925  0.08694970694006
 0.13221249594432  0.09028781603664
 0.14288763549800  0.09349132029330
 0.15390536094417  0.09660250545060
 0.16525501255349  0.09944703385953
 0.17692561165880  0.10220526575361
 0.18890587151543  0.10473940332698
 0.20118420846560  0.10705497476868
 0.21374875339599  0.10918588508730
 0.22658736347678  0.11112430003096
 0.23968763417083  0.11274594219739
 0.25303691150070  0.11408171132180
 0.26662230456161  0.11515182227200
 0.28043069826770  0.11600268799584
 0.29444876631897  0.11655582702232
 0.30866298437605  0.11677545140939
 0.32305964342957  0.11673917634805
 0.33762486335096  0.11637417809443
 0.35234460661117  0.11581281761502
 0.36720469215356  0.11498986915275
 0.38219080940733  0.11393546761979
 0.39728853242742  0.11266740432370
 0.41248333414684  0.11129282990519
 0.42776060072736  0.10969830703494
 0.44310564599411  0.10803843790472
 0.45850372593986  0.10636996440160
 0.47394005328456  0.10453500973646
 0.48939981207559  0.10213460980137
 0.50486817231421  0.09966904880152
 0.52033030459377  0.09704525770972
 0.53577139473494  0.09432418841736
 0.55117665840362  0.09151307256590
 0.56653135569682  0.08859987127879
 0.58182080568209  0.08561468982667
 0.59703040087603  0.08257039723094
 0.61214562164753  0.07945859137798
 0.62715205053132  0.07634585315061
 0.64203538643771  0.07319738920077
 0.65678145874431  0.07003750493778
 0.67137624125578  0.06692614215188
 0.68580586601774  0.06386641653994
 0.70005663697105  0.06086271151872
 0.71411504343295  0.05787766253254
 0.72796777339164  0.05492971564397
 0.74160172660113  0.05205206161267
 0.75500402746326  0.04923428503999
 0.76816203768418  0.04647993696862
 0.78106336869268  0.04379803510456
 0.79369589380809  0.04119270206823
 0.80604776014551  0.03866755321798
 0.81810740024680  0.03622053503568
 0.82986354342551  0.03385112945612
 0.84130522681470  0.03154896949046
 0.85242180610657  0.02931775990337
 0.86320296597330  0.02718720952017
 0.87363873015864  0.02513592273101
 0.88371947123050  0.02316044791380
 0.89343591998450  0.02127767528622
 0.90277917448953  0.01947125591704
 0.91174070876603  0.01774982650815
 0.92031238108861  0.01611385592646
 0.92848644190470  0.01455490316808
 0.93625554136134  0.01309057393290
 0.94361273643278  0.01171209655076
 0.95055149764167  0.01041015598879
 0.95706571536736  0.00918858153571
 0.96314970573496  0.00804722607902
 0.96879821607936  0.00698705007187
 0.97400642997884  0.00600721355605
 0.97876997185327  0.00510727670557
 0.98308491112242  0.00428854338064
 0.98694776592023  0.00355295411718
 0.99035550636140  0.00289867181315
 0.99330555735710  0.00231905968882
 0.99579580097707  0.00181012290204
 0.99782457835580  0.00137317327289
 0.99939069114083  0.00100325981504
</coords>