<reference>
Airfoil "Interp_006896" created on 05-Oct-2021 10:11:11 for blade project BAR2_HeavyTow_SNL_1_25_2021_numad
</reference>
<coords>
 1.00000000000000  0.00000000000000
 0.98941418438217 -0.01300316151189
 0.97866424542856 -0.02150560134975
 0.96775304926367 -0.02977396650499
 0.95668362666981 -0.03839749269423
 0.94545917202122 -0.04781795783804
 0.93408304205371 -0.05783915130195
 0.92255875447055 -0.06824273990775
 0.91088998638537 -0.07896844918588
 0.89908057260331 -0.08984750571644
 0.88713450374154 -0.10086454552720
 0.87505592419059 -0.11198285326050
 0.86284912991799 -0.12304637522343
 0.85051856611601 -0.13417316296293
 0.83806882469525 -0.14535208178875
 0.82550464162620 -0.15637883823407
 0.81283089413092 -0.16723434418503
 0.80005259772707 -0.17798196545769
 0.78717490312693 -0.18853225658662
 0.77420309299387 -0.19881884336196
 0.76114257855912 -0.20877425948164
 0.74799889610172 -0.21845786358099
 0.73477770329467 -0.22790649358961
 0.72148477542054 -0.23695416787499
 0.70812600145970 -0.24565766819424
 0.69470738005477 -0.25402465781077
 0.68123501535477 -0.26203270922054
 0.66771511274264 -0.26969222766513
 0.65415397445000 -0.27700800620976
 0.64055799506306 -0.28398084697428
 0.62693365692361 -0.29058387038606
 0.61328752542944 -0.29676348984333
 0.59962624423824 -0.30253828406928
 0.58595653037938 -0.30799686568989
 0.57228516927809 -0.31309176735902
 0.55861900969648 -0.31768505314509
 0.54496495859604 -0.32198831365162
 0.53132997592635 -0.32592416211350
 0.51772106934475 -0.32935666774510
 0.50414528887179 -0.33250467716077
 0.49060972148749 -0.33531083378042
 0.47712148567327 -0.33777063961114
 0.46368772590461 -0.33988685413451
 0.45031560709964 -0.34162605201703
 0.43701230902864 -0.34294987383296
 0.42378502068979 -0.34393059816198
 0.41064093465629 -0.34466770854529
 0.39758724140012 -0.34495580684569
 0.38463112359782 -0.34488021566588
 0.37177975042344 -0.34451174695263
 0.35904027183414 -0.34379690301115
 0.34641981285369 -0.34285053994445
 0.33392546785924 -0.34151096561381
 0.32156429487670 -0.33977712495926
 0.30934330989008 -0.33782117482557
 0.29726948117021 -0.33548026741133
 0.28534972362793 -0.33288828281609
 0.27359089319740 -0.33005105544538
 0.26199978125443 -0.32685597585815
 0.25058310907545 -0.32336899029528
 0.23934752234204 -0.31965313054451
 0.22829958569636 -0.31559174989799
 0.21744577735256 -0.31124798931825
 0.20679248376930 -0.30672409922018
 0.19634599438835 -0.30183959387433
 0.18611249644424 -0.29674026388608
 0.17609806984990 -0.29139975567940
 0.16630868216318 -0.28580060412992
 0.15675018363883 -0.27992844703371
 0.14742830237085 -0.27380156739538
 0.13834863952961 -0.26752319093666
 0.12951666469840 -0.26089949419408
 0.12093771131371 -0.25409959275677
 0.11261697221372 -0.24706146827443
 0.10455949529901 -0.23975294364768
 0.09677017930978 -0.23226853648532
 0.08925376972355 -0.22454675043870
 0.08201485477714 -0.21657916134779
 0.07505786161687 -0.20848382070873
 0.06838705258045 -0.20021153380313
 0.06200652161429 -0.19179798070778
 0.05592019082948 -0.18320250124745
 0.05013180719974 -0.17428308565046
 0.04464493940462 -0.16534579869143
 0.03946297482071 -0.15622769033285
 0.03458911666396 -0.14677864234982
 0.03002638128566 -0.13716866852601
 0.02577759562477 -0.12760502608150
 0.02184539481894 -0.11786903201834
 0.01823221997651 -0.10803890271494
 0.01494031611171 -0.09824445770616
 0.01197173024485 -0.08817664742314
 0.00932830966946 -0.07785739024353
 0.00701170038796 -0.06721680607924
 0.00502334571741 -0.05613887360081
 0.00336448506652 -0.04503438639092
 0.00203615288534 -0.03391791979330
 0.00103917778833 -0.02310609942825
 0.00037418185190 -0.01210875484278
 0.00004158008695 -0.00428736356791
 0.00000000000000  0.00000000000000
 0.00016631385913  0.00957279993873
 0.00066515162878  0.01830513475365
 0.00149620197377  0.02903420070925
 0.00265894629546  0.03990687515332
 0.00415265917153  0.05165356203754
 0.00597640897101  0.06293028132203
 0.00812905864405  0.07458689728210
 0.01060926668563  0.08537716284861
 0.01341548827244  0.09573134113009
 0.01654597657153  0.10576612788258
 0.01999878421988  0.11565772326589
 0.02377176497314  0.12559523658091
 0.02786257552219  0.13530099436115
 0.03226867747569  0.14509068748583
 0.03698733950672  0.15476228011885
 0.04201563966156  0.16416732596013
 0.04735046782830  0.17339067531978
 0.05298852836300  0.18248304746235
 0.05892634287087  0.19147789037506
 0.06516025313986  0.20020360485281
 0.07168642422381  0.20872831226772
 0.07850084767227  0.21712736105666
 0.08559934490394  0.22533654075155
 0.09297757072041  0.23334815339422
 0.10063101695703  0.24111004981978
 0.10855501626732  0.24864689696854
 0.11674474603730  0.25593014275800
 0.12519523242617  0.26292587939994
 0.13390135452932  0.26978042586634
 0.14285784865991  0.27631831161892
 0.15205931274473  0.28258023370031
 0.16150021083040  0.28868098370258
 0.17117487769549  0.29445371917539
 0.18107752356424  0.29999473682211
 0.19120223891739  0.30523693884401
 0.20154299939558  0.31022644073139
 0.21209367079074  0.31495726738887
 0.22284801412054  0.31940127164783
 0.23379969078145  0.32356042938879
 0.24494226777512  0.32740462842511
 0.25626922300353  0.33090572828858
 0.26777395062760  0.33410593792788
 0.27944976648448  0.33700575581111
 0.29128991355813  0.33959944046190
 0.30328756749827  0.34190497467488
 0.31543584218239  0.34386982202818
 0.32772779531556  0.34554711722000
 0.34015643406285  0.34689683516371
 0.35271472070905  0.34786369844307
 0.36539557834031  0.34859064124356
 0.37819189654242  0.34898014775591
 0.39109653711045  0.34901562428021
 0.40410233976422  0.34871368738703
 0.41720212786447  0.34802757172075
 0.43038871412424  0.34714743160564
 0.44365490631017  0.34591040046795
 0.45699351292836  0.34421204716836
 0.47039734888965  0.34230344966456
 0.48385924114879  0.34006820110471
 0.49737203431247  0.33749560334954
 0.51092859621096  0.33461035106732
 0.52452182342809  0.33128063778173
 0.53814464678459  0.32762200042377
 0.55179003676962  0.32368513760537
 0.56545100891555  0.31941947331969
 0.57912062911103  0.31479812100338
 0.59279201884732  0.30987179625789
 0.60645836039339  0.30462872980294
 0.62011290189463  0.29902746712026
 0.63374896239091  0.29310782579934
 0.64735993674913  0.28697496894770
 0.66093930050591  0.28052316471572
 0.67448061461599  0.27369050532504
 0.68797753010204  0.26666704074438
 0.70142379260173  0.25939047373280
 0.71481324680788  0.25176664656959
 0.72813984079782  0.24384695157321
 0.74139763024799  0.23573931304752
 0.75458078253014  0.22734609186604
 0.76768358068540  0.21861601887169
 0.78070042727278  0.20965681725393
 0.79362584808871  0.20053756428416
 0.80645449575435  0.19118004985971
 0.81918115316765  0.18155324132300
 0.83180073681704  0.17176116028940
 0.84430829995404  0.16167883059913
 0.85669903562206  0.15143988129724
 0.86896827953881  0.14100959526610
 0.88111151283002  0.13042109974789
 0.89312436461207  0.11955191614960
 0.90500261442160  0.10847751542417
 0.91674219449004  0.09724162912523
 0.92833919186131  0.08600760726605
 0.93978985035109  0.07444628399337
 0.95109057234618  0.06265797060875
 0.96223792044254  0.05073146014792
 0.97322861892111  0.03817502055076
 0.98405955506008  0.02541904162297
 0.99472778028314  0.01271542263826
</coords>