<reference>
Airfoil "Interp_086206" created on 05-Oct-2021 10:11:11 for blade project BAR2_HeavyTow_SNL_1_25_2021_numad
</reference>
<coords>
 1.00000000000000 -0.00000093802261
 0.99505133022461  0.00065588521692
 0.98975636643759  0.00122208763427
 0.98411681798865  0.00169438139077
 0.97813473949606  0.00185465831726
 0.97181252968749  0.00192710177167
 0.96515292989727  0.00205799532729
 0.95815902222112  0.00213521829438
 0.95083422733023  0.00204936656837
 0.94318230194641  0.00188548888638
 0.93520733598074  0.00172195627241
 0.92691374933836  0.00152233469880
 0.91830628839224  0.00126919599614
 0.90939002212941  0.00100397238196
 0.90017033797312  0.00071812757855
 0.89065293728490  0.00040112338630
 0.88084383055091  0.00006302397675
 0.87074933225697 -0.00031867990135
 0.86037605545732 -0.00078269593521
 0.84973090604227 -0.00132116971595
 0.83882107671013 -0.00194534821078
 0.82765404064940 -0.00266907175722
 0.81623754493718 -0.00348606488804
 0.80457960366016 -0.00439963551988
 0.79268849076496 -0.00541953723750
 0.78057273264455 -0.00654940234635
 0.76824110046815 -0.00780192070337
 0.75570260226188 -0.00917365044417
 0.74296647474784 -0.01067228108208
 0.73004217494978 -0.01230092737647
 0.71693937157321 -0.01406404430932
 0.70366793616854 -0.01597813052458
 0.69023793408586 -0.01803275354573
 0.67665961523008 -0.02020732622527
 0.66294340462549 -0.02251082588618
 0.64909989279899 -0.02495590115881
 0.63513982599137 -0.02752687050374
 0.62107409620612 -0.03021438795867
 0.60691373110566 -0.03301518246651
 0.59266988376469 -0.03585746951654
 0.57835382229084 -0.03878209569538
 0.56397691932274 -0.04178365767047
 0.54955064141570 -0.04486138488475
 0.53508653832557 -0.04798553226581
 0.52059623220114 -0.05111768160717
 0.50609140669574 -0.05420684433531
 0.49158379600873 -0.05725457365477
 0.47708517386760 -0.06025755538084
 0.46260734246151 -0.06317525300170
 0.44816212133715 -0.06599011244882
 0.43376133626775 -0.06865862903343
 0.41941680810633 -0.07132126929985
 0.40514034163394 -0.07269309648706
 0.39094371441400 -0.07439815812474
 0.37683866566367 -0.07597051498714
 0.36283688515309 -0.07732969005824
 0.34895000214356 -0.07845389481395
 0.33518957437541 -0.07935749763362
 0.32156707711649 -0.08004871438411
 0.30809389228197 -0.08050598743959
 0.29478129763620 -0.08073010539566
 0.28164045608728 -0.08072465025737
 0.26868240508481 -0.08048961459039
 0.25591804613135 -0.08005949276686
 0.24335813441781 -0.07943560657248
 0.23101326859308 -0.07861458771393
 0.21889388067788 -0.07762290822035
 0.20701022613286 -0.07646303905856
 0.19537237409066 -0.07513390203026
 0.18399019776158 -0.07366584903503
 0.17287336502231 -0.07206783793930
 0.16203132919701 -0.07032295709916
 0.15147332003981 -0.06843256784290
 0.14120833492761 -0.06643387402872
 0.13124513027191 -0.06432426078233
 0.12159221315799 -0.06212888261830
 0.11225783321995 -0.05986060454952
 0.10324997475934 -0.05751054819754
 0.09457634911530 -0.05509250604954
 0.08624438729371 -0.05260915742904
 0.07826123286268 -0.05008125217586
 0.07063373512115 -0.04751306382957
 0.06336844254774 -0.04491148056659
 0.05647159653585 -0.04229016001637
 0.04994912542159 -0.03966660564363
 0.04380663881018 -0.03702933431793
 0.03804942220651 -0.03437237816753
 0.03268243195513 -0.03171476876248
 0.02771029049472 -0.02906530545180
 0.02313728193163 -0.02640162518669
 0.01896734793695 -0.02376421558455
 0.01520408397105 -0.02111429734609
 0.01185073583944 -0.01853344610500
 0.00891019658323 -0.01606197112563
 0.00638500370741 -0.01365225617423
 0.00427733674946 -0.01129584738906
 0.00258901519092 -0.00861749296645
 0.00132149671381 -0.00504940259367
 0.00047587580377 -0.00183411308206
 0.00005288270114 -0.00027688848325
 0.00000000000000  0.00000000000000
 0.00021151938637  0.00076323847212
 0.00084589487598  0.00444179977189
 0.00190257863542  0.01080372592508
 0.00338065819240  0.01472831240432
 0.00527885731018  0.01776607422436
 0.00759553721067  0.02108833329081
 0.01032869814481  0.02453718701795
 0.01347598130883  0.02806896847524
 0.01703467110444  0.03163729213631
 0.02100169774067  0.03527825086416
 0.02537364017489  0.03896344749663
 0.03014672939007  0.04267720754546
 0.03531685200500  0.04640734054129
 0.04087955421399  0.05014413210664
 0.04683004605205  0.05387316484742
 0.05316320598151  0.05759824581206
 0.05987358579536  0.06130105409696
 0.06695541583261  0.06497058708438
 0.07440261050051  0.06859974573929
 0.08220877409810  0.07216900308205
 0.09036720693546  0.07567501420778
 0.09887091174250  0.07911477549388
 0.10771260036106  0.08245788381247
 0.11688470071375  0.08569806525078
 0.12637936404251  0.08883672646433
 0.13618847240990  0.09190175941212
 0.14630364645563  0.09474849439358
 0.15671625340076  0.09751529961585
 0.16741741529160  0.10010734879954
 0.17839801747520  0.10253260315564
 0.18964871729819  0.10481353784399
 0.20115995302013  0.10694105076138
 0.21292195293294  0.10881260818331
 0.22492474467708  0.11044797074101
 0.23715816474553  0.11186223000835
 0.24961186816616  0.11309900955089
 0.26227533835278  0.11409358320349
 0.27513789711548  0.11481419559918
 0.28818871482011  0.11531791592452
 0.30141682068702  0.11554228997912
 0.31481111321894  0.11559540214463
 0.32836037074768  0.11543177523852
 0.34205326208924  0.11507350732947
 0.35587835729699  0.11452717842237
 0.36982413850209  0.11387430184211
 0.38387901083074  0.11302918780430
 0.39803131338735  0.11213475001881
 0.41226933029285  0.11125277832837
 0.42658130176737  0.11025625045068
 0.44095543524626  0.10857121700895
 0.45537991651865  0.10686789252630
 0.46984292087749  0.10503026086878
 0.48433262427021  0.10308237854629
 0.49883721443894  0.10099304707614
 0.51334490203943  0.09874201037360
 0.52784393172772  0.09640042812202
 0.54232259320370  0.09401284039490
 0.55676923220063  0.09156273040326
 0.57117226140993  0.08908921171814
 0.58552017133054  0.08651590799805
 0.59980154103210  0.08384967644856
 0.61400504882147  0.08119271561450
 0.62811948280215  0.07857047828287
 0.64213375131623  0.07594890065577
 0.65603689325862  0.07328441280416
 0.66981808825352  0.07061812252675
 0.68346666668312  0.06797599527468
 0.69697211955873  0.06533802027721
 0.71032410822480  0.06270647897816
 0.72351247388608  0.06010294639867
 0.73652724694899  0.05752243316019
 0.74935865616773  0.05496385365853
 0.76199713758643  0.05243150486410
 0.77443334326858  0.04992965637145
 0.78665814980516  0.04744051345820
 0.79866266659333  0.04497158911921
 0.81043824387747  0.04255471986348
 0.82197648054487  0.04017316199431
 0.83326923166851  0.03781919428359
 0.84430861578955  0.03551292192458
 0.85508702193250  0.03324055348299
 0.86559711634635  0.03100648815443
 0.87583184896502  0.02881721374728
 0.88578445958109  0.02667262052076
 0.89544848372668  0.02458133864488
 0.90481775825590  0.02254075859286
 0.91388642662365  0.02055203617793
 0.92264894385545  0.01861637195081
 0.93110008120385  0.01673398367302
 0.93923493048676  0.01491173107126
 0.94704890810380  0.01314631905785
 0.95453775872670  0.01143896477797
 0.96169755866041  0.00979985819469
 0.96852471887174  0.00824044218539
 0.97501598768277  0.00675408785183
 0.98116845312646  0.00531488902621
 0.98697954496255  0.00390987607240
 0.99244703635166  0.00254815921313
 0.99756904518644  0.00121222395781
</coords>