<reference>
Airfoil "Interp_031034" created on 05-Oct-2021 10:11:11 for blade project BAR2_HeavyTow_SNL_1_25_2021_numad
</reference>
<coords>
 1.00000000000000  0.00000000000000
 1.00000000000000 -0.00000972297732
 0.99975079456309  0.00194915133483
 0.99900342666575 -0.00298503188070
 0.99775864130055 -0.00278314269104
 0.99601767929663 -0.00252304191400
 0.99378227608276 -0.00219868663066
 0.99105465995749 -0.00180353066966
 0.98783754986789 -0.00136706795149
 0.98413415269925 -0.00087717204934
 0.97994816007843 -0.00034075965243
 0.97528374469389  0.00023212545858
 0.97014555613634  0.00083426640343
 0.96453871626387  0.00145802021927
 0.95846881409639  0.00209437989829
 0.95194190024441  0.00273834241579
 0.94496448087759  0.00338651755241
 0.93754351123930  0.00399868150278
 0.92968638871346  0.00454347498372
 0.92140094545068  0.00500816286393
 0.91269544056099  0.00536912138544
 0.90357855188099  0.00559145317689
 0.89405936732360  0.00565712398243
 0.88414737581899  0.00556863757591
 0.87385245785585  0.00529158109774
 0.86318487563232  0.00482210800491
 0.85215526282634  0.00416447832998
 0.84077461399582  0.00329105844377
 0.82905427361902  0.00218859200623
 0.81700592478612  0.00084756825777
 0.80464157755326 -0.00075040285966
 0.79197355697065 -0.00263719717438
 0.77901449079672 -0.00482925819045
 0.76577729691045 -0.00738220859234
 0.75227517043459 -0.01026093098559
 0.73852157058244 -0.01346385558263
 0.72453020724146 -0.01696841590161
 0.71031502730689 -0.02075844008900
 0.69589020077925 -0.02482683812549
 0.68127010663931 -0.02915657740204
 0.66646931851488 -0.03369705918543
 0.65150259015344 -0.03843962991415
 0.63638484071530 -0.04334606222270
 0.62113113990189 -0.04836909155044
 0.60575669293391 -0.05345962935289
 0.59027682539445 -0.05858219492620
 0.57470696795213 -0.06368362594267
 0.55906264097945 -0.06871502405733
 0.54335943908178 -0.07363751945144
 0.52761301555225 -0.07840835206118
 0.51183906676831 -0.08298345318734
 0.49605331654514 -0.08734132127899
 0.48027150046187 -0.09143509507526
 0.46450935017599 -0.09523190038070
 0.44878257774169 -0.09870391412042
 0.43310685994776 -0.10184066477110
 0.41749782269060 -0.10464517556552
 0.40197102539801 -0.10709408002513
 0.38654194551920 -0.10920943857774
 0.37122596309655 -0.11097219103548
 0.35603834543442 -0.11238232491021
 0.34099423188038 -0.11344825518784
 0.32610861873401 -0.11418514261617
 0.31139634429821 -0.11458273767273
 0.29687207408811 -0.11466218823000
 0.28255028621210 -0.11442429869905
 0.26844525693983 -0.11387136350223
 0.25457104647120 -0.11303401518639
 0.24094148492096 -0.11190319082208
 0.22757015853246 -0.11050404777237
 0.21447039613465 -0.10882911294521
 0.20165525585557 -0.10689482911790
 0.18913751210575 -0.10470768250793
 0.17692964284440 -0.10228194843123
 0.16504381714107 -0.09963092623558
 0.15349188304533 -0.09676330183301
 0.14228535577631 -0.09369709031513
 0.13143540624411 -0.09045710169070
 0.12095284991438 -0.08704677263032
 0.11084813602724 -0.08348594991805
 0.10113133718124 -0.07979069524384
 0.09181213929280 -0.07598181213723
 0.08289983194104 -0.07208452519802
 0.07440329910775 -0.06810397644357
 0.06633101032164 -0.06407149706542
 0.05869101221573 -0.05998761307150
 0.05149092050627 -0.05588850367281
 0.04473791240127 -0.05178901004901
 0.03843871944607 -0.04770025854454
 0.03259962081320 -0.04363105259094
 0.02722643704317 -0.03958771587453
 0.02232452424240 -0.03559019180454
 0.01789876874419 -0.03166654884524
 0.01395358223787 -0.02778302849395
 0.01049289737114 -0.02393679129747
 0.00752016382994 -0.02009346464545
 0.00503834489972 -0.01663310532455
 0.00304991451156 -0.01313558223364
 0.00155685477610 -0.00892470896988
 0.00056065400778 -0.00346318446321
 0.00006230524117 -0.00034211699160
 0.00000000000000  0.00000000000000
 0.00006230524117  0.00053436272069
 0.00056065400778  0.00429713627228
 0.00155685477610  0.01092825649505
 0.00304991451156  0.01583460309784
 0.00503834489972  0.02030165256850
 0.00752016382994  0.02490416191351
 0.01049289737114  0.02941289153472
 0.01395358223787  0.03405574438667
 0.01789876874419  0.03870957373147
 0.02232452424240  0.04338990326514
 0.02722643704317  0.04804956835937
 0.03259962081320  0.05266964255878
 0.03843871944607  0.05728128691766
 0.04473791240127  0.06185223372835
 0.05149092050627  0.06636176312845
 0.05869101221573  0.07079913321801
 0.06633101032164  0.07516577450659
 0.07440329910775  0.07943551460378
 0.08289983194104  0.08359503092064
 0.09181213929280  0.08763320949424
 0.10113133718124  0.09153340519027
 0.11084813602724  0.09528037663373
 0.12095284991438  0.09886516365879
 0.13143540624411  0.10227698621635
 0.14228535577631  0.10549633174755
 0.15349188304533  0.10850772333846
 0.16504381714107  0.11130810674042
 0.17692964284440  0.11388623397536
 0.18913751210575  0.11622897747270
 0.20165525585557  0.11832168012089
 0.21447039613465  0.12015979521455
 0.22757015853246  0.12174870276133
 0.24094148492096  0.12307471878098
 0.25457104647120  0.12413067860270
 0.26844525693983  0.12492505751588
 0.28255028621210  0.12543388452821
 0.29687207408811  0.12567583939118
 0.31139634429821  0.12564875460153
 0.32610861873401  0.12534359450464
 0.34099423188038  0.12478968921372
 0.35603834543442  0.12398695635283
 0.37122596309655  0.12295212754689
 0.38654194551920  0.12169345539554
 0.40197102539801  0.12022869723979
 0.41749782269060  0.11857255562316
 0.43310685994776  0.11672635194597
 0.44878257774169  0.11470344595638
 0.46450935017599  0.11252268165742
 0.48027150046187  0.11019061691264
 0.49605331654514  0.10771299201519
 0.51183906676831  0.10512190667972
 0.52761301555225  0.10242175571852
 0.54335943908178  0.09962109198588
 0.55906264097945  0.09673391359787
 0.57470696795213  0.09376514802428
 0.59027682539445  0.09072892962770
 0.60575669293391  0.08764026005562
 0.62113113990189  0.08449799717181
 0.63638484071530  0.08132332827634
 0.65150259015344  0.07813458268054
 0.66646931851488  0.07493183539117
 0.68127010663931  0.07173681878216
 0.69589020077925  0.06858038944174
 0.71031502730689  0.06544936884797
 0.72453020724146  0.06234514623920
 0.73852157058244  0.05927395374472
 0.75227517043459  0.05625875449704
 0.76577729691045  0.05330051831390
 0.77901449079672  0.05040138830264
 0.79197355697065  0.04753359303872
 0.80464157755326  0.04474895533457
 0.81700592478612  0.04205316466746
 0.82905427361902  0.03944201317916
 0.84077461399582  0.03691146727898
 0.85215526282634  0.03446981244213
 0.86318487563232  0.03211659630878
 0.87385245785585  0.02985218117926
 0.88414737581899  0.02768263420405
 0.89405936732360  0.02561391940548
 0.90357855188099  0.02363251410366
 0.91269544056099  0.02174503628498
 0.92140094545068  0.01995904482758
 0.92968638871346  0.01826559110734
 0.93754351123930  0.01667092757994
 0.94496448087759  0.01517328056238
 0.95194190024441  0.01376663263793
 0.95846881409639  0.01245200399658
 0.96453871626387  0.01123062617983
 0.97014555613634  0.01010357025432
 0.97528374469389  0.00907189967636
 0.97994816007843  0.00813667587827
 0.98413415269925  0.00729901448041
 0.98783754986789  0.00656095892218
 0.99105465995749  0.00592330077669
 0.99378227608276  0.00537296168036
 0.99601767929663  0.00492130876356
 0.99775864130055  0.00457009429970
 0.99900342666575  0.00432047033313
 0.99975079456309  0.00426642020931
 1.00000000000000  0.00000972297732
</coords>