<reference>
Airfoil "Interp_089655" created on 05-Oct-2021 10:11:11 for blade project BAR2_HeavyTow_SNL_1_25_2021_numad
</reference>
<coords>
 1.00000000000000 -0.00000066272834
 0.99259953552266  0.00108193340905
 0.98493200952304  0.00200670334196
 0.97699963447324  0.00260303102104
 0.96880488955988  0.00274874606938
 0.96035051956558  0.00275047339533
 0.95163953348459  0.00278892130490
 0.94267520287381  0.00273932237512
 0.93346105994033  0.00241835766764
 0.92400089536719  0.00195771262233
 0.91429875587902  0.00148400198946
 0.90435894154987  0.00094081189561
 0.89418600285543  0.00030379383558
 0.88378473747224 -0.00036112811417
 0.87316018682688 -0.00106604664671
 0.86231763239809 -0.00182614184436
 0.85126259177524 -0.00261724542093
 0.84000081447683 -0.00345366960152
 0.82853827753272 -0.00437229262964
 0.81688118083422 -0.00535587836095
 0.80503594225643 -0.00640920197021
 0.79300919255719 -0.00754492480886
 0.78080777005766 -0.00875429783169
 0.76843871510918 -0.01003135155703
 0.75590926435195 -0.01138713421339
 0.74322684477065 -0.01282260017065
 0.73039906755279 -0.01434256522513
 0.71743372175556 -0.01594309989280
 0.70433876778704 -0.01763289229933
 0.69112233070826 -0.01940787411428
 0.67779269336211 -0.02126888126243
 0.66435828933596 -0.02323221644667
 0.65082769576447 -0.02528679029058
 0.63720962597965 -0.02740950708349
 0.62351292201506 -0.02960898781381
 0.60974654697135 -0.03190123322550
 0.59591957725055 -0.03426493703706
 0.58204119466641 -0.03668874530734
 0.56812067843852 -0.03917630544663
 0.55416739707780 -0.04168102619989
 0.54019080017116 -0.04421500945758
 0.52620041007333 -0.04677669273816
 0.51220581351378 -0.04937956030822
 0.49821665312689 -0.05199826472312
 0.48424261891344 -0.05457838738639
 0.47029343964180 -0.05708125142376
 0.45637887419699 -0.05952803946516
 0.44250870288610 -0.06192495348448
 0.42869271870836 -0.06423530422758
 0.41494071859844 -0.06643847481510
 0.40126249465130 -0.06849876666254
 0.38766782533722 -0.07066738340014
 0.37416646671550 -0.07157821100917
 0.36076814365527 -0.07285713070806
 0.34748254107205 -0.07401503152891
 0.33431929518842 -0.07497201821637
 0.32128798482744 -0.07571846872882
 0.30839812274713 -0.07627639332902
 0.29565914702455 -0.07665820684254
 0.28308041249774 -0.07684634243406
 0.27067118227392 -0.07683085809168
 0.25844061931222 -0.07661725712791
 0.24639777808902 -0.07621061835745
 0.23455159635410 -0.07564252366706
 0.22291088698566 -0.07491595200928
 0.21148432995198 -0.07402310909496
 0.20028046438773 -0.07298416081778
 0.18930768079250 -0.07180312012011
 0.17857421335930 -0.07048075830069
 0.16808813244028 -0.06904378210868
 0.15785733715729 -0.06750028053165
 0.14788954816428 -0.06583074076563
 0.13819230056861 -0.06403100213334
 0.12877293701833 -0.06213560697815
 0.11963860096197 -0.06014776073171
 0.11079623008754 -0.05808814473355
 0.10225254994714 -0.05596534161925
 0.09401406777329 -0.05377115565749
 0.08608706649315 -0.05151577247073
 0.07847759894645 -0.04920319417621
 0.07119148231259 -0.04685187581149
 0.06423429275271 -0.04446435154848
 0.05761136027154 -0.04204641818691
 0.05132776380443 -0.03960952980997
 0.04538832653406 -0.03716897789868
 0.03979761144157 -0.03471101317100
 0.03455991709646 -0.03222755535338
 0.02967927368926 -0.02973511079701
 0.02515943931093 -0.02724391284242
 0.02100389648261 -0.02471284178456
 0.01721584893912 -0.02220091975166
 0.01379821866931 -0.01967606718185
 0.01075364321624 -0.01721463676857
 0.00808447323966 -0.01490231483303
 0.00579277034339 -0.01262157370281
 0.00388030516957 -0.01033926632903
 0.00234855576170 -0.00778006015838
 0.00119870619799 -0.00452040910446
 0.00043164549656 -0.00165457394021
 0.00004796679328 -0.00026650340208
 0.00000000000000  0.00000000000000
 0.00019185789893  0.00068602975553
 0.00076728322599  0.00444531841917
 0.00172583100925  0.01134109804338
 0.00306676008603  0.01528880105945
 0.00478903378834  0.01809250205024
 0.00689132090144  0.02118390341464
 0.00937199689476  0.02444235240404
 0.01222914542387  0.02777116227620
 0.01546056010201  0.03112994349922
 0.01906374653962  0.03455751093429
 0.02303592464959  0.03802699477075
 0.02737403121631  0.04152347190057
 0.03207472272571  0.04504137881611
 0.03713437845374  0.04857623912079
 0.04254910381015  0.05211345812787
 0.04831473393435  0.05565302958412
 0.05442683753982  0.05917929831070
 0.06088072100337  0.06268397453568
 0.06767143269513  0.06616294551279
 0.07479376754518  0.06959600670628
 0.08224227184227  0.07297468502224
 0.09001124826001  0.07629734282591
 0.09809476110552  0.07954124950143
 0.10648664178556  0.08270412544419
 0.11518049448465  0.08578605976116
 0.12416970204976  0.08880408324592
 0.13344743207575  0.09163798708463
 0.14300664318566  0.09439322795181
 0.15284009149975  0.09700661939808
 0.16294033728682  0.09948766164123
 0.17329975179161  0.10185078871287
 0.18391052423130  0.10408608047146
 0.19476466895451  0.10610881571088
 0.20585403275576  0.10793098995140
 0.21717030233823  0.10956319353548
 0.22870501191754  0.11104597151012
 0.24044955095922  0.11232675402965
 0.25239517204222  0.11337713906297
 0.26453299884090  0.11423837380244
 0.27685403421769  0.11485754696181
 0.28934916841851  0.11532184689026
 0.30200918736298  0.11560126568091
 0.31482478102146  0.11571078909639
 0.32778655187059  0.11564796522915
 0.34088502341927  0.11547179517879
 0.35411064879667  0.11511408273859
 0.36745381939401  0.11469743108045
 0.38090487355168  0.11426383862512
 0.39445410528322  0.11373641141272
 0.40809177302782  0.11259153579576
 0.42180810842264  0.11144517247169
 0.43559332508664  0.11018374400834
 0.44943762740732  0.10880483848496
 0.46333121932178  0.10725035972689
 0.47726431308375  0.10549467498752
 0.49122713800794  0.10363642379502
 0.50520994918336  0.10174183580497
 0.51920303614715  0.09978940578910
 0.53319673151043  0.09779816016406
 0.54718141952809  0.09566334990141
 0.56114754460388  0.09337867530397
 0.57508561972297  0.09106597052385
 0.58898623480354  0.08876172946378
 0.60284006495954  0.08641816449447
 0.61663787866660  0.08398772668107
 0.63037054582316  0.08152726061678
 0.64402904569926  0.07905756918348
 0.65760447476511  0.07655201738919
 0.67108805439211  0.07401209073460
 0.68447113841889  0.07146797750076
 0.69774522057509  0.06890843196932
 0.71090194175576  0.06632917069629
 0.72393309713950  0.06373899914217
 0.73683064314354  0.06114563496913
 0.74958670420905  0.05852621927405
 0.76219357941030  0.05589096909667
 0.77464374888136  0.05327311367848
 0.78692988005431  0.05065936271129
 0.79904483370287  0.04803914081526
 0.81098166978603  0.04543471880251
 0.82273365308587  0.04283433511627
 0.83429425863454  0.04023944304366
 0.84565717692504  0.03766086925655
 0.85681631890122  0.03510451827242
 0.86776582072208  0.03257273936094
 0.87850004829613  0.03006751086330
 0.88901360158152  0.02759750018105
 0.89930131864807  0.02516185617091
 0.90935827949735  0.02276127027625
 0.91917980963743  0.02040707408742
 0.92876148340911  0.01809370647011
 0.93809912706048  0.01582387162861
 0.94718882156726  0.01361497817977
 0.95602690519630  0.01148482771531
 0.96460997581014  0.00942234653733
 0.97293489291057  0.00738873557563
 0.98099877941956  0.00536566548027
 0.98879902319604  0.00336940932448
 0.99633327828747  0.00137854339697
</coords>