<reference>
Airfoil "Interp_072413" created on 05-Oct-2021 10:11:11 for blade project BAR2_HeavyTow_SNL_1_25_2021_numad
</reference>
<coords>
 1.00000000000000 -0.00000225597829
 0.99975079456309 -0.00012123526525
 0.99900342666575 -0.00033690463531
 0.99775864130055 -0.00012266055974
 0.99601767929663  0.00004280809391
 0.99378227608276  0.00022783073880
 0.99105465995749  0.00051198412720
 0.98783754986789  0.00080764480762
 0.98413415269925  0.00114403154707
 0.97994816007843  0.00151890616969
 0.97528374469389  0.00192037074639
 0.97014555613634  0.00234923624143
 0.96453871626387  0.00280109312267
 0.95846881409639  0.00327149435619
 0.95194190024441  0.00375841650797
 0.94496448087759  0.00426012484381
 0.93754351123930  0.00476026170224
 0.92968638871346  0.00522105106546
 0.92140094545068  0.00560091505392
 0.91269544056099  0.00589027266094
 0.90357855188099  0.00606554277882
 0.89405936732360  0.00611065332392
 0.88414737581899  0.00602744923455
 0.87385245785585  0.00579489014977
 0.86318487563232  0.00540587082494
 0.85215526282634  0.00485205302451
 0.84077461399582  0.00410611093284
 0.82905427361902  0.00317025245567
 0.81700592478612  0.00203855886626
 0.80464157755326  0.00069472421397
 0.79197355697065 -0.00087272230263
 0.77901449079672 -0.00268077502987
 0.76577729691045 -0.00472218515730
 0.75227517043459 -0.00697994887404
 0.73852157058244 -0.00946372630853
 0.72453020724146 -0.01217960063202
 0.71031502730689 -0.01512231857026
 0.69589020077925 -0.01828554125349
 0.68127010663931 -0.02166877115175
 0.66646931851488 -0.02527787961396
 0.65150259015344 -0.02906478933289
 0.63638484071530 -0.03300964156772
 0.62113113990189 -0.03708656770242
 0.60575669293391 -0.04125696489772
 0.59027682539445 -0.04550972270829
 0.57470696795213 -0.04977693453757
 0.55906264097945 -0.05401907497738
 0.54335943908178 -0.05821362502360
 0.52761301555225 -0.06231574743671
 0.51183906676831 -0.06630972905140
 0.49605331654514 -0.07014285735814
 0.48027150046187 -0.07376554564040
 0.46450935017599 -0.07726764730193
 0.44878257774169 -0.08038796380973
 0.43310685994776 -0.08314557440763
 0.41749782269060 -0.08555492932608
 0.40197102539801 -0.08761534819379
 0.38654194551920 -0.08934774094619
 0.37122596309655 -0.09075934603681
 0.35603834543442 -0.09183343983524
 0.34099423188038 -0.09259634613821
 0.32610861873401 -0.09305212959261
 0.31139634429821 -0.09319589837050
 0.29687207408811 -0.09306294515259
 0.28255028621210 -0.09266041502731
 0.26844525693983 -0.09198707729947
 0.25457104647120 -0.09108343683362
 0.24094148492096 -0.08994909383504
 0.22757015853246 -0.08858711708026
 0.21447039613465 -0.08702862091650
 0.20165525585557 -0.08527737842273
 0.18913751210575 -0.08333006664887
 0.17692964284440 -0.08120398655349
 0.16504381714107 -0.07892789570243
 0.15349188304533 -0.07649358697313
 0.14228535577631 -0.07393567009990
 0.13143540624411 -0.07127084990814
 0.12095284991438 -0.06849722699313
 0.11084813602724 -0.06563439744630
 0.10113133718124 -0.06268258569190
 0.09181213929280 -0.05966373270146
 0.08289983194104 -0.05659021986457
 0.07440329910775 -0.05347049775482
 0.06633101032164 -0.05032319656832
 0.05869101221573 -0.04716489976577
 0.05149092050627 -0.04399325625923
 0.04473791240127 -0.04080792476147
 0.03843871944607 -0.03762967422474
 0.03259962081320 -0.03446391849844
 0.02722643704317 -0.03132442362071
 0.02232452424240 -0.02822258059504
 0.01789876874419 -0.02516671889415
 0.01395358223787 -0.02219327936131
 0.01049289737114 -0.01924205096038
 0.00752016382994 -0.01640595361463
 0.00503834489972 -0.01372296110146
 0.00304991451156 -0.01065033797302
 0.00155685477610 -0.00654266670785
 0.00056065400778 -0.00242193875201
 0.00006230524117 -0.00031289144481
 0.00000000000000  0.00000000000000
 0.00024920543691  0.00103055818172
 0.00099657333425  0.00482545651270
 0.00224135869945  0.01017657384754
 0.00398232070337  0.01418471850789
 0.00621772391724  0.01785186990811
 0.00894534004251  0.02179621034570
 0.01216245013211  0.02577938974917
 0.01586584730075  0.02986383360565
 0.02005183992157  0.03398625904816
 0.02471625530611  0.03814721135389
 0.02985444386366  0.04232320816323
 0.03546128373613  0.04653079945885
 0.04153118590361  0.05074727145657
 0.04805809975559  0.05495110022653
 0.05503551912241  0.05912582179405
 0.06245648876070  0.06328044813312
 0.07031361128654  0.06739077992650
 0.07859905454932  0.07143710359605
 0.08730455943901  0.07540485412820
 0.09642144811901  0.07927561623169
 0.10594063267640  0.08305417629904
 0.11585262418101  0.08673321516082
 0.12614754214415  0.09027020866556
 0.13681512436768  0.09364813228483
 0.14784473717366  0.09686958716054
 0.15922538600418  0.09997877343386
 0.17094572638098  0.10280419140553
 0.18299407521388  0.10552768994159
 0.19535842244674  0.10800285199405
 0.20802644302935  0.11023379044021
 0.22098550920328  0.11225809166147
 0.23422270308955  0.11406838200336
 0.24772482956541  0.11554272715068
 0.26147842941756  0.11671574273189
 0.27546979275854  0.11760603840219
 0.28968497269311  0.11825676906399
 0.30410979922075  0.11859395661121
 0.31872989336069  0.11858258745007
 0.33353068148512  0.11830085233318
 0.34849740984656  0.11768078152947
 0.36361515928470  0.11684775059152
 0.37886886009811  0.11573543073756
 0.39424330706609  0.11436957836389
 0.40972317460555  0.11276545810670
 0.42529303204787  0.11101859128240
 0.44093735902055  0.10899525120197
 0.45664056091822  0.10679909135936
 0.47238698444775  0.10437394225290
 0.48816093323169  0.10176050246445
 0.50394668345486  0.09920577784056
 0.51972849953813  0.09656820134287
 0.53549064982401  0.09377518671222
 0.55121742225831  0.09089616091563
 0.56689314005224  0.08794843833298
 0.58250217730940  0.08492424222562
 0.59802897460199  0.08183841506629
 0.61345805448080  0.07869604816410
 0.62877403690345  0.07549349755766
 0.64396165456558  0.07230131665048
 0.65900576811962  0.06909892406362
 0.67389138126599  0.06591195432294
 0.68860365570179  0.06274025478595
 0.70312792591189  0.05955771937447
 0.71744971378790  0.05644676991612
 0.73155474306017  0.05337203523963
 0.74542895352880  0.05034531800037
 0.75905851507904  0.04740183075110
 0.77242984146754  0.04453397588076
 0.78552960386535  0.04174503126524
 0.79834474414443  0.03904077508513
 0.81086248789425  0.03642857453634
 0.82307035715560  0.03391333712845
 0.83495618285893  0.03149112099067
 0.84650811695467  0.02916003138529
 0.85771464422369  0.02691191987205
 0.86856459375589  0.02474938429546
 0.87904715008562  0.02270144296115
 0.88915186397276  0.02074543792403
 0.89886866281876  0.01887921851700
 0.90818786070720  0.01711867279362
 0.91710016805896  0.01544682152447
 0.92559670089225  0.01387353497027
 0.93366898967836  0.01239758521793
 0.94130898778427  0.01100819138235
 0.94850907949373  0.00972553596119
 0.95526208759873  0.00853917384428
 0.96156128055393  0.00743682746091
 0.96740037918680  0.00642299906849
 0.97277356295683  0.00549752809839
 0.97767547575760  0.00465980408139
 0.98210123125581  0.00390948361267
 0.98604641776213  0.00324580330285
 0.98950710262886  0.00266800423326
 0.99247983617006  0.00217473000228
 0.99496165510028  0.00176520385996
 0.99695008548844  0.00143876758268
 0.99844314522390  0.00119457866581
 0.99943934599222  0.00103217774666
 0.99993769475883  0.00095464400118
</coords>