<reference>
Airfoil "Interp_058620" created on 05-Oct-2021 10:11:11 for blade project BAR2_HeavyTow_SNL_1_25_2021_numad
</reference>
<coords>
 1.00000000000000 -0.00000489149918
 0.99975079456309  0.00055618131331
 0.99900342666575 -0.00058458892231
 0.99775864130055 -0.00036995194116
 0.99601767929663 -0.00018041709133
 0.99378227608276  0.00003845052918
 0.99105465995749  0.00035120003106
 0.98783754986789  0.00063993691703
 0.98413415269925  0.00097988244848
 0.97994816007843  0.00136748103467
 0.97528374469389  0.00178627234229
 0.97014555613634  0.00223471563488
 0.96453871626387  0.00270744336205
 0.95846881409639  0.00319924197640
 0.95194190024441  0.00370792310009
 0.94496448087759  0.00423182264943
 0.93754351123930  0.00475034457227
 0.92968638871346  0.00522702012073
 0.92140094545068  0.00562468740172
 0.91269544056099  0.00593075718887
 0.90357855188099  0.00611967577269
 0.89405936732360  0.00617461742244
 0.88414737581899  0.00609958809727
 0.87385245785585  0.00587219726297
 0.86318487563232  0.00548499379576
 0.85215526282634  0.00493293168099
 0.84077461399582  0.00418971859697
 0.82905427361902  0.00325669998255
 0.81700592478612  0.00212871912140
 0.80464157755326  0.00079385707713
 0.79197355697065 -0.00075437611797
 0.77901449079672 -0.00250808934078
 0.76577729691045 -0.00464475928384
 0.75227517043459 -0.00702087506950
 0.73852157058244 -0.00964445923694
 0.72453020724146 -0.01251562595746
 0.71031502730689 -0.01562509455916
 0.69589020077925 -0.01896976738667
 0.68127010663931 -0.02254871022607
 0.66646931851488 -0.02639243084866
 0.65150259015344 -0.03042287396815
 0.63638484071530 -0.03461009459670
 0.62113113990189 -0.03892463820847
 0.60575669293391 -0.04332404696614
 0.59027682539445 -0.04779062664489
 0.57470696795213 -0.05226307214986
 0.55906264097945 -0.05669738833293
 0.54335943908178 -0.06106807735797
 0.52761301555225 -0.06533245569455
 0.51183906676831 -0.06946528193989
 0.49605331654514 -0.07342197476706
 0.48027150046187 -0.07730643263121
 0.46450935017599 -0.08181427794560
 0.44878257774169 -0.08553199639772
 0.43310685994776 -0.08871376022701
 0.41749782269060 -0.09145104385513
 0.40197102539801 -0.09377883104039
 0.38654194551920 -0.09573705981284
 0.37122596309655 -0.09733211951712
 0.35603834543442 -0.09856048391580
 0.34099423188038 -0.09945121356062
 0.32610861873401 -0.10001462842806
 0.31139634429821 -0.10024514996560
 0.29687207408811 -0.10017664361565
 0.28255028621210 -0.09981766038743
 0.26844525693983 -0.09916752103452
 0.25457104647120 -0.09826710805138
 0.24094148492096 -0.09711293862969
 0.22757015853246 -0.09571762763994
 0.21447039613465 -0.09410195057581
 0.20165525585557 -0.09226868884471
 0.18913751210575 -0.09022170021215
 0.17692964284440 -0.08798197185587
 0.16504381714107 -0.08556790867028
 0.15349188304533 -0.08297659841084
 0.14228535577631 -0.08024111775300
 0.13143540624411 -0.07737838697665
 0.12095284991438 -0.07439231493802
 0.11084813602724 -0.07130222068429
 0.10113133718124 -0.06811112194843
 0.09181213929280 -0.06483887913387
 0.08289983194104 -0.06150342215767
 0.07440329910775 -0.05811223216875
 0.06633101032164 -0.05468659240560
 0.05869101221573 -0.05123716893229
 0.05149092050627 -0.04777054651024
 0.04473791240127 -0.04428947842442
 0.03843871944607 -0.04081075654976
 0.03259962081320 -0.03733954411333
 0.02722643704317 -0.03389027206422
 0.02232452424240 -0.03047919731803
 0.01789876874419 -0.02713869173733
 0.01395358223787 -0.02387193720405
 0.01049289737114 -0.02062658076823
 0.00752016382994 -0.01746508604468
 0.00503834489972 -0.01452414868044
 0.00304991451156 -0.01125966377468
 0.00155685477610 -0.00718309631932
 0.00056065400778 -0.00269140558587
 0.00006230524117 -0.00031058165432
 0.00000000000000  0.00000000000000
 0.00024920543691  0.00123827102779
 0.00099657333425  0.00556571892051
 0.00224135869945  0.01098668558897
 0.00398232070337  0.01521325228879
 0.00621772391724  0.01918486869507
 0.00894534004251  0.02333060198710
 0.01216245013211  0.02753506627488
 0.01586584730075  0.03181582368969
 0.02005183992157  0.03613495126929
 0.02471625530611  0.04046989728253
 0.02985444386366  0.04479902527639
 0.03546128373613  0.04915520061802
 0.04153118590361  0.05351750348815
 0.04805809975559  0.05786248066341
 0.05503551912241  0.06217104178872
 0.06245648876070  0.06644954335095
 0.07031361128654  0.07067400762533
 0.07859905454932  0.07482126496455
 0.08730455943901  0.07887568228785
 0.09642144811901  0.08281943864402
 0.10594063267640  0.08665315025066
 0.11585262418101  0.09036786350205
 0.12614754214415  0.09392679598807
 0.13681512436768  0.09731124926480
 0.14784473717366  0.10051888616574
 0.15922538600418  0.10358462708038
 0.17094572638098  0.10637381089225
 0.18299407521388  0.10902805126372
 0.19535842244674  0.11142408173413
 0.20802644302935  0.11356312785131
 0.22098550920328  0.11547763260733
 0.23422270308955  0.11716188514005
 0.24772482956541  0.11851824662008
 0.26147842941756  0.11957731349402
 0.27546979275854  0.12035101692917
 0.28968497269311  0.12086814788664
 0.30410979922075  0.12107966387176
 0.31872989336069  0.12095473804535
 0.33353068148512  0.12055545485654
 0.34849740984656  0.11983551597022
 0.36361515928470  0.11888604366606
 0.37886886009811  0.11765857798788
 0.39424330706609  0.11616806964293
 0.40972317460555  0.11442473081094
 0.42529303204787  0.11248706007958
 0.44093735902055  0.11022756601536
 0.45664056091822  0.10767297248209
 0.47238698444775  0.10464600583632
 0.48816093323169  0.10143462589508
 0.50394668345486  0.09893492730678
 0.51972849953813  0.09635169186941
 0.53549064982401  0.09363095124446
 0.55121742225831  0.09083205519352
 0.56689314005224  0.08796899171732
 0.58250217730940  0.08503868818141
 0.59802897460199  0.08205204361448
 0.61345805448080  0.07901633617556
 0.62877403690345  0.07593098603062
 0.64396165456558  0.07285589463166
 0.65900576811962  0.06977434311581
 0.67389138126599  0.06670455969286
 0.68860365570179  0.06362968854961
 0.70312792591189  0.06052321419193
 0.71744971378790  0.05747586391270
 0.73155474306017  0.05445887906745
 0.74542895352880  0.05148514073351
 0.75905851507904  0.04858394778999
 0.77242984146754  0.04574679648919
 0.78552960386535  0.04290291023601
 0.79834474414443  0.04011078298250
 0.81086248789425  0.03743659845415
 0.82307035715560  0.03487291539132
 0.83495618285893  0.03240862244082
 0.84650811695467  0.03004019813626
 0.85771464422369  0.02776009595612
 0.86856459375589  0.02556932541301
 0.87904715008562  0.02349189399361
 0.88915186397276  0.02150880699833
 0.89886866281876  0.01961815585499
 0.90818786070720  0.01783085482905
 0.91710016805896  0.01613385804101
 0.92559670089225  0.01453533920072
 0.93366898967836  0.01303455659289
 0.94130898778427  0.01162356127643
 0.94850907949373  0.01031739420779
 0.95526208759873  0.00910738510723
 0.96156128055393  0.00798360187501
 0.96740037918680  0.00694978305868
 0.97277356295683  0.00600605922755
 0.97767547575760  0.00515248662672
 0.98210123125581  0.00438984755403
 0.98604641776213  0.00371994742062
 0.98950710262886  0.00315435653364
 0.99247983617006  0.00264684246665
 0.99496165510028  0.00221020904040
 0.99695008548844  0.00185832370771
 0.99844314522390  0.00160220342996
 0.99943934599222  0.00142503008172
 0.99993769475883  0.00157744584036
</coords>