<reference>
SNL-FFA-W3-500</reference>
<coords>
1.000000000000	-0.009700000000
0.999429680000	-0.009743450000
0.998063020000	-0.009854560000
0.995573910000	-0.010081630000
0.992086310000	-0.010451350000
0.987686150000	-0.010998730000
0.982330530000	-0.011777260000
0.976011910000	-0.012838050000
0.968787470000	-0.014214220000
0.960674860000	-0.015930230000
0.951675360000	-0.017993590000
0.941827650000	-0.020375240000
0.931175300000	-0.023701720000
0.919730400000	-0.027475180000
0.907524560000	-0.031978900000
0.894610410000	-0.037130520000
0.881009700000	-0.042990560000
0.866747910000	-0.049539520000
0.851890260000	-0.056664570000
0.836469460000	-0.064444970000
0.820513490000	-0.072716360000
0.804073830000	-0.081405780000
0.787191530000	-0.090730700000
0.769897920000	-0.100388180000
0.752252340000	-0.110204620000
0.734291350000	-0.120286370000
0.716044920000	-0.130449550000
0.697571640000	-0.140494020000
0.678906190000	-0.150313190000
0.660080310000	-0.160061270000
0.641147520000	-0.169369640000
0.622137650000	-0.178306700000
0.603088000000	-0.186808620000
0.584045040000	-0.194843920000
0.565030900000	-0.202426220000
0.546088600000	-0.209512660000
0.527248670000	-0.215935760000
0.508535950000	-0.221773880000
0.489992360000	-0.227147670000
0.471632110000	-0.231737680000
0.453492500000	-0.235935870000
0.435593300000	-0.239364610000
0.417956070000	-0.242217680000
0.400609750000	-0.244546310000
0.383560930000	-0.246394770000
0.366843220000	-0.247641600000
0.350457320000	-0.248314760000
0.334434480000	-0.248700000000
0.318774100000	-0.248406800000
0.303499620000	-0.247751750000
0.288611290000	-0.246688240000
0.274124390000	-0.245364790000
0.260041460000	-0.243428710000
0.246374870000	-0.241276150000
0.233123440000	-0.238677870000
0.220293780000	-0.235941520000
0.207883280000	-0.232825210000
0.195902960000	-0.229427610000
0.184341250000	-0.225850220000
0.173213930000	-0.221898620000
0.162499180000	-0.217904610000
0.152214600000	-0.213565410000
0.142331760000	-0.209112730000
0.132872110000	-0.204485770000
0.123806440000	-0.199677180000
0.115147620000	-0.194669910000
0.106887210000	-0.189647520000
0.099007110000	-0.184360860000
0.091523400000	-0.179048030000
0.084397040000	-0.173555190000
0.077646480000	-0.167950810000
0.071247910000	-0.162317890000
0.065187870000	-0.156487870000
0.059487470000	-0.150674740000
0.054100250000	-0.144850300000
0.049037880000	-0.138980260000
0.044300350000	-0.133198570000
0.039842360000	-0.127147270000
0.035689980000	-0.121137780000
0.031829240000	-0.115310660000
0.028220010000	-0.109153750000
0.024892520000	-0.103029840000
0.021828670000	-0.096920590000
0.018984690000	-0.090991830000
0.016392190000	-0.084981690000
0.014044630000	-0.079132460000
0.011879820000	-0.073401710000
0.009930950000	-0.067582730000
0.008219410000	-0.061913020000
0.006658390000	-0.055936350000
0.005267740000	-0.049743000000
0.004095160000	-0.043397080000
0.003098790000	-0.037491770000
0.002196610000	-0.030280010000
0.001462640000	-0.024251570000
0.000964480000	-0.019098050000
0.000599370000	-0.014852680000
0.000290090000	-0.009270100000
0.000078070000	-0.006763490000
0.000000000000	0.000000000000
0.000078040000	0.002377770000
0.000289880000	0.005154210000
0.000598780000	0.010964290000
0.000963330000	0.014811590000
0.001459670000	0.020031900000
0.002190980000	0.025910340000
0.003089980000	0.033726220000
0.004082710000	0.040148790000
0.005248530000	0.047326990000
0.006631280000	0.053909500000
0.008183680000	0.060189110000
0.009883610000	0.066010300000
0.011817640000	0.071879180000
0.013966200000	0.077738380000
0.016295140000	0.083747790000
0.018863190000	0.089807240000
0.021680710000	0.095892860000
0.024715920000	0.102224600000
0.028006440000	0.108491840000
0.031576260000	0.114689850000
0.035394840000	0.120865760000
0.039494980000	0.127049700000
0.043897930000	0.133337800000
0.048575810000	0.139486260000
0.053567990000	0.145564780000
0.058881820000	0.151698790000
0.064500160000	0.157764900000
0.070469200000	0.163785550000
0.076774030000	0.169682050000
0.083416210000	0.175459470000
0.090429020000	0.181093380000
0.097790650000	0.186558630000
0.105536190000	0.192036780000
0.113658760000	0.197174000000
0.122161480000	0.202323280000
0.131067500000	0.207228210000
0.140354650000	0.211978740000
0.150055110000	0.216495850000
0.160148960000	0.220832390000
0.170658190000	0.224966790000
0.181574960000	0.228839620000
0.192907570000	0.232432100000
0.204657630000	0.235660260000
0.216817350000	0.238603900000
0.229396480000	0.241247650000
0.242377800000	0.243584220000
0.255773620000	0.245559300000
0.269566790000	0.247233870000
0.283765800000	0.248440200000
0.298347980000	0.249403540000
0.313318980000	0.249914600000
0.328658460000	0.250000000000
0.344364940000	0.249617590000
0.360419770000	0.249075530000
0.376811230000	0.247812180000
0.393525250000	0.246329080000
0.410538640000	0.244395170000
0.427843230000	0.242066760000
0.445406660000	0.239229620000
0.463222250000	0.236029420000
0.481251550000	0.232430740000
0.499481030000	0.228358140000
0.517879580000	0.223925480000
0.536417630000	0.219026670000
0.555075700000	0.213761270000
0.573808430000	0.208315870000
0.592596730000	0.202350370000
0.611401380000	0.196250490000
0.630186430000	0.189870020000
0.648926780000	0.183092270000
0.667570210000	0.176219380000
0.686088430000	0.169076300000
0.704445390000	0.161622430000
0.722592090000	0.154144460000
0.740501800000	0.146560910000
0.758125460000	0.138807840000
0.775421010000	0.131058630000
0.792362370000	0.123144450000
0.808894550000	0.115339630000
0.824974630000	0.107565540000
0.840576950000	0.099901180000
0.855652760000	0.092180200000
0.870162900000	0.084670810000
0.884085030000	0.077346610000
0.897361210000	0.070427430000
0.909954680000	0.063581380000
0.921851470000	0.057082810000
0.933012840000	0.050915990000
0.943389280000	0.045193000000
0.952973150000	0.039648810000
0.961743130000	0.034482090000
0.969640690000	0.029739440000
0.976664220000	0.025440310000
0.982815080000	0.021605740000
0.988028440000	0.018300450000
0.992304840000	0.015548920000
0.995693520000	0.013341460000
0.998120490000	0.011745200000
0.999443040000	0.010869830000
1.000000000000	0.010500000000
</coords>