<reference>ref. NREL, Jim Tangler</reference>
<coords>
1 -0.003097
0.990001 -0.00325
0.97999 -0.00336
0.95997 -0.00351
0.93996 -0.00368
0.91995 -0.00404
0.89999 -0.00499
0.84999 -0.01111
0.800001 -0.01816
0.750001 -0.02519
0.70001 -0.03156
0.65001 -0.03696
0.60001 -0.04108
0.550001 -0.04384
0.500001 -0.04546
0.450001 -0.046
0.400001 -0.0462
0.350001 -0.04547
0.300001 -0.04401
0.250001 -0.0418
0.19999 -0.03876
0.14999 -0.03475
0.11999 -0.03175
0.09999 -0.02942
0.07999 -0.02675
0.05998 -0.02359
0.050001 -0.02178
0.03995 -0.01976
0.02998 -0.01737
0.01994 -0.01432
0.00997 -0.01061
0.00296 -0.00619
0.00001 -0.00031
0.00269 0.00731
0.00998 0.01581
0.01992 0.02331
0.02988 0.02914
0.03998 0.03416
0.04991 0.03849
0.05998 0.04241
0.07997 0.0492
0.09995 0.055
0.11997 0.06007
0.14998 0.06657
0.19998 0.07514
0.24999 0.08144
0.300001 0.08579
0.350001 0.08831
0.400001 0.08893
0.45001 0.08732
0.50002 0.0834
0.55002 0.07756
0.60001 0.07048
0.65001 0.06273
0.700001 0.05461
0.750001 0.04626
0.800001 0.03779
0.850001 0.02918
0.90001 0.02014
0.91999 0.01666
0.93999 0.01325
0.95999 0.00986
0.97999 0.00648
0.990001 0.00479
</coords>
