<reference>
Airfoil "Interp_027586" created on 05-Oct-2021 10:35:09 for blade project BAR4_SNL_1_18_2021_numad
</reference>
<coords>
 1.00000000000000  0.00000000000000
 0.99975079456309 -0.00028806326413
 0.99900342666575 -0.00420394921732
 0.99775864130055 -0.00387909023966
 0.99601767929663 -0.00354644941765
 0.99378227608276 -0.00316017380318
 0.99105465995749 -0.00271751175662
 0.98783754986789 -0.00221657397317
 0.98413415269925 -0.00167523858943
 0.97994816007843 -0.00109567879759
 0.97528374469389 -0.00048458076074
 0.97014555613634  0.00015081656877
 0.96453871626387  0.00080251107992
 0.95846881409639  0.00146066149136
 0.95194190024441  0.00211919274111
 0.94496448087759  0.00277360714258
 0.93754351123930  0.00338117988568
 0.92968638871346  0.00391127428091
 0.92140094545068  0.00435504009717
 0.91269544056099  0.00468913226799
 0.90357855188099  0.00488486130094
 0.89405936732360  0.00495159093008
 0.88414737581899  0.00489859171102
 0.87385245785585  0.00453647069012
 0.86318487563232  0.00396501962964
 0.85215526282634  0.00318648062921
 0.84077461399582  0.00217436276670
 0.82905427361902  0.00091213103780
 0.81700592478612 -0.00061091146870
 0.80464157755326 -0.00241643708400
 0.79197355697065 -0.00454168499909
 0.77901449079672 -0.00702141915826
 0.76577729691045 -0.00975484388907
 0.75227517043459 -0.01282760178460
 0.73852157058244 -0.01623511970811
 0.72453020724146 -0.01995426356095
 0.71031502730689 -0.02397007241940
 0.69589020077925 -0.02827232520021
 0.68127010663931 -0.03284923057170
 0.66646931851488 -0.03769912736242
 0.65150259015344 -0.04275265508641
 0.63638484071530 -0.04797036545684
 0.62113113990189 -0.05330446869615
 0.60575669293391 -0.05870556502197
 0.59027682539445 -0.06413421483984
 0.57470696795213 -0.06953982413197
 0.55906264097945 -0.07487470490778
 0.54335943908178 -0.08009901652068
 0.52761301555225 -0.08517086138214
 0.51183906676831 -0.09004892403736
 0.49605331654514 -0.09471883168475
 0.48027150046187 -0.09914685367678
 0.46450935017599 -0.10330986437050
 0.44878257774169 -0.10714213773186
 0.43310685994776 -0.11051786792292
 0.41749782269060 -0.11356055156627
 0.40197102539801 -0.11624653484047
 0.38654194551920 -0.11859294501857
 0.37122596309655 -0.12058577679012
 0.35603834543442 -0.12222347403687
 0.34099423188038 -0.12351343036189
 0.32610861873401 -0.12446842908786
 0.31139634429821 -0.12508425226146
 0.29687207408811 -0.12537482039514
 0.28255028621210 -0.12534434744288
 0.26844525693983 -0.12499250587266
 0.25457104647120 -0.12434212230290
 0.24094148492096 -0.12339051546659
 0.22757015853246 -0.12215397192355
 0.21447039613465 -0.12062239208662
 0.20165525585557 -0.11880462753879
 0.18913751210575 -0.11670295090117
 0.17692964284440 -0.11432663533591
 0.16504381714107 -0.11167894119549
 0.15349188304533 -0.10871968931360
 0.14228535577631 -0.10542293961914
 0.13143540624411 -0.10191979821048
 0.12095284991438 -0.09821751091034
 0.11084813602724 -0.09433751694333
 0.10113133718124 -0.09029507580274
 0.09181213929280 -0.08611285423009
 0.08289983194104 -0.08181693932992
 0.07440329910775 -0.07741502028421
 0.06633101032164 -0.07293967723496
 0.05869101221573 -0.06839146828238
 0.05149092050627 -0.06381129779105
 0.04473791240127 -0.05918161870182
 0.03843871944607 -0.05448926967821
 0.03259962081320 -0.04982704986200
 0.02722643704317 -0.04518811798757
 0.02232452424240 -0.04058975764283
 0.01789876874419 -0.03607084900999
 0.01395358223787 -0.03162026501172
 0.01049289737114 -0.02725024795896
 0.00752016382994 -0.02298343423570
 0.00503834489972 -0.01908466091391
 0.00304991451156 -0.01503461971710
 0.00155685477610 -0.01048209246002
 0.00056065400778 -0.00447287236054
 0.00006230524117 -0.00045438735050
 0.00000000000000  0.00000000000000
 0.00024920543691  0.00218106937507
 0.00099657333425  0.00902441836148
 0.00224135869945  0.01500311423174
 0.00398232070337  0.02003343390716
 0.00621772391724  0.02505547836215
 0.00894534004251  0.02978123548370
 0.01216245013211  0.03475229224528
 0.01586584730075  0.03984160990669
 0.02005183992157  0.04502478011808
 0.02471625530611  0.05016361892638
 0.02985444386366  0.05524199684593
 0.03546128373613  0.06027816997772
 0.04153118590361  0.06527249624263
 0.04805809975559  0.07018657719517
 0.05503551912241  0.07500456560354
 0.06245648876070  0.07973323871537
 0.07031361128654  0.08436119008742
 0.07859905454932  0.08886764158776
 0.08730455943901  0.09323880809202
 0.09642144811901  0.09745984316805
 0.10594063267640  0.10151146698052
 0.11585262418101  0.10537750136731
 0.12614754214415  0.10905414286359
 0.13681512436768  0.11252421409317
 0.14784473717366  0.11576655522475
 0.15922538600418  0.11874019643418
 0.17094572638098  0.12134243746296
 0.18299407521388  0.12366571163170
 0.19535842244674  0.12571102141288
 0.20802644302935  0.12747618992047
 0.22098550920328  0.12896284710932
 0.23422270308955  0.13017778382556
 0.24772482956541  0.13112396057575
 0.26147842941756  0.13180787945300
 0.27546979275854  0.13222030212091
 0.28968497269311  0.13235582296689
 0.30410979922075  0.13223846210175
 0.31872989336069  0.13185784543238
 0.33353068148512  0.13122264526548
 0.34849740984656  0.13035982375856
 0.36361515928470  0.12925659741414
 0.37886886009811  0.12793939236713
 0.39424330706609  0.12641191728209
 0.40972317460555  0.12469378230488
 0.42529303204787  0.12278430215306
 0.44093735902055  0.12069983165342
 0.45664056091822  0.11848633718031
 0.47238698444775  0.11624140202400
 0.48816093323169  0.11379939691997
 0.50394668345486  0.11118829383181
 0.51972849953813  0.10844521140281
 0.53549064982401  0.10558506422637
 0.55121742225831  0.10262488044153
 0.56689314005224  0.09957093444848
 0.58250217730940  0.09643665374450
 0.59802897460199  0.09324114159885
 0.61345805448080  0.08999356484038
 0.62877403690345  0.08669981765708
 0.64396165456558  0.08338697729270
 0.65900576811962  0.08006042211679
 0.67389138126599  0.07673318732095
 0.68860365570179  0.07340882477952
 0.70312792591189  0.07008755771669
 0.71744971378790  0.06679485863472
 0.73155474306017  0.06353580681661
 0.74542895352880  0.06032860959724
 0.75905851507904  0.05718740956886
 0.77242984146754  0.05411133469775
 0.78552960386535  0.05115620280861
 0.79834474414443  0.04830296908701
 0.81086248789425  0.04551708521733
 0.82307035715560  0.04281042966712
 0.83495618285893  0.04017929162523
 0.84650811695467  0.03763030252976
 0.85771464422369  0.03516960589265
 0.86856459375589  0.03279689733689
 0.87904715008562  0.03051229975436
 0.88915186397276  0.02832898921897
 0.89886866281876  0.02610238891353
 0.90818786070720  0.02407677062469
 0.91710016805896  0.02217393553700
 0.92559670089225  0.02037660330822
 0.93366898967836  0.01867977677677
 0.94130898778427  0.01708815722012
 0.94850907949373  0.01559267851278
 0.95526208759873  0.01419147181007
 0.96156128055393  0.01288682165330
 0.96740037918680  0.01167989051629
 0.97277356295683  0.01057197398100
 0.97767547575760  0.00956403746474
 0.98210123125581  0.00865698087518
 0.98604641776213  0.00785141824528
 0.98950710262886  0.00714227576330
 0.99247983617006  0.00653815128619
 0.99496165510028  0.00605062538046
 0.99695008548844  0.00566161525334
 0.99844314522390  0.00540571776920
 0.99943934599222  0.00542555582795
 0.99993769475883  0.00472152492594
</coords>