<reference>
Airfoil "Interp_062068" created on 05-Oct-2021 10:35:09 for blade project BAR4_SNL_1_18_2021_numad
</reference>
<coords>
 1.00000000000000 -0.00000409086906
 0.99975079456309  0.00031097911339
 0.99900342666575 -0.00047449003054
 0.99775864130055 -0.00025988059143
 0.99601767929663 -0.00007913893817
 0.99378227608276  0.00012732653102
 0.99105465995749  0.00042968288030
 0.98783754986789  0.00071982452097
 0.98413415269925  0.00105759371368
 0.97994816007843  0.00143992568776
 0.97528374469389  0.00185189785322
 0.97014555613634  0.00229283476826
 0.96453871626387  0.00275772766400
 0.95846881409639  0.00324167048168
 0.95194190024441  0.00374255691228
 0.94496448087759  0.00425871681102
 0.93754351123930  0.00477125027699
 0.92968638871346  0.00524323199082
 0.92140094545068  0.00563579765121
 0.91269544056099  0.00593753296352
 0.90357855188099  0.00612367154170
 0.89405936732360  0.00617769108610
 0.88414737581899  0.00610286610741
 0.87385245785585  0.00587739011984
 0.86318487563232  0.00549394274397
 0.85215526282634  0.00494625581818
 0.84077461399582  0.00420770084699
 0.82905427361902  0.00328006488772
 0.81700592478612  0.00215797894294
 0.80464157755326  0.00082809423496
 0.79197355697065 -0.00071755238546
 0.77901449079672 -0.00247944481881
 0.76577729691045 -0.00457227805340
 0.75227517043459 -0.00689535346838
 0.73852157058244 -0.00945732992941
 0.72453020724146 -0.01226059335447
 0.71031502730689 -0.01529739229593
 0.69589020077925 -0.01856350488927
 0.68127010663931 -0.02206199538843
 0.66646931851488 -0.02584653854128
 0.65150259015344 -0.02981376898241
 0.63638484071530 -0.03393577511842
 0.62113113990189 -0.03818472909769
 0.60575669293391 -0.04251927434471
 0.59027682539445 -0.04692349137054
 0.57470696795213 -0.05133525339318
 0.55906264097945 -0.05571151844940
 0.54335943908178 -0.06002779618370
 0.52761301555225 -0.06424122603009
 0.51183906676831 -0.06832891797746
 0.49605331654514 -0.07224443555135
 0.48027150046187 -0.07608298968517
 0.46450935017599 -0.08051347205612
 0.44878257774169 -0.08417442884025
 0.43310685994776 -0.08730802673115
 0.41749782269060 -0.09000271202949
 0.40197102539801 -0.09229234316884
 0.38654194551920 -0.09421539987008
 0.37122596309655 -0.09578038057990
 0.35603834543442 -0.09698199987847
 0.34099423188038 -0.09784995631426
 0.32610861873401 -0.09839333283587
 0.31139634429821 -0.09860781554551
 0.29687207408811 -0.09852692614059
 0.28255028621210 -0.09816074842959
 0.26844525693983 -0.09750709245711
 0.25457104647120 -0.09660733188257
 0.24094148492096 -0.09545913510046
 0.22757015853246 -0.09407337083359
 0.21447039613465 -0.09247335607840
 0.20165525585557 -0.09066051742629
 0.18913751210575 -0.08863817895481
 0.17692964284440 -0.08642742261671
 0.16504381714107 -0.08404728461694
 0.15349188304533 -0.08149407408870
 0.14228535577631 -0.07880181297607
 0.13143540624411 -0.07598629429919
 0.12095284991438 -0.07305129332270
 0.11084813602724 -0.07001601321708
 0.10113133718124 -0.06688234542848
 0.09181213929280 -0.06367015612718
 0.08289983194104 -0.06039645590762
 0.07440329910775 -0.05706894085629
 0.06633101032164 -0.05370801973758
 0.05869101221573 -0.05032535344934
 0.05149092050627 -0.04692518157323
 0.04473791240127 -0.04350940904080
 0.03843871944607 -0.04009552379372
 0.03259962081320 -0.03668856914021
 0.02722643704317 -0.03330309218422
 0.02232452424240 -0.02995505224614
 0.01789876874419 -0.02668305752084
 0.01395358223787 -0.02348894440137
 0.01049289737114 -0.02031339054995
 0.00752016382994 -0.01723270814546
 0.00503834489972 -0.01434549677583
 0.00304991451156 -0.01111256826559
 0.00155685477610 -0.00704661357661
 0.00056065400778 -0.00264492791000
 0.00006230524117 -0.00031473124287
 0.00000000000000  0.00000000000000
 0.00024920543691  0.00118765195376
 0.00099657333425  0.00536891093074
 0.00224135869945  0.01075762904067
 0.00398232070337  0.01493025723605
 0.00621772391724  0.01883013056297
 0.00894534004251  0.02294265430893
 0.01216245013211  0.02710429494228
 0.01586584730075  0.03135012628935
 0.02005183992157  0.03563107609904
 0.02471625530611  0.03992613097145
 0.02985444386366  0.04421485844562
 0.03546128373613  0.04853296769179
 0.04153118590361  0.05285927628667
 0.04805809975559  0.05717040584406
 0.05503551912241  0.06144766003534
 0.06245648876070  0.06569791075788
 0.07031361128654  0.06989674602973
 0.07859905454932  0.07402131020733
 0.08730455943901  0.07805581948170
 0.09642144811901  0.08198214997322
 0.10594063267640  0.08580225588102
 0.11585262418101  0.08950736776369
 0.12614754214415  0.09305887755954
 0.13681512436768  0.09643785455144
 0.14784473717366  0.09964361573627
 0.15922538600418  0.10271388783210
 0.17094572638098  0.10550403317657
 0.18299407521388  0.10816736257941
 0.19535842244674  0.11057300518516
 0.20802644302935  0.11272309529029
 0.22098550920328  0.11465223485100
 0.23422270308955  0.11635413072889
 0.24772482956541  0.11772496478319
 0.26147842941756  0.11879711971067
 0.27546979275854  0.11958399228486
 0.28968497269311  0.12011834023705
 0.30410979922075  0.12034475884362
 0.31872989336069  0.12023147341745
 0.33353068148512  0.11984479825133
 0.34849740984656  0.11913296311715
 0.36361515928470  0.11819503607923
 0.37886886009811  0.11697732027963
 0.39424330706609  0.11549632241924
 0.40972317460555  0.11376188074344
 0.42529303204787  0.11183940488076
 0.44093735902055  0.10959401081089
 0.45664056091822  0.10706086562846
 0.47238698444775  0.10406557395733
 0.48816093323169  0.10088464608225
 0.50394668345486  0.09838989809282
 0.51972849953813  0.09581322855514
 0.53549064982401  0.09309623333106
 0.55121742225831  0.09030124989670
 0.56689314005224  0.08744301920654
 0.58250217730940  0.08451729553953
 0.59802897460199  0.08153522159371
 0.61345805448080  0.07850381365850
 0.62877403690345  0.07542212545951
 0.64396165456558  0.07235253032730
 0.65900576811962  0.06927744413804
 0.67389138126599  0.06621640071784
 0.68860365570179  0.06314162678404
 0.70312792591189  0.06001864442318
 0.71744971378790  0.05695897044485
 0.73155474306017  0.05393133054931
 0.74542895352880  0.05094815936087
 0.75905851507904  0.04804088733828
 0.77242984146754  0.04520129810421
 0.78552960386535  0.04238370084650
 0.79834474414443  0.03962869090313
 0.81086248789425  0.03698249275107
 0.82307035715560  0.03444184055349
 0.83495618285893  0.03199811588465
 0.84650811695467  0.02964830420459
 0.85771464422369  0.02738455036973
 0.86856459375589  0.02520845205938
 0.87904715008562  0.02314593792257
 0.88915186397276  0.02117651879687
 0.89886866281876  0.01929826350802
 0.90818786070720  0.01752397495788
 0.91710016805896  0.01583901690697
 0.92559670089225  0.01425229848352
 0.93366898967836  0.01276294087448
 0.94130898778427  0.01136193923056
 0.94850907949373  0.01006635191148
 0.95526208759873  0.00886688630842
 0.96156128055393  0.00775272448751
 0.96740037918680  0.00672788768142
 0.97277356295683  0.00579240283319
 0.97767547575760  0.00494609488798
 0.98210123125581  0.00418935736717
 0.98604641776213  0.00352311645584
 0.98950710262886  0.00295477068448
 0.99247983617006  0.00245326712529
 0.99496165510028  0.00202682079550
 0.99695008548844  0.00168445053804
 0.99844314522390  0.00143288119523
 0.99943934599222  0.00126119112346
 0.99993769475883  0.00133807606482
</coords>