<reference>
Airfoil "Interp_075862" created on 05-Oct-2021 10:35:09 for blade project BAR4_SNL_1_18_2021_numad
</reference>
<coords>
 1.00000000000000 -0.00000188725795
 0.99956985840366 -0.00009833983690
 0.99864740150136 -0.00027491207236
 0.99723341141480 -0.00005016217322
 0.99532916030517  0.00011549536186
 0.99293640913922  0.00029647071797
 0.99005740596810  0.00057508355453
 0.98669488372064  0.00086298769163
 0.98285205751320  0.00118376373603
 0.97853262147888  0.00153848303876
 0.97374074511909  0.00191869366993
 0.96848106918131  0.00232382018875
 0.96275870106693  0.00274896325619
 0.95657920977384  0.00319141423316
 0.94994862037886  0.00364890832729
 0.94287340806540  0.00411937216720
 0.93536049170230  0.00458745597402
 0.92741722698034  0.00501593298596
 0.91905139911318  0.00536326880712
 0.91027121510992  0.00562054542022
 0.90108529562719  0.00576466158058
 0.89150266640869  0.00577962252601
 0.88153274932075  0.00566741461423
 0.87118535299288  0.00540768526366
 0.86047066307266  0.00499320696927
 0.84939923210451  0.00441578506138
 0.83798196904269  0.00364863264233
 0.82623012840867  0.00269401193350
 0.81415529910393  0.00154592703198
 0.80176939288917  0.00018851316923
 0.78908463254151 -0.00138948473282
 0.77611353970137 -0.00320525942696
 0.76286892242127 -0.00524979756342
 0.74936386242882 -0.00750706822559
 0.73561170211667 -0.00998672341807
 0.72162603127238 -0.01269514610063
 0.70742067356138 -0.01562669209158
 0.69300967277658 -0.01877491993589
 0.67840727886816 -0.02213267619881
 0.66362793376768 -0.02564780053266
 0.64868625702047 -0.02933811349499
 0.63359703124064 -0.03318725334865
 0.61837518740328 -0.03716992550683
 0.60303578998843 -0.04124852247814
 0.58759402199161 -0.04541223000416
 0.57206516981595 -0.04959109646954
 0.55646460806081 -0.05374848141980
 0.54080778422224 -0.05786293742832
 0.52511020332033 -0.06188882239251
 0.50938741246894 -0.06581251914549
 0.49365498540301 -0.06957961316973
 0.47792850697906 -0.07307405422590
 0.46222355766418 -0.07599681576350
 0.44655569802898 -0.07878362332649
 0.43094045326006 -0.08130781213240
 0.41539329770728 -0.08353870523744
 0.39992963948135 -0.08545527508184
 0.38456480511705 -0.08706903547177
 0.36931402431729 -0.08838450532982
 0.35419241479333 -0.08937961806718
 0.33921496721624 -0.09007714262399
 0.32439653029447 -0.09047932282035
 0.30975179599260 -0.09057983052662
 0.29529528490582 -0.09041547317209
 0.28104133180486 -0.08998983837940
 0.26700407136563 -0.08930371705418
 0.25319742409792 -0.08839612767752
 0.23963508248712 -0.08726675066913
 0.22633049736275 -0.08591547066162
 0.21329686450745 -0.08437569039982
 0.20054711151970 -0.08265402574662
 0.18809388494340 -0.08074313407659
 0.17594953767717 -0.07865734471889
 0.16412611667585 -0.07643098530217
 0.15263535095645 -0.07405400895731
 0.14148863992061 -0.07156012083310
 0.13069704200509 -0.06896748027969
 0.12027126367165 -0.06627060114812
 0.11022164874725 -0.06348914323101
 0.10055816812533 -0.06062343890051
 0.09129040983821 -0.05769656171391
 0.08242756951072 -0.05471861470839
 0.07397844120439 -0.05169820511288
 0.06595140866152 -0.04865344469517
 0.05835443695763 -0.04560298699363
 0.05119506457081 -0.04254218526768
 0.04448039587576 -0.03946984784198
 0.03821709407004 -0.03640797027561
 0.03241137453953 -0.03336235589356
 0.02706899866979 -0.03034484185636
 0.02219526810948 -0.02736533464960
 0.01779501949139 -0.02440437425325
 0.01387261961665 -0.02152375720032
 0.01043196110661 -0.01867381663737
 0.00747645852693 -0.01593796937189
 0.00500904498763 -0.01335410420624
 0.00303216922253 -0.01037748801428
 0.00154779315103 -0.00627108607415
 0.00055738992457 -0.00229086218482
 0.00006194245978 -0.00030387354935
 0.00000000000000  0.00000000000000
 0.00024775446958  0.00096781045940
 0.00099077199615  0.00464467670401
 0.00222831517805  0.01002479934854
 0.00395915582836  0.01396840089087
 0.00618157619787  0.01752658074650
 0.00889337068541  0.02136124761920
 0.01209184803408  0.02524188352824
 0.01577383401094  0.02922527022723
 0.01993567456765  0.03325167538368
 0.02457323947889  0.03733536204511
 0.02968192645483  0.04144955795064
 0.03525666572370  0.04559450493155
 0.04129192507982  0.04974719193284
 0.04778171539197  0.05388761680748
 0.05471959656684  0.05800042106612
 0.06209868396139  0.06209526749511
 0.06991165523781  0.06614868548732
 0.07815075765432  0.07014292770142
 0.08680781578444  0.07406462375827
 0.09587423965709  0.07789547500372
 0.10534103330939  0.08164049399898
 0.11519880374367  0.08529331575571
 0.12543777027970  0.08881117208370
 0.13604777429288  0.09217888825340
 0.14701828932871  0.09539950351895
 0.15833843158331  0.09851800142969
 0.16999697073975  0.10135689845376
 0.18198234114922  0.10410295393981
 0.19428265334606  0.10660926530928
 0.20688570588498  0.10888051059014
 0.21977899748884  0.11095351646231
 0.23294973949483  0.11282079808650
 0.24638486858662  0.11435584820368
 0.26007105979979  0.11559244634827
 0.27399473978767  0.11655094764102
 0.28814210033424  0.11727699716813
 0.30249911210072  0.11769179410612
 0.31705153859211  0.11775926054288
 0.33178495032978  0.11756010657123
 0.34668473921595  0.11702178183857
 0.36173613307586  0.11627757285502
 0.37692421036291  0.11525911990009
 0.39223391501241  0.11399617274983
 0.40765007142889  0.11250723493798
 0.42315739959217  0.11089896844461
 0.43874053026710  0.10904689636524
 0.45438402030185  0.10708937243453
 0.47007236799937  0.10504281950583
 0.48579002854694  0.10281202754573
 0.50152142948817  0.10025781193622
 0.51725098622228  0.09762278678629
 0.53296311751501  0.09482703642541
 0.54864226100583  0.09193973598682
 0.56427288869599  0.08897714638447
 0.57983952240188  0.08592989865639
 0.59532674915840  0.08281686027644
 0.61071923655703  0.07964360809190
 0.62600174800313  0.07640461412518
 0.64115915787749  0.07317179164884
 0.65617646658686  0.06992125883313
 0.67103881548855  0.06668024332802
 0.68573150167419  0.06348148921208
 0.70023999259798  0.06031462882191
 0.71454994053472  0.05721705282193
 0.72864719685343  0.05415299282966
 0.74251782609207  0.05113536038640
 0.75614811981962  0.04819909555451
 0.76952461027144  0.04533612995412
 0.78263408374460  0.04255035631775
 0.79546359373955  0.03984770413790
 0.80800047383525  0.03723454901858
 0.82023235028487  0.03471567245523
 0.83214715431949  0.03228748862834
 0.84373313414751  0.02994833363283
 0.85497886663794  0.02768968566157
 0.86587326867580  0.02551432989687
 0.87640560817840  0.02345143585695
 0.88656551476148  0.02147851822839
 0.89634299004462  0.01959319321226
 0.90572841758563  0.01781155225043
 0.91471257243406  0.01611668420621
 0.92328663029422  0.01451825326142
 0.93144217628878  0.01301529898325
 0.93917121331397  0.01159738759158
 0.94646616997823  0.01028429090324
 0.95331990811643  0.00906580398625
 0.95972572987199  0.00793011121679
 0.96567738434007  0.00688161339276
 0.97116907376506  0.00592014525960
 0.97619545928625  0.00504534424150
 0.98075166622600  0.00425678197488
 0.98483328891512  0.00355372326896
 0.98843639505059  0.00293563389189
 0.99155752958140  0.00240206682742
 0.99419371811858  0.00195196609581
 0.99634246986603  0.00158352199043
 0.99800178006926  0.00129538739284
 0.99917013197957  0.00108733936170
 0.99984649833179  0.00095847549415
</coords>