<reference>
Airfoil "Interp_027586" created on 05-Oct-2021 10:32:31 for blade project BAR3_HeavyTow_SNL_1_25_2021_numad
</reference>
<coords>
 1.00000000000000  0.00000000000000
 1.00000000000000 -0.00731213704510
 0.98421375798636 -0.00315210409631
 0.96843145023519 -0.00421083478181
 0.95265701002844 -0.00518477821174
 0.93689436868733 -0.00603689196596
 0.92114745459252 -0.00738921138029
 0.90542019220516 -0.00824214788095
 0.88971650108872 -0.00974189731352
 0.87404029493228 -0.01184825150878
 0.85839548057505 -0.01458229215470
 0.84278595703275 -0.01789192351398
 0.82721561452590 -0.02173178053192
 0.81168833351028 -0.02601790222371
 0.79620798370985 -0.03071828098925
 0.78077842315231 -0.03579694544493
 0.76540349720763 -0.04120408174561
 0.75008703762969 -0.04692719069488
 0.73483286160132 -0.05294520115920
 0.71964477078299 -0.05919520123608
 0.70452655036533 -0.06561047253033
 0.68948196812583 -0.07216412986928
 0.67451477348979 -0.07879244488770
 0.65962869659589 -0.08543873645850
 0.64482744736657 -0.09205197226328
 0.63011471458345 -0.09859453514540
 0.61549416496799 -0.10503384575132
 0.60096944226766 -0.11134886264954
 0.58654416634787 -0.11750360152404
 0.57222193228979 -0.12348157102482
 0.55800630949442 -0.12926892878868
 0.54390084079298 -0.13484115237250
 0.52990904156400 -0.14017426768101
 0.51603439885716 -0.14526755320370
 0.50228037052432 -0.15012238891371
 0.48865038435767 -0.15472702447971
 0.47514783723553 -0.15906231729052
 0.46177609427571 -0.16313915951226
 0.44853848799689 -0.16694458646190
 0.43543831748808 -0.17045639597183
 0.42247884758641 -0.17361040751178
 0.40966330806347 -0.17646332029236
 0.39699489282039 -0.17903672319177
 0.38447675909182 -0.18133909653936
 0.37211202665914 -0.18335547878101
 0.35990377707289 -0.18509324953349
 0.34785505288481 -0.18658213334348
 0.33596885688957 -0.18782005245518
 0.32424815137639 -0.18878522178107
 0.31269585739082 -0.18950098952660
 0.30131485400669 -0.18998514502866
 0.29010797760867 -0.19023663019395
 0.27907802118528 -0.19024809105914
 0.26822773363292 -0.19002625238535
 0.25755981907072 -0.18958361961704
 0.24707693616662 -0.18892409708948
 0.23678169747483 -0.18804183884956
 0.22667666878466 -0.18696353008549
 0.21676436848111 -0.18569117745283
 0.20704726691722 -0.18421529729021
 0.19752778579842 -0.18255400359595
 0.18820829757898 -0.18072488133952
 0.17909112487074 -0.17870857014248
 0.17017853986427 -0.17652766870894
 0.16147276376262 -0.17420696131520
 0.15297596622770 -0.17169495496427
 0.14469026483959 -0.16902480141397
 0.13661772456878 -0.16620580940960
 0.12876035726154 -0.16323149229414
 0.12112012113854 -0.16010230667617
 0.11369892030679 -0.15683442506951
 0.10649860428513 -0.15343765685218
 0.09952096754325 -0.14989600462387
 0.09276774905452 -0.14621911283342
 0.08624063186256 -0.14239681384215
 0.07994124266183 -0.13842932216195
 0.07387115139216 -0.13433592857917
 0.06803187084757 -0.13010216761183
 0.06242485629917 -0.12572262076374
 0.05705150513256 -0.12122505216019
 0.05191315649949 -0.11660482154546
 0.04701109098416 -0.11187296376853
 0.04234653028407 -0.10704150184702
 0.03792063690554 -0.10208811701387
 0.03373451387398 -0.09705540773472
 0.02978920445901 -0.09190947066376
 0.02608569191446 -0.08662278442131
 0.02262489923329 -0.08121256674067
 0.01940768891760 -0.07567881467002
 0.01643486276363 -0.07002893298271
 0.01370716166200 -0.06436367951439
 0.01122526541300 -0.05868703880890
 0.00898979255721 -0.05303281334096
 0.00700130022133 -0.04722869084152
 0.00526028397934 -0.04116310450801
 0.00376717772899 -0.03450497250425
 0.00252235358366 -0.02687399227918
 0.00152612177962 -0.01962119875084
 0.00077873059872 -0.01272076791604
 0.00028036630652 -0.00494126954427
 0.00003115310584 -0.00079440678022
 0.00000000000000  0.00000000000000
 0.00003115310584  0.00076260185678
 0.00028036630652  0.00456746435359
 0.00077873059872  0.01143603094194
 0.00152612177962  0.01819505466832
 0.00252235358366  0.02559691270423
 0.00376717772899  0.03460426671586
 0.00526028397934  0.04221928639614
 0.00700130022133  0.04889888333338
 0.00898979255721  0.05494280761479
 0.01122526541300  0.06086699413428
 0.01370716166200  0.06680600257158
 0.01643486276363  0.07278053574793
 0.01940768891760  0.07873488035666
 0.02262489923329  0.08457676752838
 0.02608569191446  0.09033854385239
 0.02978920445901  0.09598252470462
 0.03373451387398  0.10150989395127
 0.03792063690554  0.10692324176653
 0.04234653028407  0.11223096774352
 0.04701109098416  0.11743049063439
 0.05191315649949  0.12248093060230
 0.05705150513256  0.12740352776573
 0.06242485629917  0.13219579486709
 0.06803187084757  0.13682488578885
 0.07387115139216  0.14129555529800
 0.07994124266183  0.14560842379104
 0.08624063186256  0.14976417195085
 0.09276774905452  0.15375315459449
 0.09952096754325  0.15756636248939
 0.10649860428513  0.16121961390133
 0.11369892030679  0.16468448109538
 0.12112012113854  0.16799854487084
 0.12876035726154  0.17113242207677
 0.13661772456878  0.17408945033132
 0.14469026483959  0.17686139662014
 0.15297596622770  0.17943274959236
 0.16147276376262  0.18180793314306
 0.17017853986427  0.18399277559875
 0.17909112487074  0.18596985348804
 0.18820829757898  0.18774334439961
 0.19752778579842  0.18930667782884
 0.20704726691722  0.19064913999710
 0.21676436848111  0.19178664201661
 0.22667666878466  0.19272833533477
 0.23678169747483  0.19346339268179
 0.24707693616662  0.19399286520589
 0.25755981907072  0.19432463158848
 0.26822773363292  0.19444803773715
 0.27907802118528  0.19437579090381
 0.29010797760867  0.19411749793188
 0.30131485400669  0.19366247018023
 0.31269585739082  0.19300887215925
 0.32424815137639  0.19215632507361
 0.33596885688957  0.19109739857327
 0.34785505288481  0.18986284574443
 0.35990377707289  0.18846023195722
 0.37211202665914  0.18684164841904
 0.38447675909182  0.18504808185206
 0.39699489282039  0.18308764461396
 0.40966330806347  0.18093371310694
 0.42247884758641  0.17860739334849
 0.43543831748808  0.17611040646227
 0.44853848799689  0.17350006324583
 0.46177609427571  0.17073805851011
 0.47514783723553  0.16782369731828
 0.48865038435767  0.16476174060882
 0.50228037052432  0.16156264221746
 0.51603439885716  0.15823630632016
 0.52990904156400  0.15477903136292
 0.54390084079298  0.15120287979438
 0.55800630949442  0.14752102874403
 0.57222193228979  0.14373542843587
 0.58654416634787  0.13983680734729
 0.60096944226766  0.13584827820537
 0.61549416496799  0.13177287907945
 0.63011471458345  0.12759224541296
 0.64482744736657  0.12332741783780
 0.65962869659589  0.11900442178477
 0.67451477348979  0.11462088179782
 0.68948196812583  0.11016259305580
 0.70452655036533  0.10563854568439
 0.71964477078299  0.10105693825139
 0.73483286160132  0.09641278130490
 0.75008703762969  0.09172035934420
 0.76540349720763  0.08699238369789
 0.78077842315231  0.08221840667928
 0.79620798370985  0.07739991849401
 0.81168833351028  0.07255874315063
 0.82721561452590  0.06769339742800
 0.84278595703275  0.06280920617613
 0.85839548057505  0.05790828374245
 0.87404029493228  0.05301203387253
 0.88971650108872  0.04811653048874
 0.90542019220516  0.04322530622072
 0.92114745459252  0.03838491468753
 0.93689436868733  0.03347765378848
 0.95265701002844  0.02853109161472
 0.96843145023519  0.02348484521451
 0.98421375798636  0.01834155890241
 1.00000000000000  0.00731213704510
</coords>