<reference>
Airfoil "Interp_031034" created on 05-Oct-2021 10:32:31 for blade project BAR3_HeavyTow_SNL_1_25_2021_numad
</reference>
<coords>
 1.00000000000000  0.00000000000000
 1.00000000000000 -0.00691362656963
 0.98421375798636 -0.00215638384767
 0.96843145023519 -0.00259363374500
 0.95265701002844 -0.00295034878137
 0.93689436868733 -0.00323679996563
 0.92114745459252 -0.00403313241373
 0.90542019220516 -0.00433152417900
 0.88971650108872 -0.00530428444478
 0.87404029493228 -0.00687832482072
 0.85839548057505 -0.00907399727029
 0.84278595703275 -0.01184021592193
 0.82721561452590 -0.01513683721529
 0.81168833351028 -0.01889382916029
 0.79620798370985 -0.02306780736184
 0.78077842315231 -0.02762534050371
 0.76540349720763 -0.03254062155807
 0.75008703762969 -0.03779500426814
 0.73483286160132 -0.04335435405713
 0.71964477078299 -0.04916594458586
 0.70452655036533 -0.05517087002335
 0.68948196812583 -0.06131844414473
 0.67451477348979 -0.06757477805526
 0.65962869659589 -0.07387976432080
 0.64482744736657 -0.08019539905735
 0.63011471458345 -0.08647470861824
 0.61549416496799 -0.09268328135577
 0.60096944226766 -0.09877397975121
 0.58654416634787 -0.10471651965340
 0.57222193228979 -0.11049748236858
 0.55800630949442 -0.11610107377130
 0.54390084079298 -0.12150379083476
 0.52990904156400 -0.12668517696160
 0.51603439885716 -0.13164204115713
 0.50228037052432 -0.13636635553711
 0.48865038435767 -0.14084796250310
 0.47514783723553 -0.14507989290977
 0.46177609427571 -0.14905372397800
 0.44853848799689 -0.15276219661503
 0.43543831748808 -0.15619263915087
 0.42247884758641 -0.15936484289947
 0.40966330806347 -0.16224105812511
 0.39699489282039 -0.16482458988877
 0.38447675909182 -0.16712440643523
 0.37211202665914 -0.16915771512532
 0.35990377707289 -0.17092894796306
 0.34785505288481 -0.17243195080055
 0.33596885688957 -0.17367881955476
 0.32424815137639 -0.17468229929078
 0.31269585739082 -0.17544160590841
 0.30131485400669 -0.17596611799118
 0.29010797760867 -0.17625831166882
 0.27907802118528 -0.17630213055283
 0.26822773363292 -0.17613358020242
 0.25755981907072 -0.17575508096728
 0.24707693616662 -0.17515125755757
 0.23678169747483 -0.17434467294741
 0.22667666878466 -0.17333384102863
 0.21676436848111 -0.17212388711910
 0.20704726691722 -0.17072977009006
 0.19752778579842 -0.16915908774688
 0.18820829757898 -0.16740901811430
 0.17909112487074 -0.16549014470967
 0.17017853986427 -0.16341586162743
 0.16147276376262 -0.16118378304896
 0.15297596622770 -0.15879673488138
 0.14469026483959 -0.15625573302782
 0.13661772456878 -0.15356938076868
 0.12876035726154 -0.15074140589829
 0.12112012113854 -0.14777559135468
 0.11369892030679 -0.14468158693424
 0.10649860428513 -0.14146878513123
 0.09952096754325 -0.13812870400000
 0.09276774905452 -0.13466864657566
 0.08624063186256 -0.13108866587254
 0.07994124266183 -0.12738816068699
 0.07387115139216 -0.12356214627364
 0.06803187084757 -0.11961649899176
 0.06242485629917 -0.11555261316666
 0.05705150513256 -0.11136773343924
 0.05191315649949 -0.10707815184398
 0.04701109098416 -0.10268474272033
 0.04234653028407 -0.09819794291266
 0.03792063690554 -0.09364350145547
 0.03373451387398 -0.08898958698691
 0.02978920445901 -0.08423786994494
 0.02608569191446 -0.07938271633972
 0.02262489923329 -0.07441607818183
 0.01940768891760 -0.06931136640667
 0.01643486276363 -0.06411258575819
 0.01370716166200 -0.05890363556715
 0.01122526541300 -0.05367730636223
 0.00898979255721 -0.04850955684052
 0.00700130022133 -0.04324147976300
 0.00526028397934 -0.03778125083779
 0.00376717772899 -0.03182091444869
 0.00252235358366 -0.02494332742980
 0.00152612177962 -0.01839336735993
 0.00077873059872 -0.01205405986291
 0.00028036630652 -0.00465885254102
 0.00003115310584 -0.00069010175529
 0.00000000000000  0.00000000000000
 0.00003115310584  0.00061398431220
 0.00028036630652  0.00409146099869
 0.00077873059872  0.01054836977251
 0.00152612177962  0.01677310858957
 0.00252235358366  0.02352448959084
 0.00376717772899  0.03179548857141
 0.00526028397934  0.03870995817160
 0.00700130022133  0.04476295345431
 0.00898979255721  0.05026079839873
 0.01122526541300  0.05569450348479
 0.01370716166200  0.06118263044454
 0.01643486276363  0.06668271975816
 0.01940768891760  0.07217421120410
 0.02262489923329  0.07756564120028
 0.02608569191446  0.08285313446457
 0.02978920445901  0.08806180641781
 0.03373451387398  0.09318213661229
 0.03792063690554  0.09820488873258
 0.04234653028407  0.10313796045699
 0.04701109098416  0.10796128629126
 0.05191315649949  0.11266802670962
 0.05705150513256  0.11725310183057
 0.06242485629917  0.12170944472306
 0.06803187084757  0.12602440066395
 0.07387115139216  0.13019045887108
 0.07994124266183  0.13421417256400
 0.08624063186256  0.13810576233316
 0.09276774905452  0.14185405299766
 0.09952096754325  0.14543010667983
 0.10649860428513  0.14883934738590
 0.11369892030679  0.15209542048514
 0.12112012113854  0.15518660496373
 0.12876035726154  0.15811213317354
 0.13661772456878  0.16086778499863
 0.14469026483959  0.16344266236993
 0.15297596622770  0.16583163819035
 0.16147276376262  0.16803083975620
 0.17017853986427  0.17003116397088
 0.17909112487074  0.17184540943932
 0.18820829757898  0.17346203107261
 0.19752778579842  0.17487793676908
 0.20704726691722  0.17609737339906
 0.21676436848111  0.17711640635259
 0.22667666878466  0.17794292018221
 0.23678169747483  0.17857769340231
 0.24707693616662  0.17902601309333
 0.25755981907072  0.17928217800276
 0.26822773363292  0.17934645703444
 0.27907802118528  0.17923195273791
 0.29010797760867  0.17893159906892
 0.30131485400669  0.17845009896562
 0.31269585739082  0.17779037783765
 0.32424815137639  0.17695060722451
 0.33596885688957  0.17593012844729
 0.34785505288481  0.17473078169540
 0.35990377707289  0.17336530402620
 0.37211202665914  0.17183840689835
 0.38447675909182  0.17014592868694
 0.39699489282039  0.16828411592382
 0.40966330806347  0.16626391866311
 0.42247884758641  0.16410349047986
 0.43543831748808  0.16179518028298
 0.44853848799689  0.15930354110948
 0.46177609427571  0.15667519982039
 0.47514783723553  0.15390516717864
 0.48865038435767  0.15100199332334
 0.50228037052432  0.14797620451211
 0.51603439885716  0.14483185171040
 0.52990904156400  0.14157290431592
 0.54390084079298  0.13821247115134
 0.55800630949442  0.13475475896734
 0.57222193228979  0.13119789389278
 0.58654416634787  0.12755230854581
 0.60096944226766  0.12382870932361
 0.61549416496799  0.12003089590383
 0.63011471458345  0.11616343031153
 0.64482744736657  0.11222792782643
 0.65962869659589  0.10823553789718
 0.67451477348979  0.10418208591247
 0.68948196812583  0.10006753490985
 0.70452655036533  0.09590106685900
 0.71964477078299  0.09170812568071
 0.73483286160132  0.08746513946532
 0.75008703762969  0.08318948882683
 0.76540349720763  0.07888338953768
 0.78077842315231  0.07454409044489
 0.79620798370985  0.07018394661648
 0.81168833351028  0.06580532915914
 0.82721561452590  0.06140880370313
 0.84278595703275  0.05700046163264
 0.85839548057505  0.05258409017727
 0.87404029493228  0.04816679241544
 0.88971650108872  0.04374224162215
 0.90542019220516  0.03932638518828
 0.92114745459252  0.03492217960939
 0.93689436868733  0.03062863833295
 0.95265701002844  0.02628855423720
 0.96843145023519  0.02192744019631
 0.98421375798636  0.01755239307958
 1.00000000000000  0.00691362656963
</coords>