<reference>
Airfoil "Interp_003448" created on 05-Oct-2021 10:32:31 for blade project BAR3_HeavyTow_SNL_1_25_2021_numad
</reference>
<coords>
 1.00000000000000  0.00000000000000
 0.99939193826619 -0.01493261445180
 0.99829731091474 -0.03000522448240
 0.99671693657762 -0.04499588633873
 0.99465211822577 -0.05991622629309
 0.99210464193823 -0.07477418583194
 0.98907677518952 -0.08958653157395
 0.98557126465713 -0.10434379544919
 0.98159133355131 -0.11901992028036
 0.97714067846961 -0.13358489630454
 0.97222346577953 -0.14801923868136
 0.96684432753273 -0.16230577265277
 0.96100835691485 -0.17642695838237
 0.95472110323552 -0.19037654883429
 0.94798856646352 -0.20414536931581
 0.94081719131248 -0.21771429155241
 0.93321386088306 -0.23106317841581
 0.92518588986788 -0.24417782909841
 0.91674101732601 -0.25704901031151
 0.90788739903413 -0.26966618953973
 0.89863359942202 -0.28201086453971
 0.88898858310047 -0.29406914729573
 0.87896170598981 -0.30582926387273
 0.86856270605823 -0.31727409787172
 0.85780169367875 -0.32839888027812
 0.84668914161473 -0.33919625201630
 0.83523587464364 -0.34965520174196
 0.82345305882968 -0.35976473576179
 0.81135219045566 -0.36951173603637
 0.79894508462532 -0.37888420292496
 0.78624386354748 -0.38787321202987
 0.77326094451345 -0.39646994640457
 0.76000902757996 -0.40466992560869
 0.74650108296966 -0.41246946938075
 0.73275033820183 -0.41985532178495
 0.71877026496609 -0.42681274367343
 0.70457456575218 -0.43334608699827
 0.69017716024913 -0.43944812063007
 0.67559217152734 -0.44510562623491
 0.66083391201740 -0.45032071659708
 0.64591686929946 -0.45508591059705
 0.63085569171753 -0.45939533929311
 0.61566517383281 -0.46324627729472
 0.60036024173064 -0.46663543764130
 0.58495593819580 -0.46955977474373
 0.56946740777065 -0.47201818698859
 0.55390988171134 -0.47400714301174
 0.53829866285675 -0.47551507255271
 0.52264911042549 -0.47654938712193
 0.50697662475589 -0.47711453972049
 0.49129663200434 -0.47720304933456
 0.47562456881716 -0.47681695301505
 0.45997586699120 -0.47595568338096
 0.44436593813860 -0.47462160876943
 0.42881015837080 -0.47281667283119
 0.41332385301725 -0.47053371364395
 0.39792228139390 -0.46778484179089
 0.38262062163665 -0.46457623937542
 0.36743395561496 -0.46090563795559
 0.35237725394058 -0.45677730670161
 0.33746536108633 -0.45219600733656
 0.32271298062975 -0.44716094745899
 0.30813466063639 -0.44167974435685
 0.29374477919721 -0.43576248309338
 0.27955753013451 -0.42941063134672
 0.26558690889073 -0.42263591892215
 0.25184669861401 -0.41544037737371
 0.23835045645456 -0.40782940031749
 0.22511150008525 -0.39981407897567
 0.21214289446018 -0.39140462719205
 0.19945743882404 -0.38261045943413
 0.18706765398552 -0.37342971222651
 0.17498576986731 -0.36387658143585
 0.16322371334501 -0.35395838673273
 0.15179309638726 -0.34368706388606
 0.14070520450877 -0.33307864162862
 0.12997098554777 -0.32214170816654
 0.11960103877910 -0.31088513008990
 0.10960560437371 -0.29932006001912
 0.09999455321524 -0.28745341307462
 0.09077737708356 -0.27529902670891
 0.08196317921529 -0.26286963585922
 0.07356066525063 -0.25017724131327
 0.06557813457540 -0.23724601304592
 0.05802347206712 -0.22407540242101
 0.05090414025321 -0.21067034893283
 0.04422717188910 -0.19705676916086
 0.03799916296386 -0.18325927949192
 0.03222626613998 -0.16927853761926
 0.02691418463415 -0.15512669056542
 0.02206816654496 -0.14082001997213
 0.01769299963322 -0.12635974944023
 0.01379300656006 -0.11176475911112
 0.01037204058770 -0.09705455287680
 0.00743348174692 -0.08225158297673
 0.00498023347530 -0.06738636109275
 0.00301471972944 -0.05243237926257
 0.00153888257404 -0.03739437606722
 0.00055418025031 -0.02231816049270
 0.00006158572559 -0.00738668660971
 0.00000000000000  0.00000000000000
 0.00024632768839  0.01505103171172
 0.00098506736045  0.03002746537756
 0.00221548907889  0.04509078255114
 0.00393637708829  0.06008900275741
 0.00614603102426  0.07501766306519
 0.00884226760470  0.08985525496692
 0.01202242280129  0.10464409274486
 0.01568335448919  0.11931026563381
 0.01982144557216  0.13384583020114
 0.02443260758021  0.14823502698488
 0.02951228473592  0.16246835314473
 0.03505545848565  0.17654161611343
 0.04105665249087  0.19043333880200
 0.04750993807489  0.20414748611493
 0.05440894011930  0.21766429577926
 0.06174684340456  0.23095868186547
 0.06951639938802  0.24401678803775
 0.07770993341309  0.25683523849971
 0.08631935234191  0.26940663946453
 0.09533615260428  0.28170813549641
 0.10475142865464  0.29372658259427
 0.11455588182874  0.30545143394043
 0.12473982959111  0.31686926300752
 0.13529321516421  0.32797279770429
 0.14620561752968  0.33875216535940
 0.15746626179150  0.34919832390885
 0.16906402989112  0.35929864117342
 0.18098747166351  0.36903844967034
 0.19322481622332  0.37841139769689
 0.20576398366982  0.38740276054350
 0.21859259709887  0.39600718429345
 0.23169799490992  0.40422395930727
 0.24506724339596  0.41203979062298
 0.25868714960368  0.41944685809414
 0.27254427445119  0.42643310548851
 0.28662494609006  0.43299682082389
 0.30091527349854  0.43913327753227
 0.31540116029234  0.44483377059709
 0.33006831873915  0.45009118834764
 0.34490228396311  0.45489841471448
 0.35988842832486  0.45925003692713
 0.37501197596306  0.46314491896969
 0.39025801748275  0.46658067057472
 0.40561152477593  0.46955551261625
 0.42105736595972  0.47206689197162
 0.43658032041703  0.47410506348492
 0.45216509392493  0.47566812379791
 0.46779633385557  0.47675906108719
 0.48345864443447  0.47737724798273
 0.49913660204108  0.47752288895456
 0.51481477053628  0.47719004474711
 0.53047771660165  0.47638337995886
 0.54611002507511  0.47510615995180
 0.56169631426771  0.47335187280654
 0.57722125124643  0.47112651952996
 0.59266956706752  0.46843147717779
 0.60802607194544  0.46526861929504
 0.62327567034216  0.46164901428782
 0.63840337596188  0.45757036046388
 0.65339432663611  0.45303476336706
 0.66823379908444  0.44804654292351
 0.68290722353615  0.44260395690006
 0.69740019819829  0.43672031611640
 0.71169850355555  0.43040527335757
 0.72578811648792  0.42366288326810
 0.73965522419205  0.41649535601547
 0.75328623789224  0.40891052613981
 0.76666780632771  0.40091955145049
 0.77978682900245  0.39253044760126
 0.79263046918470  0.38374998641008
 0.80518616664283  0.37458780911440
 0.81744165010529  0.36504756875379
 0.82938494943186  0.35513668386371
 0.84100440748440  0.34487530556357
 0.85228869168503  0.33427376939843
 0.86322680525044  0.32333951313067
 0.87380809809099  0.31208345866325
 0.88402227736384  0.30051632330439
 0.89385941766957  0.28864342802605
 0.90330997088214  0.27647538496193
 0.91236477560245  0.26403057778058
 0.92101506622606  0.25132882266349
 0.92925248161600  0.23838010743648
 0.93706907337212  0.22518871111190
 0.94445731368877  0.21176903629576
 0.95141010279286  0.19813646185849
 0.95792077595502  0.18431203766387
 0.96398311006690  0.17030336243251
 0.96959132977797  0.15612152526793
 0.97474011318579  0.14177305843364
 0.97942459707410  0.12727413292381
 0.98364038169347  0.11264474167462
 0.98738353507983  0.09791155371042
 0.99065059690653  0.08308714168418
 0.99343858186616  0.06818547696993
 0.99574498257872  0.05319542817905
 0.99756777202333  0.03808397926485
 0.99890540549099  0.02287784312952
 0.99975682205654  0.00763571561112
</coords>