<reference>
Airfoil "Interp_062068" created on 05-Oct-2021 10:32:31 for blade project BAR3_HeavyTow_SNL_1_25_2021_numad
</reference>
<coords>
 1.00000000000000  0.00000000000000
 1.00000000000000 -0.00486811772104
 0.99175006277892 -0.00248183496019
 0.98326051569783 -0.00434293393431
 0.97453374554553 -0.00302274917273
 0.96557237860876 -0.00199942421586
 0.95637927956768 -0.00124601400885
 0.94695755015263 -0.00094867494968
 0.93731052756308 -0.00084372218112
 0.92744178264995 -0.00099062869107
 0.91735511786279 -0.00134330966568
 0.90705456496345 -0.00189178533561
 0.89654438250814 -0.00263234037515
 0.88582905310004 -0.00357484428563
 0.87491328041482 -0.00472039666974
 0.86380198600168 -0.00608862268396
 0.85250030586265 -0.00769251428863
 0.84101358681328 -0.00952273247288
 0.82934738262798 -0.01156000463018
 0.81750744997335 -0.01379816197056
 0.80549974413344 -0.01625807333077
 0.79333041453048 -0.01899548188048
 0.78100580004561 -0.02199013725070
 0.76853242414348 -0.02529239576307
 0.75591698980561 -0.02848272150105
 0.74316637427685 -0.03169871257151
 0.73028762363015 -0.03502417961128
 0.71728794715445 -0.03842168490952
 0.70417471157102 -0.04188861321902
 0.69095543508376 -0.04541896050833
 0.67763778126884 -0.04901106623318
 0.66422955280968 -0.05267290835211
 0.65073868508290 -0.05640103200066
 0.63717323960153 -0.06019858903320
 0.62354139732152 -0.06406243989645
 0.60985145181798 -0.06797822497447
 0.59611180233757 -0.07192277230746
 0.58233094673368 -0.07588662127303
 0.56851747429101 -0.07985392032500
 0.55468005844658 -0.08384821628115
 0.54082744941388 -0.08807497661670
 0.52696846671738 -0.09225432615693
 0.51311199164438 -0.09635253577935
 0.49926695962153 -0.10033849604896
 0.48544235252327 -0.10419353851467
 0.47164719091950 -0.10788772975281
 0.45789052627005 -0.11140503892340
 0.44418143307324 -0.11472533940760
 0.43052900097626 -0.11782366179094
 0.41694232685477 -0.12069261543525
 0.40343050686951 -0.12330909775044
 0.39000262850740 -0.12567163108235
 0.37666776261485 -0.12777516526705
 0.36343495543102 -0.12959640643123
 0.35031322062850 -0.13113780924604
 0.33731153136941 -0.13240506605843
 0.32443881238419 -0.13340054149929
 0.31170393208101 -0.13410853105235
 0.29911569469337 -0.13454511034538
 0.28668283247329 -0.13470604547068
 0.27441399793787 -0.13459358347178
 0.26231775617655 -0.13421035565895
 0.25040257722659 -0.13356691749528
 0.23867682852409 -0.13266320738206
 0.22714876743787 -0.13149919422460
 0.21582653389350 -0.13008501541909
 0.20471814309442 -0.12842732004730
 0.19383147834751 -0.12653858668767
 0.18317428399974 -0.12441859652917
 0.17275415849300 -0.12208532863376
 0.16257854754360 -0.11954211345396
 0.15265473745332 -0.11679866904177
 0.14298984855824 -0.11386311574230
 0.13359082882186 -0.11075143177186
 0.12446444757870 -0.10747542297157
 0.11561728943439 -0.10405054862415
 0.10705574832823 -0.10048850006336
 0.09878602176397 -0.09680252802292
 0.09081410521438 -0.09299276209627
 0.08314578670506 -0.08907820615378
 0.07578664158279 -0.08507249992325
 0.06874202747343 -0.08098342198151
 0.06201707943432 -0.07682684117409
 0.05561670530586 -0.07261290961602
 0.04954558126680 -0.06835984018054
 0.04380814759756 -0.06407265653448
 0.03840860465571 -0.05976747957606
 0.03335090906746 -0.05545923770193
 0.02863877013896 -0.05114549469970
 0.02427564649082 -0.04684457838515
 0.02026474291914 -0.04254289916435
 0.01660900748613 -0.03826970816379
 0.01331112884314 -0.03414246310314
 0.01037353378864 -0.03004152011470
 0.00779838506365 -0.02593575227133
 0.00558757938663 -0.02176163299793
 0.00374274572985 -0.01794418562039
 0.00226524383883 -0.01413881939714
 0.00115616299635 -0.00962975323405
 0.00041632103224 -0.00369792650634
 0.00004626357981 -0.00047120354493
 0.00000000000000  0.00000000000000
 0.00004626357981  0.00057046853257
 0.00041632103224  0.00424492984571
 0.00115616299635  0.01099899903698
 0.00226524383883  0.01602058326151
 0.00374274572985  0.02046903549962
 0.00558757938663  0.02490170764112
 0.00779838506365  0.02934285019709
 0.01037353378864  0.03384592043314
 0.01331112884314  0.03844853891082
 0.01660900748613  0.04303111040080
 0.02026474291914  0.04752576191775
 0.02427564649082  0.05199793114197
 0.02863877013896  0.05648152710784
 0.03335090906746  0.06094235323670
 0.03840860465571  0.06536707133324
 0.04380814759756  0.06974370598038
 0.04954558126680  0.07407625083560
 0.05561670530586  0.07835031530874
 0.06201707943432  0.08255516529458
 0.06874202747343  0.08668090361304
 0.07578664158279  0.09071571777006
 0.08314578670506  0.09464360641676
 0.09081410521438  0.09845419038969
 0.09878602176397  0.10214255259621
 0.10705574832823  0.10569712164495
 0.11561728943439  0.10910431371843
 0.12446444757870  0.11235903359981
 0.13359082882186  0.11545519975229
 0.14298984855824  0.11837505803776
 0.15265473745332  0.12110356092614
 0.16257854754360  0.12363000408699
 0.17275415849300  0.12595766307443
 0.18317428399974  0.12807109527218
 0.19383147834751  0.12996968109600
 0.20471814309442  0.13164849633394
 0.21582653389350  0.13309207318385
 0.22714876743787  0.13430238610791
 0.23867682852409  0.13528510748925
 0.25040257722659  0.13602484002997
 0.26231775617655  0.13653986076854
 0.27441399793787  0.13682584632664
 0.28668283247329  0.13689186583714
 0.29911569469337  0.13674285010295
 0.31170393208101  0.13639234453353
 0.32443881238419  0.13584691988088
 0.33731153136941  0.13511071456855
 0.35031322062850  0.13420748372754
 0.36343495543102  0.13312998527035
 0.37666776261485  0.13189893488636
 0.39000262850740  0.13051100586048
 0.40343050686951  0.12897682828874
 0.41694232685477  0.12730988974395
 0.43052900097626  0.12552795880523
 0.44418143307324  0.12363511451810
 0.45789052627005  0.12163587402090
 0.47164719091950  0.11954280181771
 0.48544235252327  0.11736460308831
 0.49926695962153  0.11511683688457
 0.51311199164438  0.11280061727518
 0.52696846671738  0.11041588345005
 0.54082744941388  0.10798372083079
 0.55468005844658  0.10550252706130
 0.56851747429101  0.10273805453353
 0.58233094673368  0.09990482918634
 0.59611180233757  0.09702167391393
 0.60985145181798  0.09411174598131
 0.62354139732152  0.09118629933651
 0.63717323960153  0.08825002034417
 0.65073868508290  0.08532066354409
 0.66422955280968  0.08240367937203
 0.67763778126884  0.07949386624668
 0.69095543508376  0.07659472148739
 0.70417471157102  0.07370435423270
 0.71728794715445  0.07082531878380
 0.73028762363015  0.06797367726671
 0.74316637427685  0.06516105562373
 0.75591698980561  0.06235258211030
 0.76853242414348  0.05966123639435
 0.78100580004561  0.05726011785754
 0.79333041453048  0.05471636665436
 0.80549974413344  0.05211982520037
 0.81750744997335  0.04945931440952
 0.82934738262798  0.04678270257591
 0.84101358681328  0.04411643081027
 0.85250030586265  0.04146719866418
 0.86380198600168  0.03883232057395
 0.87491328041482  0.03622285429853
 0.88582905310004  0.03364008950295
 0.89654438250814  0.03108708741632
 0.90705456496345  0.02858302990532
 0.91735511786279  0.02612769193029
 0.92744178264995  0.02373608497489
 0.93731052756308  0.02140961902388
 0.94695755015263  0.01914354364978
 0.95637927956768  0.01695703140041
 0.96557237860876  0.01476179283173
 0.97453374554553  0.01267156316896
 0.98326051569783  0.01074738743881
 0.99175006277892  0.00909082483402
 1.00000000000000  0.00486811772104
</coords>