<reference>
Airfoil "Interp_044827" created on 05-Oct-2021 10:32:31 for blade project BAR3_HeavyTow_SNL_1_25_2021_numad
</reference>
<coords>
 1.00000000000000  0.00000000000000
 1.00000000000000 -0.00891414089520
 0.98421375798636 -0.00562267713057
 0.96843145023519 -0.00321216382510
 0.95265701002844 -0.00165612976056
 0.93689436868733 -0.00064650901442
 0.92114745459252 -0.00030370175453
 0.90542019220516 -0.00033414638700
 0.88971650108872 -0.00093474120492
 0.87404029493228 -0.00212514128698
 0.85839548057505 -0.00385566045412
 0.84278595703275 -0.00608689454005
 0.82721561452590 -0.00878576450136
 0.81168833351028 -0.01192384344781
 0.79620798370985 -0.01546946874850
 0.78077842315231 -0.01941926359759
 0.76540349720763 -0.02376730153786
 0.75008703762969 -0.02846175444508
 0.73483286160132 -0.03344772662850
 0.71964477078299 -0.03869058039391
 0.70452655036533 -0.04415619138890
 0.68948196812583 -0.04978039065010
 0.67451477348979 -0.05554973514593
 0.65962869659589 -0.06141563278254
 0.64482744736657 -0.06736194081930
 0.63011471458345 -0.07327906434614
 0.61549416496799 -0.07915861071476
 0.60096944226766 -0.08497533654715
 0.58654416634787 -0.09068252223635
 0.57222193228979 -0.09624829058484
 0.55800630949442 -0.10165077404827
 0.54390084079298 -0.10686161505991
 0.52990904156400 -0.11185321469954
 0.51603439885716 -0.11661643914729
 0.50228037052432 -0.12113996829742
 0.48865038435767 -0.12541170661041
 0.47514783723553 -0.12942039691913
 0.46177609427571 -0.13315724782113
 0.44853848799689 -0.13661972819451
 0.43543831748808 -0.13980732077132
 0.42247884758641 -0.14273505508966
 0.40966330806347 -0.14538636300773
 0.39699489282039 -0.14775585375779
 0.38447675909182 -0.14984703693680
 0.37211202665914 -0.15167867358001
 0.35990377707289 -0.15324373556800
 0.34785505288481 -0.15454199270927
 0.33596885688957 -0.15558708621865
 0.32424815137639 -0.15637853515278
 0.31269585739082 -0.15692837099450
 0.30131485400669 -0.15724029704562
 0.29010797760867 -0.15731134507441
 0.27907802118528 -0.15715488474749
 0.26822773363292 -0.15676794850373
 0.25755981907072 -0.15615810324066
 0.24707693616662 -0.15533992146692
 0.23678169747483 -0.15431008989632
 0.22667666878466 -0.15306991711983
 0.21676436848111 -0.15162790304847
 0.20704726691722 -0.14999402048307
 0.19752778579842 -0.14817008035351
 0.18820829757898 -0.14615802182312
 0.17909112487074 -0.14396988581748
 0.17017853986427 -0.14160913486812
 0.16147276376262 -0.13907468223068
 0.15297596622770 -0.13638136687721
 0.14469026483959 -0.13354295478250
 0.13661772456878 -0.13056201328109
 0.12876035726154 -0.12744284335733
 0.12112012113854 -0.12419938186106
 0.11369892030679 -0.12084468287149
 0.10649860428513 -0.11738258070017
 0.09952096754325 -0.11381985193435
 0.09276774905452 -0.11017577705676
 0.08624063186256 -0.10646027180512
 0.07994124266183 -0.10277392712925
 0.07387115139216 -0.09904424336402
 0.06803187084757 -0.09524994877571
 0.06242485629917 -0.09139113000810
 0.05705150513256 -0.08747908121986
 0.05191315649949 -0.08352665064393
 0.04701109098416 -0.07952982621922
 0.04234653028407 -0.07549698796238
 0.03792063690554 -0.07144838799027
 0.03373451387398 -0.06737937619695
 0.02978920445901 -0.06330419902538
 0.02608569191446 -0.05921815603207
 0.02262489923329 -0.05512864830143
 0.01940768891760 -0.05102123365904
 0.01643486276363 -0.04692706062160
 0.01370716166200 -0.04283625619332
 0.01122526541300 -0.03876414333066
 0.00898979255721 -0.03472266485618
 0.00700130022133 -0.03066667439961
 0.00526028397934 -0.02668538872048
 0.00376717772899 -0.02262582829357
 0.00252235358366 -0.01871558646597
 0.00152612177962 -0.01466532477135
 0.00077873059872 -0.00999975956061
 0.00028036630652 -0.00379500745080
 0.00003115310584 -0.00057830061559
 0.00000000000000  0.00000000000000
 0.00003115310584  0.00054486928492
 0.00028036630652  0.00373060601298
 0.00077873059872  0.00990565843880
 0.00152612177962  0.01471538533729
 0.00252235358366  0.01895401448498
 0.00376717772899  0.02337740732319
 0.00526028397934  0.02783966592285
 0.00700130022133  0.03214673014059
 0.00898979255721  0.03645112314844
 0.01122526541300  0.04072157001198
 0.01370716166200  0.04503322771512
 0.01643486276363  0.04933064110186
 0.01940768891760  0.05362913559949
 0.02262489923329  0.05790327749566
 0.02608569191446  0.06214445473845
 0.02978920445901  0.06635381739737
 0.03373451387398  0.07053295039144
 0.03792063690554  0.07467650359816
 0.04234653028407  0.07878020175974
 0.04701109098416  0.08283428526176
 0.05191315649949  0.08683590544984
 0.05705150513256  0.09077167162436
 0.06242485629917  0.09463067159337
 0.06803187084757  0.09841495684950
 0.07387115139216  0.10211791125245
 0.07994124266183  0.10573565591490
 0.08624063186256  0.10928860940790
 0.09276774905452  0.11285261202033
 0.09952096754325  0.11632475131503
 0.10649860428513  0.11968704225298
 0.11369892030679  0.12293252237784
 0.12112012113854  0.12606078934879
 0.12876035726154  0.12905620382055
 0.13661772456878  0.13191559972330
 0.14469026483959  0.13462822930074
 0.15297596622770  0.13718762103019
 0.16147276376262  0.13959046842494
 0.17017853986427  0.14182189983407
 0.17909112487074  0.14388401761951
 0.18820829757898  0.14576399987761
 0.19752778579842  0.14746291790175
 0.20704726691722  0.14898180988257
 0.21676436848111  0.15031133846687
 0.22667666878466  0.15145487936524
 0.23678169747483  0.15241747256319
 0.24707693616662  0.15320113274834
 0.25755981907072  0.15380302253486
 0.26822773363292  0.15422266251980
 0.27907802118528  0.15445417486635
 0.29010797760867  0.15451194197995
 0.30131485400669  0.15439459697010
 0.31269585739082  0.15409219957988
 0.32424815137639  0.15362091983846
 0.33596885688957  0.15298672767007
 0.34785505288481  0.15218636798708
 0.35990377707289  0.15121993861722
 0.37211202665914  0.15009414411683
 0.38447675909182  0.14881630621229
 0.39699489282039  0.14737988379727
 0.40966330806347  0.14578516848594
 0.42247884758641  0.14405213411239
 0.43543831748808  0.14217594615367
 0.44853848799689  0.14014341428959
 0.46177609427571  0.13797765437248
 0.47514783723553  0.13567007812587
 0.48865038435767  0.13323692797394
 0.50228037052432  0.13068457352584
 0.51603439885716  0.12800989404077
 0.52990904156400  0.12522994243569
 0.54390084079298  0.12235503219176
 0.55800630949442  0.11938195803898
 0.57222193228979  0.11630530704269
 0.58654416634787  0.11313491161015
 0.60096944226766  0.10987905373848
 0.61549416496799  0.10653323660246
 0.63011471458345  0.10309283793102
 0.64482744736657  0.09958570196104
 0.65962869659589  0.09604229405694
 0.67451477348979  0.09238887942601
 0.68948196812583  0.08866626201936
 0.70452655036533  0.08488768530115
 0.71964477078299  0.08107437274749
 0.73483286160132  0.07721063022025
 0.75008703762969  0.07330734239587
 0.76540349720763  0.06936593318844
 0.78077842315231  0.06539400866386
 0.79620798370985  0.06140648759936
 0.81168833351028  0.05739952486101
 0.82721561452590  0.05337075504754
 0.84278595703275  0.04934004180840
 0.85839548057505  0.04530188254796
 0.87404029493228  0.04127399797806
 0.88971650108872  0.03725354464893
 0.90542019220516  0.03325595025903
 0.92114745459252  0.02928346891413
 0.93689436868733  0.02545898085785
 0.95265701002844  0.02164236953935
 0.96843145023519  0.01779151209354
 0.98421375798636  0.01345729728804
 1.00000000000000  0.00891414089520
</coords>