<reference>
Airfoil "Interp_096551" created on 05-Oct-2021 10:37:40 for blade project BAR4_HeavyTow_SNL_1_25_2021_numad
</reference>
<coords>
 1.00000000000000 -0.00000018247186
 0.98705171636808  0.00211873073849
 0.97401565519786  0.00375380389767
 0.96089516740587  0.00465204388298
 0.94769369287442  0.00479654628034
 0.93441475942476  0.00467373990849
 0.92106198170097  0.00453788721664
 0.90763905996480  0.00424007646845
 0.89414977880219  0.00343155878831
 0.88059800574218  0.00234712229236
 0.86698768978890  0.00122053960794
 0.85332285986765 -0.00004903096073
 0.83960762318581 -0.00150136310609
 0.82584616350987 -0.00301634846886
 0.81204273935954 -0.00461394621104
 0.79820168212017 -0.00631976315335
 0.78432739407484 -0.00807858656973
 0.77042434635745 -0.00988574039553
 0.75649707682827 -0.01177258810132
 0.74255018787349 -0.01370128989767
 0.72858834413038 -0.01566233321316
 0.71461627013978 -0.01766526984001
 0.70063874792760 -0.01969597367992
 0.68666061451735 -0.02172814306859
 0.67268675937536 -0.02377497439525
 0.65872212179089 -0.02583122204012
 0.64477168819309 -0.02788432155234
 0.63084048940688 -0.02992943263891
 0.61693359785006 -0.03197728586471
 0.60305612467373 -0.03400782232259
 0.58921321684850 -0.03601425610232
 0.57541005419864 -0.03801210383265
 0.56165184638686 -0.03998956681474
 0.54794382985188 -0.04191910983433
 0.53429126470158 -0.04380774036103
 0.52069943156415 -0.04567790217178
 0.50717362839985 -0.04749670164071
 0.49371916727620 -0.04924836182358
 0.48034137110903 -0.05095073671184
 0.46704557037246 -0.05261166659778
 0.45383709978028 -0.05418241432247
 0.44072129494175 -0.05567145923702
 0.42770348899456 -0.05712220959808
 0.41478900921785 -0.05851920582388
 0.40198317362823 -0.05977247377725
 0.38929128756159 -0.06087217896718
 0.37671864024377 -0.06188552958672
 0.36427050135301 -0.06284028266863
 0.35195211757712 -0.06370837798856
 0.33976870916831 -0.06446179103742
 0.32772546649884 -0.06508378639029
 0.31582754662027 -0.06580959446783
 0.30408006982943 -0.06589002326121
 0.29248811624414 -0.06615909064846
 0.28105672239153 -0.06634047792050
 0.26979087781213 -0.06635810046519
 0.25869552168255 -0.06622871082036
 0.24777553945984 -0.06599076406849
 0.23703575955038 -0.06566629414036
 0.22648095000634 -0.06524735198546
 0.21611581525254 -0.06469916362946
 0.20594499284669 -0.06403177885495
 0.19597305027573 -0.06326313582301
 0.18620448179134 -0.06241553538636
 0.17664370528718 -0.06149747934106
 0.16729505922083 -0.06048882900972
 0.15816279958304 -0.05939542057915
 0.14925109691706 -0.05822481238640
 0.14056403339071 -0.05698285908818
 0.13210559992371 -0.05568598862264
 0.12387969337295 -0.05433874834719
 0.11589011377819 -0.05291697187182
 0.10814056167056 -0.05140408227429
 0.10063463544639 -0.04982658634200
 0.09337582880871 -0.04820212650237
 0.08636752827858 -0.04654012611522
 0.07961301077865 -0.04483807195891
 0.07311544129107 -0.04309024918423
 0.06687787059177 -0.04129808155041
 0.06090323306326 -0.03946881790814
 0.05519434458787 -0.03761481493985
 0.04975390052328 -0.03573502443960
 0.04458447376226 -0.03383216617668
 0.03968851287833 -0.03191257913242
 0.03506834035890 -0.02998573682196
 0.03072615092771 -0.02803365605184
 0.02666400995787 -0.02604379658827
 0.02288385197703 -0.02402631629855
 0.01938747926606 -0.02199432373900
 0.01617656055240 -0.01986470366494
 0.01325262979939 -0.01773710059889
 0.01061708509254 -0.01559450317833
 0.00827118762383 -0.01349931843105
 0.00621606077502 -0.01163996622149
 0.00445268930059 -0.00973916219902
 0.00298191861130 -0.00771069649839
 0.00180445415879 -0.00552670799458
 0.00092086092199 -0.00314356224503
 0.00033156299562 -0.00119707101949
 0.00003684328126 -0.00023503473237
 0.00000000000000  0.00000000000000
 0.00014736870228  0.00049685152616
 0.00058940405152  0.00437478096331
 0.00132589382641  0.01228985605778
 0.00235648449661  0.01617141175156
 0.00368068148027  0.01835985350371
 0.00529784950426  0.02083430621373
 0.00720721306681  0.02356292854565
 0.00940785700206  0.02632983632267
 0.01189872714603  0.02910827407191
 0.01467863110346  0.03194574535293
 0.01774623911480  0.03481705604619
 0.02110008502253  0.03771056163809
 0.02473856733596  0.04063570386186
 0.02865995039357  0.04359989466263
 0.03286236562183  0.04658865793076
 0.03734381288931  0.04959333090016
 0.04210216195496  0.05260453011431
 0.04713515400911  0.05562042845625
 0.05244040330600  0.05864421403478
 0.05801539888612  0.06165485817149
 0.06385750638704  0.06463192028793
 0.06996396994092  0.06757697346699
 0.07633191415709  0.07048642127950
 0.08295834618792  0.07336715806120
 0.08984015787601  0.07621591254543
 0.09697412798092  0.07902323444155
 0.10435692448334  0.08173140728701
 0.11198510696461  0.08436425412794
 0.11985512905954  0.08693556784960
 0.12796334098031  0.08945814592847
 0.13630599210906  0.09192673231240
 0.14487923365705  0.09432963971745
 0.15367912138785  0.09662727891313
 0.16270161840216  0.09881338885007
 0.17194259798186  0.10088729561113
 0.18139784649060  0.10288096503052
 0.19106306632843  0.10477288025423
 0.20093387893786  0.10654304030449
 0.21100582785863  0.10819484513595
 0.22127438182838  0.10970061829806
 0.23173493792673  0.11109534896280
 0.24238282475963  0.11238711826285
 0.25321330568146  0.11357366315167
 0.26422158205183  0.11463235223453
 0.27540279652430  0.11556829594208
 0.28675203636404  0.11635841843483
 0.29826433679161  0.11707501801105
 0.30993468434978  0.11771664665785
 0.32175802029052  0.11825787084065
 0.33372924397920  0.11846784221833
 0.34584321631290  0.11865699984694
 0.35809476314998  0.11878035674016
 0.37047867874781  0.11877358785892
 0.38298972920571  0.11851775211176
 0.39562265591009  0.11797535186358
 0.40837217897882  0.11730610265414
 0.42123300070177  0.11662391331522
 0.43419980897466  0.11589544496226
 0.44726728072318  0.11509209501147
 0.46043008531438  0.11404683543758
 0.47368288795260  0.11272364214495
 0.48702035305681  0.11128818666800
 0.50043714761655  0.10980256369001
 0.51392794452375  0.10818451125512
 0.52748742587734  0.10637928426094
 0.54111028625815  0.10447818106018
 0.55479123597107  0.10248930680146
 0.56852500425193  0.10037197251929
 0.58230634243640  0.09812575629360
 0.59613002708812  0.09579933313377
 0.60999086308368  0.09336760479199
 0.62388368665178  0.09081943964902
 0.63780336836401  0.08817354244181
 0.65174481607506  0.08544568580059
 0.66570297780959  0.08260224638063
 0.67967284459383  0.07965935742848
 0.69364945322933  0.07665224825051
 0.70762788900681  0.07357665514466
 0.72160328835788  0.07041579895834
 0.73557084144266  0.06719568525980
 0.74952579467110  0.06391023082257
 0.76346345315622  0.06055413882072
 0.77737918309736  0.05714768239749
 0.79126841409155  0.05371098429379
 0.80512664137135  0.05023213548768
 0.81894942796754  0.04672368004958
 0.83273240679493  0.04321131279768
 0.84647128265999  0.03968998093499
 0.86016183418876  0.03616100686363
 0.87379991567372  0.03264484867708
 0.88738145883838  0.02913243516110
 0.90090247451843  0.02562905065805
 0.91435905425840  0.02216589686943
 0.92774737182271  0.01877485056894
 0.94106368462033  0.01543840505211
 0.95430433504218  0.01208984937233
 0.96746575171048  0.00869209005261
 0.98054445063953  0.00527934644831
 0.99353703630716  0.00183266589928
</coords>