<reference>
Airfoil "Interp_065517" created on 05-Oct-2021 10:37:40 for blade project BAR4_HeavyTow_SNL_1_25_2021_numad
</reference>
<coords>
 1.00000000000000 -0.00000336531092
 0.99975079456309  0.00010520881741
 0.99900342666575 -0.00039868335070
 0.99775864130055 -0.00018420738415
 0.99601767929663 -0.00001071140096
 0.99378227608276  0.00018557646794
 0.99105465995749  0.00047933921441
 0.98783754986789  0.00077180691075
 0.98413415269925  0.00110873218617
 0.97994816007843  0.00148745383551
 0.97528374469389  0.00189445375512
 0.97014555613634  0.00232977284418
 0.96453871626387  0.00278869754631
 0.95846881409639  0.00326655861859
 0.95194190024441  0.00376129877773
 0.94496448087759  0.00427122726986
 0.93754351123930  0.00477875850956
 0.92968638871346  0.00524658837272
 0.92140094545068  0.00563453453059
 0.91269544056099  0.00593211603964
 0.90357855188099  0.00611517255691
 0.89405936732360  0.00616742841294
 0.88414737581899  0.00609150058160
 0.87385245785585  0.00586599068790
 0.86318487563232  0.00548370969991
 0.85215526282634  0.00493738817445
 0.84077461399582  0.00420008361508
 0.82905427361902  0.00327384726308
 0.81700592478612  0.00215308282381
 0.80464157755326  0.00082311349257
 0.79197355697065 -0.00072554492897
 0.77901449079672 -0.00250097762189
 0.76577729691045 -0.00456143258690
 0.75227517043459 -0.00684489833950
 0.73852157058244 -0.00936052187171
 0.72453020724146 -0.01211250471576
 0.71031502730689 -0.01509436048762
 0.69589020077925 -0.01830085334620
 0.68127010663931 -0.02173695978751
 0.66646931851488 -0.02546371363533
 0.65150259015344 -0.02937004355069
 0.63638484071530 -0.03343038030549
 0.62113113990189 -0.03761809075186
 0.60575669293391 -0.04189285368916
 0.59027682539445 -0.04624043646801
 0.57470696795213 -0.05059743745054
 0.55906264097945 -0.05492187158276
 0.54335943908178 -0.05919008237095
 0.52761301555225 -0.06335882390246
 0.51183906676831 -0.06740757598632
 0.49605331654514 -0.07128798982870
 0.48027150046187 -0.07506916369467
 0.46450935017599 -0.07932000535083
 0.44878257774169 -0.08286986366274
 0.43310685994776 -0.08592138038150
 0.41749782269060 -0.08855050124214
 0.40197102539801 -0.09078533343803
 0.38654194551920 -0.09266093852437
 0.37122596309655 -0.09418684152532
 0.35603834543442 -0.09535509931798
 0.34099423188038 -0.09619524052129
 0.32610861873401 -0.09671490656898
 0.31139634429821 -0.09691048168231
 0.29687207408811 -0.09681544103285
 0.28255028621210 -0.09644039804908
 0.26844525693983 -0.09578234914658
 0.25457104647120 -0.09488280747680
 0.24094148492096 -0.09374040209591
 0.22757015853246 -0.09236390163968
 0.21447039613465 -0.09077914239439
 0.20165525585557 -0.08898708579463
 0.18913751210575 -0.08698982370155
 0.17692964284440 -0.08480794467184
 0.16504381714107 -0.08246218753993
 0.15349188304533 -0.07994781701451
 0.14228535577631 -0.07729945200950
 0.13143540624411 -0.07453233831120
 0.12095284991438 -0.07164938965972
 0.11084813602724 -0.06866979293441
 0.10113133718124 -0.06559457161021
 0.09181213929280 -0.06244388318676
 0.08289983194104 -0.05923356504814
 0.07440329910775 -0.05597154020183
 0.06633101032164 -0.05267747590196
 0.05869101221573 -0.04936428392791
 0.05149092050627 -0.04603397748172
 0.04473791240127 -0.04268768001615
 0.03843871944607 -0.03934374035998
 0.03259962081320 -0.03600719588571
 0.02722643704317 -0.03269252315712
 0.02232452424240 -0.02941487181810
 0.01789876874419 -0.02621250207706
 0.01395358223787 -0.02309104449401
 0.01049289737114 -0.01998695221018
 0.00752016382994 -0.01698700112251
 0.00503834489972 -0.01415884578664
 0.00304991451156 -0.01096651726906
 0.00155685477610 -0.00690075572604
 0.00056065400778 -0.00258903784082
 0.00006230524117 -0.00031723391245
 0.00000000000000  0.00000000000000
 0.00024920543691  0.00113702147946
 0.00099657333425  0.00518194408633
 0.00224135869945  0.01054681723025
 0.00398232070337  0.01466513271438
 0.00621772391724  0.01849108647937
 0.00894534004251  0.02256161011108
 0.01216245013211  0.02667395169538
 0.01586584730075  0.03087752869393
 0.02005183992157  0.03511465251735
 0.02471625530611  0.03936810049154
 0.02985444386366  0.04361770704143
 0.03546128373613  0.04789826113690
 0.04153118590361  0.05218822954007
 0.04805809975559  0.05646455376931
 0.05503551912241  0.06070908154898
 0.06245648876070  0.06492927290459
 0.07031361128654  0.06910052137076
 0.07859905454932  0.07320060716075
 0.08730455943901  0.07721384536170
 0.09642144811901  0.08112190389245
 0.10594063267640  0.08492787320375
 0.11585262418101  0.08862328435743
 0.12614754214415  0.09216798909775
 0.13681512436768  0.09554319102883
 0.14784473717366  0.09874960012216
 0.15922538600418  0.10182738647311
 0.17094572638098  0.10462260114718
 0.18299407521388  0.10729904188284
 0.19535842244674  0.10971947607218
 0.20802644302935  0.11188682266615
 0.22098550920328  0.11383729237574
 0.23422270308955  0.11556409553579
 0.24772482956541  0.11695746075201
 0.26147842941756  0.11805107158725
 0.27546979275854  0.11885985331091
 0.28968497269311  0.11942029692091
 0.30410979922075  0.11967079004482
 0.31872989336069  0.11957860390785
 0.33353068148512  0.11921407912565
 0.34849740984656  0.11852013044651
 0.36361515928470  0.11760396166565
 0.37886886009811  0.11640720530130
 0.39424330706609  0.11494856186243
 0.40972317460555  0.11323845739849
 0.42529303204787  0.11135049291861
 0.44093735902055  0.10914598141040
 0.45664056091822  0.10667475791836
 0.47238698444775  0.10378143599420
 0.48816093323169  0.10070149959743
 0.50394668345486  0.09820129223011
 0.51972849953813  0.09561992629460
 0.53549064982401  0.09289451548287
 0.55121742225831  0.09009003985040
 0.56689314005224  0.08722202787817
 0.58250217730940  0.08428507630709
 0.59802897460199  0.08129102114528
 0.61345805448080  0.07824644665187
 0.62877403690345  0.07514982572343
 0.64396165456558  0.07206606271649
 0.65900576811962  0.06897670547086
 0.67389138126599  0.06590292427311
 0.68860365570179  0.06281421193684
 0.70312792591189  0.05967248889030
 0.71744971378790  0.05659766695682
 0.73155474306017  0.05355648515907
 0.74542895352880  0.05056103586203
 0.75905851507904  0.04764452770145
 0.77242984146754  0.04479903548840
 0.78552960386535  0.04200150164103
 0.79834474414443  0.03927638837870
 0.81086248789425  0.03665194479229
 0.82307035715560  0.03412868687734
 0.83495618285893  0.03170019746633
 0.84650811695467  0.02936397389821
 0.85771464422369  0.02711198300736
 0.86856459375589  0.02494631453378
 0.87904715008562  0.02289441696297
 0.88915186397276  0.02093470775585
 0.89886866281876  0.01906519540927
 0.90818786070720  0.01730019114910
 0.91710016805896  0.01562387907062
 0.92559670089225  0.01404569401720
 0.93366898967836  0.01256461730877
 0.94130898778427  0.01117080758683
 0.94850907949373  0.00988290608667
 0.95526208759873  0.00869110515464
 0.96156128055393  0.00758388784150
 0.96740037918680  0.00656550504183
 0.97277356295683  0.00563589745808
 0.97767547575760  0.00479469068850
 0.98210123125581  0.00404193570446
 0.98604641776213  0.00337777609720
 0.98950710262886  0.00280585490545
 0.99247983617006  0.00230881813271
 0.99496165510028  0.00189074612928
 0.99695008548844  0.00155626829958
 0.99844314522390  0.00130834016296
 0.99943934599222  0.00114123341992
 0.99993769475883  0.00114865436752
</coords>