<reference>
Airfoil "Interp_055172" created on 04-Oct-2021 12:37:37 for blade project BAR2_SNL_1_18_2021_numad
</reference>
<coords>
 1.00000000000000  0.00000000000000
 1.00000000000000 -0.00000573587793
 0.99975079456309  0.00082408579264
 0.99900342666575 -0.00073232908086
 0.99775864130055 -0.00051785869517
 0.99601767929663 -0.00031843789773
 0.99378227608276 -0.00008554599938
 0.99105465995749  0.00023885335195
 0.98783754986789  0.00052816478439
 0.98413415269925  0.00087233363000
 0.97994816007843  0.00126725673068
 0.97528374469389  0.00169499999305
 0.97014555613634  0.00215306232602
 0.96453871626387  0.00263567769417
 0.95846881409639  0.00313726419595
 0.95194190024441  0.00365550951708
 0.94496448087759  0.00418873080263
 0.93754351123930  0.00471431802066
 0.92968638871346  0.00519632390555
 0.92140094545068  0.00559965191830
 0.91269544056099  0.00591035698077
 0.90357855188099  0.00610193918587
 0.89405936732360  0.00615724256940
 0.88414737581899  0.00608099792361
 0.87385245785585  0.00585003720806
 0.86318487563232  0.00545682480503
 0.85215526282634  0.00489768993519
 0.84077461399582  0.00414665400993
 0.82905427361902  0.00320440328281
 0.81700592478612  0.00206593406023
 0.80464157755326  0.00072067889615
 0.79197355697065 -0.00083672668404
 0.77901449079672 -0.00259023590808
 0.76577729691045 -0.00477934395743
 0.75227517043459 -0.00721860058830
 0.73852157058244 -0.00991524798762
 0.72453020724146 -0.01286676745443
 0.71031502730689 -0.01606221160651
 0.69589020077925 -0.01949956787043
 0.68127010663931 -0.02317257748767
 0.66646931851488 -0.02707838808854
 0.65150259015344 -0.03117545947346
 0.63638484071530 -0.03543209811135
 0.62113113990189 -0.03981687283268
 0.60575669293391 -0.04428619793213
 0.59027682539445 -0.04882051386563
 0.57470696795213 -0.05335903336803
 0.55906264097945 -0.05785690368204
 0.54335943908178 -0.06228744813852
 0.52761301555225 -0.06660800113063
 0.51183906676831 -0.07079098608749
 0.49605331654514 -0.07479371200529
 0.48027150046187 -0.07871461124566
 0.46450935017599 -0.08321643117268
 0.44878257774169 -0.08694665914383
 0.43310685994776 -0.09014901007157
 0.41749782269060 -0.09291037196072
 0.40197102539801 -0.09526301130717
 0.38654194551920 -0.09724669051021
 0.37122596309655 -0.09886486066211
 0.35603834543442 -0.10011503435623
 0.34099423188038 -0.10102492844210
 0.32610861873401 -0.10160591107649
 0.31139634429821 -0.10185080238509
 0.29687207408811 -0.10179386775809
 0.28255028621210 -0.10144148335330
 0.26844525693983 -0.10079486727769
 0.25457104647120 -0.09989411413052
 0.24094148492096 -0.09873449015145
 0.22757015853246 -0.09733010512832
 0.21447039613465 -0.09569910234754
 0.20165525585557 -0.09384624994341
 0.18913751210575 -0.09177544658894
 0.17692964284440 -0.08950712699833
 0.16504381714107 -0.08705979701147
 0.15349188304533 -0.08443119390534
 0.14228535577631 -0.08165314122022
 0.13143540624411 -0.07874407094593
 0.12095284991438 -0.07570751521632
 0.11084813602724 -0.07256297260853
 0.10113133718124 -0.06931480285220
 0.09181213929280 -0.06598306263181
 0.08289983194104 -0.06258642876914
 0.07440329910775 -0.05913217036881
 0.06633101032164 -0.05564256425942
 0.05869101221573 -0.05212743877702
 0.05149092050627 -0.04859590275007
 0.04473791240127 -0.04505164925744
 0.03843871944607 -0.04151088818429
 0.03259962081320 -0.03797900458241
 0.02722643704317 -0.03447012150821
 0.02232452424240 -0.03100044005532
 0.01789876874419 -0.02759187615311
 0.01395358223787 -0.02425215046996
 0.01049289737114 -0.02093774919737
 0.00752016382994 -0.01769504289906
 0.00503834489972 -0.01470329119289
 0.00304991451156 -0.01141378325777
 0.00155685477610 -0.00731893842827
 0.00056065400778 -0.00273485700613
 0.00006230524117 -0.00030584571104
 0.00000000000000  0.00000000000000
 0.00006230524117  0.00035714094041
 0.00056065400778  0.00315931409849
 0.00155685477610  0.00874369971429
 0.00304991451156  0.01341655773118
 0.00503834489972  0.01754537590737
 0.00752016382994  0.02162376907120
 0.01049289737114  0.02584077175341
 0.01395358223787  0.03011948981206
 0.01789876874419  0.03445724147062
 0.02232452424240  0.03882612081682
 0.02722643704317  0.04319424930398
 0.03259962081320  0.04757763410068
 0.03843871944607  0.05197657158243
 0.04473791240127  0.05636662621538
 0.05149092050627  0.06072520535680
 0.05869101221573  0.06504745572933
 0.06633101032164  0.06932719481171
 0.07440329910775  0.07353739639348
 0.08289983194104  0.07765877536125
 0.09181213929280  0.08167759094648
 0.10113133718124  0.08557865484833
 0.11084813602724  0.08936845505409
 0.12095284991438  0.09301315176382
 0.13143540624411  0.09649733698843
 0.14228535577631  0.09979132610132
 0.15349188304533  0.10293374627056
 0.16504381714107  0.10586286058632
 0.17692964284440  0.10857675710407
 0.18913751210575  0.11110520011771
 0.20165525585557  0.11336431088881
 0.21447039613465  0.11537252630659
 0.22757015853246  0.11717586289215
 0.24094148492096  0.11868550939032
 0.25457104647120  0.11987975008020
 0.26844525693983  0.12079147909399
 0.28255028621210  0.12141804905602
 0.29687207408811  0.12179540021576
 0.31139634429821  0.12181089448599
 0.32610861873401  0.12155913014332
 0.34099423188038  0.12098208515290
 0.35603834543442  0.12014865742149
 0.37122596309655  0.11905890631086
 0.38654194551920  0.11769976453599
 0.40197102539801  0.11607902865260
 0.41749782269060  0.11424426394502
 0.43310685994776  0.11216294086194
 0.44878257774169  0.10976065805030
 0.46450935017599  0.10703298766399
 0.48027150046187  0.10365824017951
 0.49605331654514  0.10102104135264
 0.51183906676831  0.09847482080016
 0.52761301555225  0.09580699330653
 0.54335943908178  0.09302861536068
 0.55906264097945  0.09018351593735
 0.57470696795213  0.08727141479589
 0.59027682539445  0.08429348243011
 0.60575669293391  0.08126788596676
 0.62113113990189  0.07818495935813
 0.63638484071530  0.07508233583077
 0.65150259015344  0.07198706083750
 0.66646931851488  0.06888187167453
 0.68127010663931  0.06580127175063
 0.69589020077925  0.06270267515522
 0.71031502730689  0.05963446418985
 0.72453020724146  0.05661512741879
 0.73852157058244  0.05361974222964
 0.75227517043459  0.05068737863010
 0.76577729691045  0.04781938834482
 0.77901449079672  0.04501284387814
 0.79197355697065  0.04210122939549
 0.80464157755326  0.03933510922833
 0.81700592478612  0.03668893814857
 0.82905427361902  0.03415129527905
 0.84077461399582  0.03171209611790
 0.85215526282634  0.02936885565866
 0.86318487563232  0.02711227124308
 0.87385245785585  0.02495954159981
 0.88414737581899  0.02291513909819
 0.89405936732360  0.02095992259647
 0.90357855188099  0.01910630141604
 0.91269544056099  0.01734931739595
 0.92140094545068  0.01568540040587
 0.92968638871346  0.01412313671356
 0.93754351123930  0.01265318196785
 0.94496448087759  0.01128081367434
 0.95194190024441  0.01001194007054
 0.95846881409639  0.00883223337965
 0.96453871626387  0.00774149004693
 0.97014555613634  0.00674188763886
 0.97528374469389  0.00583319654736
 0.97994816007843  0.00501630713130
 0.98413415269925  0.00429269512614
 0.98783754986789  0.00366878871814
 0.99105465995749  0.00314515229209
 0.99378227608276  0.00265312959516
 0.99601767929663  0.00224716732317
 0.99775864130055  0.00193401600061
 0.99900342666575  0.00171787434470
 0.99975079456309  0.00210173594433
 1.00000000000000  0.00000573587793
</coords>