<reference>
Airfoil "Interp_051724" created on 04-Oct-2021 12:37:37 for blade project BAR2_SNL_1_18_2021_numad
</reference>
<coords>
 1.00000000000000  0.00000000000000
 1.00000000000000 -0.00000659004399
 0.99975079456309  0.00109797623556
 0.99900342666575 -0.00092084138538
 0.99775864130055 -0.00070681591754
 0.99601767929663 -0.00049687427908
 0.99378227608276 -0.00024894268196
 0.99105465995749  0.00008781964270
 0.98783754986789  0.00038073966013
 0.98413415269925  0.00073188994477
 0.97994816007843  0.00113659355003
 0.97528374469389  0.00157570328902
 0.97014555613634  0.00204571689393
 0.96453871626387  0.00254045395745
 0.95846881409639  0.00305391316268
 0.95194190024441  0.00358360772825
 0.94496448087759  0.00412780078273
 0.93754351123930  0.00466161436932
 0.92968638871346  0.00514967528636
 0.92140094545068  0.00555929268970
 0.91269544056099  0.00587504471094
 0.90357855188099  0.00606935099510
 0.89405936732360  0.00612472757692
 0.88414737581899  0.00604654174652
 0.87385245785585  0.00581063982295
 0.86318487563232  0.00540949141163
 0.85215526282634  0.00484088548872
 0.84077461399582  0.00407909146929
 0.82905427361902  0.00312387903882
 0.81700592478612  0.00197029344339
 0.80464157755326  0.00060886034223
 0.79197355697065 -0.00096530546423
 0.77901449079672 -0.00272921425514
 0.76577729691045 -0.00497651762458
 0.75227517043459 -0.00748569585545
 0.73852157058244 -0.01026307151350
 0.72453020724146 -0.01330322802811
 0.71031502730689 -0.01659353957776
 0.69589020077925 -0.02013289233440
 0.68127010663931 -0.02390913639055
 0.66646931851488 -0.02788147954338
 0.65150259015344 -0.03204970492539
 0.63638484071530 -0.03638063046885
 0.62113113990189 -0.04084058259818
 0.60575669293391 -0.04538485988543
 0.59027682539445 -0.04999194373358
 0.57470696795213 -0.05460140995664
 0.55906264097945 -0.05916763543635
 0.54335943908178 -0.06366259712333
 0.52761301555225 -0.06804353758268
 0.51183906676831 -0.07228055806479
 0.49605331654514 -0.07633298314540
 0.48027150046187 -0.08028288563072
 0.46450935017599 -0.08471411685414
 0.44878257774169 -0.08842265522565
 0.43310685994776 -0.09162433564990
 0.41749782269060 -0.09439568801790
 0.40197102539801 -0.09676320370943
 0.38654194551920 -0.09876516034979
 0.37122596309655 -0.10040149141713
 0.35603834543442 -0.10167020460730
 0.34099423188038 -0.10259707145606
 0.32610861873401 -0.10319433540371
 0.31139634429821 -0.10345310136869
 0.29687207408811 -0.10340785974709
 0.28255028621210 -0.10306252009136
 0.26844525693983 -0.10242028548972
 0.25457104647120 -0.10152021942880
 0.24094148492096 -0.10035632656509
 0.22757015853246 -0.09894405897756
 0.21447039613465 -0.09729877306725
 0.20165525585557 -0.09542760443878
 0.18913751210575 -0.09333420094538
 0.17692964284440 -0.09103811583223
 0.16504381714107 -0.08855835668898
 0.15349188304533 -0.08589331217110
 0.14228535577631 -0.08307328611708
 0.13143540624411 -0.08011841654142
 0.12095284991438 -0.07703156068126
 0.11084813602724 -0.07383242533483
 0.10113133718124 -0.07052688462016
 0.09181213929280 -0.06713531262980
 0.08289983194104 -0.06367703945056
 0.07440329910775 -0.06015911619850
 0.06633101032164 -0.05660491824964
 0.05869101221573 -0.05302349605709
 0.05149092050627 -0.04942671856705
 0.04473791240127 -0.04581933442835
 0.03843871944607 -0.04221703531695
 0.03259962081320 -0.03862551811991
 0.02722643704317 -0.03505840041917
 0.02232452424240 -0.03153163608978
 0.01789876874419 -0.02805482611279
 0.01395358223787 -0.02464148025857
 0.01049289737114 -0.02125792078364
 0.00752016382994 -0.01793331497812
 0.00503834489972 -0.01489128122669
 0.00304991451156 -0.01158077150287
 0.00155685477610 -0.00746267860035
 0.00056065400778 -0.00278158913967
 0.00006230524117 -0.00030157499925
 0.00000000000000  0.00000000000000
 0.00006230524117  0.00038125536711
 0.00056065400778  0.00328495749603
 0.00155685477610  0.00899897430148
 0.00304991451156  0.01371771543077
 0.00503834489972  0.01789262856458
 0.00752016382994  0.02203200049564
 0.01049289737114  0.02627137769292
 0.01395358223787  0.03058693727765
 0.01789876874419  0.03495442713728
 0.02232452424240  0.03935604305102
 0.02722643704317  0.04376826127329
 0.03259962081320  0.04819062136634
 0.03843871944607  0.05262566192112
 0.04473791240127  0.05704840239695
 0.05149092050627  0.06143635427453
 0.05869101221573  0.06578411086630
 0.06633101032164  0.07008621913982
 0.07440329910775  0.07431564287493
 0.08289983194104  0.07845371897498
 0.09181213929280  0.08248712598474
 0.10113133718124  0.08640039460582
 0.11084813602724  0.09019796036343
 0.12095284991438  0.09384839923125
 0.13143540624411  0.09733704463018
 0.14228535577631  0.10063510585224
 0.15349188304533  0.10377556391537
 0.16504381714107  0.10670294734316
 0.17692964284440  0.10941415821874
 0.18913751210575  0.11193456291949
 0.20165525585557  0.11418733482495
 0.21447039613465  0.11618839700653
 0.22757015853246  0.11797958021349
 0.24094148492096  0.11947989463121
 0.25457104647120  0.12066850346290
 0.26844525693983  0.12157617233803
 0.28255028621210  0.12219747175378
 0.29687207408811  0.12256636758122
 0.31139634429821  0.12258218706184
 0.32610861873401  0.12232801481577
 0.34099423188038  0.12175518399792
 0.35603834543442  0.12092512884592
 0.37122596309655  0.11984007160054
 0.38654194551920  0.11848889846357
 0.40197102539801  0.11688104229066
 0.41749782269060  0.11506036732634
 0.43310685994776  0.11299804572477
 0.44878257774169  0.11062919435424
 0.46450935017599  0.10795278184074
 0.48027150046187  0.10468381846473
 0.49605331654514  0.10205147943056
 0.51183906676831  0.09948656432813
 0.52761301555225  0.09680059450642
 0.54335943908178  0.09400445077948
 0.55906264097945  0.09113883736692
 0.57470696795213  0.08820414324542
 0.59027682539445  0.08520279541759
 0.60575669293391  0.08215266238584
 0.62113113990189  0.07904480989881
 0.63638484071530  0.07591511687801
 0.65150259015344  0.07278961146243
 0.66646931851488  0.06965212352801
 0.68127010663931  0.06653544033119
 0.69589020077925  0.06344207237791
 0.71031502730689  0.06038136551878
 0.72453020724146  0.05736538145347
 0.73852157058244  0.05437332402308
 0.75227517043459  0.05144183103909
 0.76577729691045  0.04857121521357
 0.77901449079672  0.04575874769482
 0.79197355697065  0.04280075840430
 0.80464157755326  0.04000063582694
 0.81700592478612  0.03732582565549
 0.82905427361902  0.03476241729220
 0.84077461399582  0.03229889387110
 0.85215526282634  0.02993334562940
 0.86318487563232  0.02765683419291
 0.87385245785585  0.02548440195650
 0.88414737581899  0.02342006389950
 0.89405936732360  0.02144738270696
 0.90357855188099  0.01957589022149
 0.91269544056099  0.01780115312681
 0.92140094545068  0.01612088958447
 0.92968638871346  0.01454188605918
 0.93754351123930  0.01305679565572
 0.94496448087759  0.01166981335257
 0.95194190024441  0.01038530824613
 0.95846881409639  0.00919083414458
 0.96453871626387  0.00808626563494
 0.97014555613634  0.00707362512288
 0.97528374469389  0.00615291428469
 0.97994816007843  0.00532530620176
 0.98413415269925  0.00459277351329
 0.98783754986789  0.00396335259123
 0.99105465995749  0.00343797074584
 0.99378227608276  0.00293343813896
 0.99601767929663  0.00251608543756
 0.99775864130055  0.00219442676306
 0.99900342666575  0.00197381246121
 0.99975079456309  0.00246179340097
 1.00000000000000  0.00000659004399
</coords>