 0.000000 26.000000 20.000000 124.000000 98.000000 553.000000 80.000000 14615.000000
 0.000000 26.000000 20.000000 138.000000 109.000000 553.000000 75.000000 14855.000000
 0.000000 26.000000 20.000000 138.000000 109.000000 553.000000 80.000000 14941.000000
 0.000000 28.000000 20.000000 138.000000 109.000000 553.000000 85.000000 15044.000000
 0.000000 29.867329 21.440128 138.197073 109.189498 553.159645 88.706032 15144.300000
 0.000000 25.312855 21.699625 149.059798 109.189498 553.159645 88.706032 15174.800000
 0.000000 60.000000 20.000000 124.000000 98.000000 587.000000 80.000000 15131.900000
 0.000000 26.000000 20.000000 60.000000 98.000000 617.000000 144.000000 104253.977201
 0.000000 47.533795 20.000000 100.534203 98.000000 597.999592 103.465797 15270.400000
 0.000000 40.424428 20.000000 87.151864 98.000000 604.272564 116.848136 15333.500000
 1.000000 26.000000 20.000000 124.000000 98.000000 553.000000 80.000000 14607.200000
 1.000000 26.000000 20.000000 138.000000 109.000000 553.000000 75.000000 14855.200000
 1.000000 47.533795 20.000000 100.534203 98.000000 553.000000 103.465797 15075.800000
 1.000000 40.424428 20.000000 138.000000 98.000000 604.272564 80.000000 15107.300000
 1.000000 29.867329 20.000000 138.000000 109.000000 553.159645 88.706032 15132.000000
 1.000000 25.312855 21.699625 124.000000 109.189498 553.000000 88.706032 15002.100000
 1.000000 26.000000 20.000000 60.000000 98.000000 617.000000 80.000000 100155.282071
 1.000000 29.867329 21.440128 138.000000 109.189498 553.000000 75.000000 14910.500000
 1.000000 60.000000 20.000000 124.000000 99.000000 587.000000 80.000000 15159.100000
 1.000000 29.000000 20.000000 138.000000 108.000000 553.000000 86.000000 15044.400000
