<reference>ref. NREL, Jim Tangler</reference>
<coords>
1 -0.002841
0.990001 -0.00205
0.980001 -0.00119
0.960001 0.00061
0.94001 0.00237
0.92001 0.00388
0.900001 0.0046
0.84999 0.00135
0.79998 -0.00401
0.74998 -0.01102
0.69998 -0.01934
0.64999 -0.02869
0.600001 -0.0388
0.550001 -0.04938
0.500001 -0.06013
0.45001 -0.0707
0.40002 -0.08066
0.35002 -0.0895
0.30001 -0.09655
0.250001 -0.10078
0.19998 -0.10069
0.14998 -0.09454
0.11997 -0.08707
0.10008 -0.08045
0.07998 -0.07231
0.05993 -0.06246
0.05003 -0.05678
0.039901 -0.05029
0.03001 -0.04304
0.01995 -0.03433
0.00999 -0.02355
0.00297 -0.01252
0.00007 -0.002
0.0027 0.01249
0.00994 0.02596
0.01997 0.0381
0.02998 0.04726
0.03996 0.05492
0.04988 0.06134
0.06004 0.06707
0.07995 0.07648
0.09995 0.0841
0.11991 0.09029
0.14994 0.09754
0.19998 0.10545
0.250001 0.10946
0.300001 0.11057
0.35001 0.10943
0.40001 0.1065
0.45001 0.10213
0.50001 0.0966
0.55001 0.09014
0.60001 0.08291
0.65001 0.07505
0.70001 0.06667
0.75001 0.05783
0.80001 0.04853
0.85001 0.03867
0.90003 0.02772
0.92006 0.0229
0.94006 0.01793
0.96004 0.01291
0.98002 0.00788
0.99001 0.00536
</coords>
