AeroDyn airfoil file.  Compatible with AeroDyn v13.0.
Interpolated thickness: 0.265

  1        Number of airfoil tables in this file
  9990     Reynolds number in millions.  For efficiency, make very large if only one table.
  0        Control setting
  10.8245  Stall angle (deg)
  -3.57808 Zero lift angle of attack (deg)
  6.24761  Cn slope for zero lift (dimensionless)
  1.57047  Cn at stall value for positive angle of attack
  -0.8     Cn at stall value for negative angle of attack
  -2.12    Angle of attack for minimum CD (deg)
  0.0216678 Minimum CD value
  -180.00  0.00000  0.11877  -0.00000
  -170.00  0.38104  0.15851  0.38684
  -160.00  0.76305  0.27253  -0.13849
  -150.00  0.68568  0.44681  -0.06093
  -140.00  0.63636  0.65947  -0.00687
  -130.00  0.56963  0.88413  0.04545
  -120.00  0.46712  1.09225  0.09738
  -110.00  0.33075  1.25743  0.14555
  -100.00  0.16925  1.35830  0.18500
   -90.00  0.00000  1.38093  0.21092
   -80.00  -0.16924  1.35830  0.23007
   -70.00  -0.33075  1.25743  0.23355
   -60.00  -0.46711  1.09225  0.22456
   -50.00  -0.56962  0.88413  0.20889
   -40.00  -0.63635  0.65947  0.19613
   -30.00  -0.68567  0.44681  0.20377
   -20.00  -0.76111  0.27234  0.27804
   -10.00  -0.31140  0.11403  0.12292
    -4.17  -0.06963  0.02186  -0.13018
    -3.17  0.04062  0.02176  -0.13211
    -2.12  0.15474  0.02167  -0.13366
    -1.08  0.26983  0.02167  -0.13540
    -0.05  0.38394  0.02176  -0.13637
    -0.05  0.38421  0.02176  -0.13637
     1.17  0.51902  0.02198  -0.13761
     2.35  0.64600  0.02215  -0.13867
     3.52  0.77338  0.02248  -0.13940
     4.69  0.89675  0.02275  -0.13921
     5.87  1.01619  0.02311  -0.13835
     7.04  1.12944  0.02371  -0.13628
     8.21  1.22242  0.02438  -0.13056
    10.82  1.26468  0.03663  -0.10147
    13.44  1.10689  0.12223  -0.09372
    16.05  1.06886  0.17522  -0.10195
    18.66  1.09325  0.22800  -0.11474
    21.27  1.08719  0.29426  -0.13557
    23.88  1.05472  0.33992  -0.16204
    26.49  1.02225  0.38558  -0.18850
    29.11  0.98978  0.43124  -0.21496
    31.72  0.96673  0.48341  -0.23444
    34.33  0.94855  0.53894  -0.25030
    36.94  0.93036  0.59448  -0.26616
    39.55  0.91218  0.65001  -0.28202
    42.16  0.88834  0.70814  -0.29561
    44.78  0.86334  0.76680  -0.30874
    47.39  0.83834  0.82547  -0.32188
    50.00  0.81334  0.88413  -0.33501
    60.00  0.66731  1.09225  -0.37979
    70.00  0.47195  1.25743  -0.41876
    80.00  0.24178  1.35830  -0.45077
    90.00  0.00000  1.38093  -0.47379
   100.00  -0.16924  1.35830  -0.49284
   110.00  -0.33075  1.25743  -0.49642
   120.00  -0.46711  1.09225  -0.48733
   130.00  -0.56962  0.88413  -0.47176
   140.00  -0.63635  0.65947  -0.45889
   150.00  -0.68567  0.44681  -0.46653
   160.00  -0.76304  0.27253  -0.54158
   170.00  -0.38104  0.15851  -0.48356
   180.00  0.00000  0.11877  -0.00000
EOT
