AeroDyn airfoil file.  Compatible with AeroDyn v13.0.
Interpolated thickness: 0.681

  1        Number of airfoil tables in this file
  9990     Reynolds number in millions.  For efficiency, make very large if only one table.
  0        Control setting
  10.7116  Stall angle (deg)
  -3.2537  Zero lift angle of attack (deg)
  2.96797  Cn slope for zero lift (dimensionless)
  0.723413 Cn at stall value for positive angle of attack
  -0.8     Cn at stall value for negative angle of attack
  -2.12    Angle of attack for minimum CD (deg)
  0.207499 Minimum CD value
  -180.00  0.00006  0.24964  -0.00006
  -170.00  0.16543  0.26689  0.16784
  -160.00  0.33123  0.31638  -0.06016
  -150.00  0.29765  0.39202  -0.02650
  -140.00  0.27624  0.48432  -0.00304
  -130.00  0.24728  0.58182  0.01967
  -120.00  0.20279  0.67215  0.04221
  -110.00  0.14361  0.74384  0.06311
  -100.00  0.07351  0.78762  0.08024
   -90.00  0.00006  0.79744  0.09149
   -80.00  -0.07340  0.78762  0.09980
   -70.00  -0.14349  0.74384  0.10131
   -60.00  -0.20267  0.67215  0.09740
   -50.00  -0.24717  0.58182  0.09061
   -40.00  -0.27613  0.48432  0.08506
   -30.00  -0.29754  0.39202  0.08838
   -20.00  -0.33027  0.31630  0.12062
   -10.00  -0.13510  0.24758  0.05329
    -4.17  -0.03016  0.20758  -0.05655
    -3.17  0.01769  0.20754  -0.05739
    -2.12  0.06722  0.20750  -0.05807
    -1.08  0.11716  0.20750  -0.05882
    -0.05  0.16669  0.20754  -0.05924
    -0.02  0.16681  0.20754  -0.05924
     1.16  0.22532  0.20763  -0.05978
     2.31  0.28043  0.20771  -0.06024
     3.47  0.33571  0.20785  -0.06056
     4.62  0.38926  0.20797  -0.06048
     5.78  0.44110  0.20812  -0.06010
     6.94  0.49025  0.20839  -0.05920
     8.09  0.53061  0.20867  -0.05672
    10.71  0.54895  0.21399  -0.04410
    13.33  0.48046  0.25114  -0.04073
    15.95  0.46396  0.27414  -0.04430
    18.57  0.47454  0.29705  -0.04985
    21.19  0.47191  0.32581  -0.05890
    23.81  0.45782  0.34562  -0.07038
    26.43  0.44373  0.36544  -0.08187
    29.05  0.42963  0.38526  -0.09335
    31.67  0.41963  0.40790  -0.10181
    34.28  0.41174  0.43200  -0.10869
    36.90  0.40385  0.45611  -0.11557
    39.52  0.39596  0.48021  -0.12246
    42.14  0.38561  0.50544  -0.12836
    44.76  0.37476  0.53090  -0.13406
    47.38  0.36391  0.55636  -0.13976
    50.00  0.35306  0.58182  -0.14545
    60.00  0.28968  0.67215  -0.16489
    70.00  0.20489  0.74384  -0.18180
    80.00  0.10499  0.78762  -0.19570
    90.00  0.00006  0.79744  -0.20569
   100.00  -0.07340  0.78762  -0.21396
   110.00  -0.14349  0.74384  -0.21551
   120.00  -0.20267  0.67215  -0.21156
   130.00  -0.24717  0.58182  -0.20481
   140.00  -0.27613  0.48432  -0.19922
   150.00  -0.29754  0.39202  -0.20254
   160.00  -0.33111  0.31638  -0.23511
   170.00  -0.16532  0.26689  -0.20993
   180.00  0.00006  0.24964  -0.00006
EOT
