AeroDyn airfoil file.  Compatible with AeroDyn v13.0.
Interpolated thickness: 0.913

  1        Number of airfoil tables in this file
  9990     Reynolds number in millions.  For efficiency, make very large if only one table.
  0        Control setting
  10.6486  Stall angle (deg)
  -2.51669 Zero lift angle of attack (deg)
  1.05951  Cn slope for zero lift (dimensionless)
  0.243451 Cn at stall value for positive angle of attack
  -0.8     Cn at stall value for negative angle of attack
  -2.12    Angle of attack for minimum CD (deg)
  0.311136 Minimum CD value
  -180.00  0.00009  0.32263  -0.00009
  -170.00  0.04519  0.32733  0.04570
  -160.00  0.09041  0.34083  -0.01648
  -150.00  0.08125  0.36146  -0.00730
  -140.00  0.07541  0.38663  -0.00090
  -130.00  0.06751  0.41322  0.00529
  -120.00  0.05538  0.43786  0.01144
  -110.00  0.03924  0.45741  0.01714
  -100.00  0.02012  0.46935  0.02181
   -90.00  0.00009  0.47203  0.02488
   -80.00  -0.01994  0.46935  0.02714
   -70.00  -0.03906  0.45741  0.02756
   -60.00  -0.05520  0.43786  0.02649
   -50.00  -0.06734  0.41322  0.02464
   -40.00  -0.07524  0.38663  0.02313
   -30.00  -0.08107  0.36146  0.02403
   -20.00  -0.09000  0.34081  0.03282
   -10.00  -0.03677  0.32207  0.01446
    -4.17  -0.00815  0.31116  -0.01550
    -3.17  0.00490  0.31115  -0.01573
    -2.12  0.01840  0.31114  -0.01591
    -1.08  0.03203  0.31114  -0.01611
    -0.05  0.04553  0.31115  -0.01623
    -0.01  0.04557  0.31115  -0.01623
     1.15  0.06152  0.31117  -0.01638
     2.29  0.07655  0.31119  -0.01650
     3.44  0.09163  0.31123  -0.01659
     4.59  0.10623  0.31126  -0.01657
     5.73  0.12037  0.31131  -0.01646
     6.88  0.13378  0.31138  -0.01622
     8.03  0.14478  0.31146  -0.01554
    10.65  0.14979  0.31291  -0.01210
    13.27  0.13111  0.32304  -0.01118
    15.90  0.12661  0.32931  -0.01216
    18.52  0.12949  0.33556  -0.01367
    21.14  0.12878  0.34340  -0.01614
    23.77  0.12493  0.34881  -0.01927
    26.39  0.12109  0.35421  -0.02240
    29.01  0.11725  0.35962  -0.02553
    31.64  0.11452  0.36579  -0.02784
    34.26  0.11237  0.37236  -0.02972
    36.88  0.11021  0.37894  -0.03159
    39.51  0.10806  0.38551  -0.03347
    42.13  0.10524  0.39239  -0.03508
    44.75  0.10228  0.39934  -0.03663
    47.38  0.09932  0.40628  -0.03819
    50.00  0.09636  0.41322  -0.03974
    60.00  0.07908  0.43786  -0.04504
    70.00  0.05595  0.45741  -0.04966
    80.00  0.02871  0.46935  -0.05344
    90.00  0.00009  0.47203  -0.05617
   100.00  -0.01994  0.46935  -0.05842
   110.00  -0.03906  0.45741  -0.05885
   120.00  -0.05520  0.43786  -0.05777
   130.00  -0.06734  0.41322  -0.05593
   140.00  -0.07524  0.38663  -0.05441
   150.00  -0.08107  0.36146  -0.05531
   160.00  -0.09023  0.34083  -0.06419
   170.00  -0.04501  0.32733  -0.05733
   180.00  0.00009  0.32263  -0.00009
EOT
