AeroDyn airfoil file.  Compatible with AeroDyn v13.0.
Interpolated thickness: 0.424

  1        Number of airfoil tables in this file
  9990     Reynolds number in millions.  For efficiency, make very large if only one table.
  0        Control setting
  10.7813  Stall angle (deg)
  -3.48925 Zero lift angle of attack (deg)
  5.01159  Cn slope for zero lift (dimensionless)
  1.24823  Cn at stall value for positive angle of attack
  -0.8     Cn at stall value for negative angle of attack
  -2.12    Angle of attack for minimum CD (deg)
  0.0926947 Minimum CD value
  -180.00  0.00002  0.16879  -0.00002
  -170.00  0.29863  0.19994  0.30313
  -160.00  0.59800  0.28929  -0.10855
  -150.00  0.53737  0.42587  -0.04777
  -140.00  0.49872  0.59253  -0.00541
  -130.00  0.44642  0.76859  0.03560
  -120.00  0.36609  0.93168  0.07630
  -110.00  0.25922  1.06113  0.11404
  -100.00  0.13266  1.14018  0.14496
   -90.00  0.00002  1.15792  0.16527
   -80.00  -0.13261  1.14018  0.18028
   -70.00  -0.25918  1.06113  0.18301
   -60.00  -0.36604  0.93168  0.17596
   -50.00  -0.44638  0.76859  0.16368
   -40.00  -0.49867  0.59253  0.15368
   -30.00  -0.53732  0.42587  0.15966
   -20.00  -0.59644  0.28914  0.21787
   -10.00  -0.24402  0.16507  0.09630
    -4.17  -0.05454  0.09285  -0.10204
    -3.17  0.03186  0.09277  -0.10355
    -2.12  0.12129  0.09269  -0.10477
    -1.08  0.21148  0.09269  -0.10613
    -0.05  0.30091  0.09277  -0.10689
    -0.04  0.30112  0.09277  -0.10689
     1.17  0.40676  0.09294  -0.10786
     2.33  0.50627  0.09307  -0.10869
     3.50  0.60610  0.09333  -0.10926
     4.67  0.70278  0.09354  -0.10912
     5.83  0.79639  0.09382  -0.10844
     7.00  0.88513  0.09430  -0.10682
     8.17  0.95800  0.09482  -0.10234
    10.78  0.99112  0.10442  -0.07954
    13.40  0.86746  0.17150  -0.07347
    16.01  0.83766  0.21303  -0.07991
    18.63  0.85677  0.25439  -0.08994
    21.24  0.85202  0.30632  -0.10626
    23.85  0.82658  0.34210  -0.12700
    26.47  0.80113  0.37788  -0.14774
    29.08  0.77569  0.41367  -0.16848
    31.70  0.75762  0.45455  -0.18375
    34.31  0.74337  0.49807  -0.19617
    36.93  0.72912  0.54159  -0.20860
    39.54  0.71487  0.58511  -0.22103
    42.16  0.69619  0.63067  -0.23169
    44.77  0.67660  0.67664  -0.24198
    47.39  0.65701  0.72261  -0.25227
    50.00  0.63741  0.76859  -0.26256
    60.00  0.52297  0.93168  -0.29765
    70.00  0.36988  1.06113  -0.32819
    80.00  0.18950  1.14018  -0.35328
    90.00  0.00002  1.15792  -0.37132
   100.00  -0.13261  1.14018  -0.38625
   110.00  -0.25918  1.06113  -0.38905
   120.00  -0.36604  0.93168  -0.38193
   130.00  -0.44638  0.76859  -0.36973
   140.00  -0.49867  0.59253  -0.35965
   150.00  -0.53732  0.42587  -0.36563
   160.00  -0.59795  0.28929  -0.42445
   170.00  -0.29859  0.19994  -0.37897
   180.00  0.00002  0.16879  -0.00002
EOT
