AeroDyn airfoil file.  Compatible with AeroDyn v13.0.
Interpolated thickness: 0.26

  1        Number of airfoil tables in this file
  9990     Reynolds number in millions.  For efficiency, make very large if only one table.
  0        Control setting
  10.8258  Stall angle (deg)
  -3.58055 Zero lift angle of attack (deg)
  6.28613  Cn slope for zero lift (dimensionless)
  1.58058  Cn at stall value for positive angle of attack
  -0.8     Cn at stall value for negative angle of attack
  -2.12    Angle of attack for minimum CD (deg)
  0.0194342 Minimum CD value
  -180.00  0.00000  0.11719  -0.00000
  -170.00  0.38363  0.15721  0.38947
  -160.00  0.76824  0.27201  -0.13943
  -150.00  0.69034  0.44747  -0.06134
  -140.00  0.64069  0.66158  -0.00692
  -130.00  0.57350  0.88777  0.04576
  -120.00  0.47029  1.09730  0.09805
  -110.00  0.33300  1.26361  0.14654
  -100.00  0.17040  1.36516  0.18626
   -90.00  0.00000  1.38795  0.21236
   -80.00  -0.17039  1.36516  0.23164
   -70.00  -0.33300  1.26361  0.23514
   -60.00  -0.47029  1.09730  0.22609
   -50.00  -0.57350  0.88777  0.21031
   -40.00  -0.64068  0.66158  0.19746
   -30.00  -0.69034  0.44747  0.20515
   -20.00  -0.76629  0.27181  0.27993
   -10.00  -0.31352  0.11242  0.12375
    -4.17  -0.07010  0.01963  -0.13106
    -3.17  0.04090  0.01953  -0.13301
    -2.12  0.15579  0.01943  -0.13457
    -1.08  0.27166  0.01943  -0.13632
    -0.05  0.38656  0.01953  -0.13729
    -0.05  0.38682  0.01953  -0.13729
     1.17  0.52255  0.01974  -0.13855
     2.35  0.65039  0.01992  -0.13961
     3.52  0.77864  0.02025  -0.14034
     4.69  0.90285  0.02052  -0.14016
     5.87  1.02311  0.02088  -0.13929
     7.04  1.13712  0.02149  -0.13720
     8.21  1.23074  0.02216  -0.13145
    10.83  1.27329  0.03450  -0.10216
    13.44  1.11442  0.12068  -0.09436
    16.05  1.07613  0.17403  -0.10264
    18.66  1.10069  0.22717  -0.11552
    21.27  1.09458  0.29388  -0.13649
    23.88  1.06189  0.33985  -0.16314
    26.50  1.02920  0.38582  -0.18978
    29.11  0.99651  0.43180  -0.21643
    31.72  0.97330  0.48432  -0.23603
    34.33  0.95500  0.54023  -0.25200
    36.94  0.93669  0.59614  -0.26797
    39.55  0.91839  0.65205  -0.28393
    42.17  0.89438  0.71058  -0.29762
    44.78  0.86921  0.76964  -0.31084
    47.39  0.84404  0.82870  -0.32407
    50.00  0.81887  0.88777  -0.33729
    60.00  0.67184  1.09730  -0.38237
    70.00  0.47516  1.26361  -0.42161
    80.00  0.24342  1.36516  -0.45384
    90.00  0.00000  1.38795  -0.47701
   100.00  -0.17039  1.36516  -0.49619
   110.00  -0.33300  1.26361  -0.49979
   120.00  -0.47029  1.09730  -0.49064
   130.00  -0.57350  0.88777  -0.47497
   140.00  -0.64068  0.66158  -0.46202
   150.00  -0.69034  0.44747  -0.46971
   160.00  -0.76823  0.27201  -0.54527
   170.00  -0.38363  0.15721  -0.48684
   180.00  0.00000  0.11719  -0.00000
EOT
