AeroDyn airfoil file.  Compatible with AeroDyn v13.0.
Interpolated thickness: 0.241

  1        Number of airfoil tables in this file
  9990     Reynolds number in millions.  For efficiency, make very large if only one table.
  0        Control setting
  10.831   Stall angle (deg)
  -3.53608 Zero lift angle of attack (deg)
  6.4952   Cn slope for zero lift (dimensionless)
  1.62869  Cn at stall value for positive angle of attack
  -0.8     Cn at stall value for negative angle of attack
  -2.12    Angle of attack for minimum CD (deg)
  0.0109467 Minimum CD value
  -180.00  0.00000  0.11121  -0.00000
  -170.00  0.39348  0.15226  0.39947
  -160.00  0.78796  0.27001  -0.14301
  -150.00  0.70807  0.44997  -0.06292
  -140.00  0.65713  0.66958  -0.00709
  -130.00  0.58823  0.90157  0.04694
  -120.00  0.48236  1.11649  0.10057
  -110.00  0.34155  1.28707  0.15030
  -100.00  0.17477  1.39123  0.19105
   -90.00  0.00000  1.41460  0.21781
   -80.00  -0.17477  1.39123  0.23759
   -70.00  -0.34155  1.28707  0.24118
   -60.00  -0.48236  1.11649  0.23189
   -50.00  -0.58822  0.90157  0.21572
   -40.00  -0.65713  0.66958  0.20253
   -30.00  -0.70807  0.44997  0.21042
   -20.00  -0.78596  0.26981  0.28712
   -10.00  -0.32158  0.10632  0.12693
    -4.17  -0.07191  0.01115  -0.13442
    -3.17  0.04194  0.01105  -0.13642
    -2.12  0.15979  0.01095  -0.13802
    -1.08  0.27863  0.01095  -0.13982
    -0.05  0.39648  0.01105  -0.14081
    -0.05  0.39675  0.01105  -0.14082
     1.17  0.53596  0.01126  -0.14210
     2.35  0.66709  0.01144  -0.14320
     3.52  0.79863  0.01178  -0.14395
     4.70  0.92603  0.01206  -0.14376
     5.87  1.04937  0.01243  -0.14286
     7.05  1.16632  0.01306  -0.14072
     8.22  1.26234  0.01374  -0.13482
    10.83  1.30598  0.02639  -0.10478
    13.44  1.14303  0.11479  -0.09678
    16.05  1.10376  0.16951  -0.10527
    18.66  1.12895  0.22402  -0.11848
    21.28  1.12268  0.29244  -0.13999
    23.89  1.08915  0.33959  -0.16732
    26.50  1.05563  0.38674  -0.19465
    29.11  1.02210  0.43390  -0.22198
    31.72  0.99829  0.48777  -0.24209
    34.33  0.97952  0.54511  -0.25847
    36.94  0.96074  0.60246  -0.27484
    39.55  0.94196  0.65981  -0.29122
    42.17  0.91735  0.71983  -0.30526
    44.78  0.89153  0.78041  -0.31882
    47.39  0.86571  0.84099  -0.33238
    50.00  0.83989  0.90157  -0.34594
    60.00  0.68909  1.11649  -0.39218
    70.00  0.48736  1.28707  -0.43243
    80.00  0.24967  1.39123  -0.46549
    90.00  0.00000  1.41460  -0.48926
   100.00  -0.17477  1.39123  -0.50893
   110.00  -0.34155  1.28707  -0.51262
   120.00  -0.48236  1.11649  -0.50324
   130.00  -0.58822  0.90157  -0.48716
   140.00  -0.65713  0.66958  -0.47388
   150.00  -0.70807  0.44997  -0.48177
   160.00  -0.78796  0.27001  -0.55926
   170.00  -0.39348  0.15226  -0.49934
   180.00  0.00000  0.11121  -0.00000
EOT
