AeroDyn airfoil file.  Compatible with AeroDyn v13.0.
Interpolated thickness: 0.276

  1        Number of airfoil tables in this file
  9990     Reynolds number in millions.  For efficiency, make very large if only one table.
  0        Control setting
  10.8215  Stall angle (deg)
  -3.57259 Zero lift angle of attack (deg)
  6.16278  Cn slope for zero lift (dimensionless)
  1.54824  Cn at stall value for positive angle of attack
  -0.8     Cn at stall value for negative angle of attack
  -2.12    Angle of attack for minimum CD (deg)
  0.0265816 Minimum CD value
  -180.00  0.00000  0.12223  -0.00000
  -170.00  0.37534  0.16138  0.38105
  -160.00  0.75163  0.27369  -0.13642
  -150.00  0.67542  0.44536  -0.06002
  -140.00  0.62684  0.65484  -0.00677
  -130.00  0.56110  0.87614  0.04477
  -120.00  0.46013  1.08114  0.09593
  -110.00  0.32580  1.24385  0.14337
  -100.00  0.16672  1.34321  0.18223
   -90.00  0.00000  1.36551  0.20776
   -80.00  -0.16671  1.34321  0.22663
   -70.00  -0.32580  1.24385  0.23006
   -60.00  -0.46012  1.08114  0.22120
   -50.00  -0.56110  0.87614  0.20576
   -40.00  -0.62683  0.65484  0.19319
   -30.00  -0.67541  0.44536  0.20071
   -20.00  -0.74972  0.27350  0.27388
   -10.00  -0.30674  0.11756  0.12107
    -4.17  -0.06858  0.02677  -0.12823
    -3.17  0.04002  0.02668  -0.13013
    -2.12  0.15243  0.02658  -0.13166
    -1.08  0.26579  0.02658  -0.13337
    -0.05  0.37820  0.02668  -0.13433
    -0.05  0.37846  0.02668  -0.13433
     1.17  0.51125  0.02689  -0.13555
     2.35  0.63633  0.02705  -0.13660
     3.52  0.76180  0.02738  -0.13731
     4.69  0.88333  0.02765  -0.13713
     5.86  1.00099  0.02800  -0.13628
     7.04  1.11254  0.02860  -0.13424
     8.21  1.20413  0.02925  -0.12861
    10.82  1.24576  0.04132  -0.09995
    13.43  1.09033  0.12564  -0.09232
    16.05  1.05286  0.17783  -0.10042
    18.66  1.07689  0.22983  -0.11302
    21.27  1.07092  0.29509  -0.13354
    23.88  1.03893  0.34007  -0.15961
    26.49  1.00695  0.38505  -0.18568
    29.10  0.97497  0.43003  -0.21175
    31.72  0.95226  0.48142  -0.23093
    34.33  0.93435  0.53612  -0.24655
    36.94  0.91644  0.59082  -0.26218
    39.55  0.89853  0.64552  -0.27780
    42.16  0.87505  0.70278  -0.29119
    44.78  0.85042  0.76057  -0.30413
    47.39  0.82579  0.81835  -0.31706
    50.00  0.80117  0.87614  -0.33000
    60.00  0.65732  1.08114  -0.37410
    70.00  0.46489  1.24385  -0.41249
    80.00  0.23816  1.34321  -0.44403
    90.00  0.00000  1.36551  -0.46670
   100.00  -0.16671  1.34321  -0.48547
   110.00  -0.32580  1.24385  -0.48899
   120.00  -0.46012  1.08114  -0.48004
   130.00  -0.56110  0.87614  -0.46470
   140.00  -0.62683  0.65484  -0.45203
   150.00  -0.67541  0.44536  -0.45955
   160.00  -0.75162  0.27369  -0.53348
   170.00  -0.37533  0.16138  -0.47632
   180.00  0.00000  0.12223  -0.00000
EOT
