AeroDyn airfoil file.  Compatible with AeroDyn v13.0.
Interpolated thickness: 0.565

  1        Number of airfoil tables in this file
  9990     Reynolds number in millions.  For efficiency, make very large if only one table.
  0        Control setting
  10.7431  Stall angle (deg)
  -3.38296 Zero lift angle of attack (deg)
  3.89749  Cn slope for zero lift (dimensionless)
  0.960908 Cn at stall value for positive angle of attack
  -0.8     Cn at stall value for negative angle of attack
  -2.12    Angle of attack for minimum CD (deg)
  0.155681 Minimum CD value
  -180.00  0.00004  0.21315  -0.00004
  -170.00  0.22556  0.23667  0.22890
  -160.00  0.45164  0.30415  -0.08201
  -150.00  0.40585  0.40729  -0.03610
  -140.00  0.37666  0.53316  -0.00411
  -130.00  0.33717  0.66612  0.02686
  -120.00  0.27650  0.78929  0.05759
  -110.00  0.19579  0.88705  0.08610
  -100.00  0.10021  0.94675  0.10945
   -90.00  0.00004  0.96014  0.12479
   -80.00  -0.10012  0.94675  0.13612
   -70.00  -0.19571  0.88705  0.13818
   -60.00  -0.27641  0.78929  0.13286
   -50.00  -0.33708  0.66612  0.12359
   -40.00  -0.37658  0.53316  0.11603
   -30.00  -0.40577  0.40729  0.12056
   -20.00  -0.45041  0.30404  0.16451
   -10.00  -0.18426  0.21034  0.07271
    -4.17  -0.04117  0.15580  -0.07708
    -3.17  0.02408  0.15574  -0.07823
    -2.12  0.09162  0.15568  -0.07914
    -1.08  0.15973  0.15568  -0.08017
    -0.05  0.22727  0.15574  -0.08075
    -0.03  0.22743  0.15574  -0.08075
     1.16  0.30722  0.15586  -0.08148
     2.32  0.38236  0.15596  -0.08211
     3.48  0.45775  0.15616  -0.08254
     4.64  0.53077  0.15632  -0.08243
     5.80  0.60146  0.15653  -0.08192
     6.97  0.66848  0.15689  -0.08069
     8.13  0.72352  0.15728  -0.07731
    10.74  0.74853  0.16453  -0.06009
    13.36  0.65514  0.21520  -0.05551
    15.98  0.63263  0.24656  -0.06038
    18.59  0.64707  0.27780  -0.06795
    21.21  0.64348  0.31701  -0.08028
    23.83  0.62426  0.34403  -0.09594
    26.45  0.60505  0.37106  -0.11160
    29.06  0.58583  0.39808  -0.12726
    31.68  0.57219  0.42896  -0.13879
    34.30  0.56143  0.46182  -0.14818
    36.91  0.55066  0.49469  -0.15756
    39.53  0.53990  0.52756  -0.16695
    42.15  0.52579  0.56196  -0.17500
    44.77  0.51100  0.59668  -0.18277
    47.38  0.49620  0.63140  -0.19054
    50.00  0.48140  0.66612  -0.19831
    60.00  0.39498  0.78929  -0.22481
    70.00  0.27936  0.88705  -0.24788
    80.00  0.14313  0.94675  -0.26682
    90.00  0.00004  0.96014  -0.28045
   100.00  -0.10012  0.94675  -0.29172
   110.00  -0.19571  0.88705  -0.29384
   120.00  -0.27641  0.78929  -0.28846
   130.00  -0.33708  0.66612  -0.27924
   140.00  -0.37658  0.53316  -0.27163
   150.00  -0.40577  0.40729  -0.27615
   160.00  -0.45156  0.30415  -0.32057
   170.00  -0.22547  0.23667  -0.28623
   180.00  0.00004  0.21315  -0.00004
EOT
