AeroDyn airfoil file.  Compatible with AeroDyn v13.0.
Interpolated thickness: 0.7

  1        Number of airfoil tables in this file
  9990     Reynolds number in millions.  For efficiency, make very large if only one table.
  0        Control setting
  10.7064  Stall angle (deg)
  -3.22602 Zero lift angle of attack (deg)
  2.81459  Cn slope for zero lift (dimensionless)
  0.684415 Cn at stall value for positive angle of attack
  -0.8     Cn at stall value for negative angle of attack
  -2.12    Angle of attack for minimum CD (deg)
  0.215987 Minimum CD value
  -180.00  0.00006  0.25562  -0.00006
  -170.00  0.15559  0.27184  0.15783
  -160.00  0.31151  0.31838  -0.05659
  -150.00  0.27993  0.38951  -0.02493
  -140.00  0.25980  0.47632  -0.00286
  -130.00  0.23256  0.56801  0.01849
  -120.00  0.19072  0.65296  0.03969
  -110.00  0.13506  0.72038  0.05935
  -100.00  0.06914  0.76155  0.07545
   -90.00  0.00006  0.77079  0.08603
   -80.00  -0.06902  0.76155  0.09385
   -70.00  -0.13494  0.72038  0.09527
   -60.00  -0.19060  0.65296  0.09160
   -50.00  -0.23244  0.56801  0.08520
   -40.00  -0.25968  0.47632  0.07999
   -30.00  -0.27981  0.38951  0.08311
   -20.00  -0.31060  0.31830  0.11343
   -10.00  -0.12704  0.25368  0.05011
    -4.17  -0.02836  0.21607  -0.05319
    -3.17  0.01664  0.21603  -0.05398
    -2.12  0.06322  0.21599  -0.05461
    -1.08  0.11019  0.21599  -0.05532
    -0.05  0.15677  0.21603  -0.05572
    -0.02  0.15688  0.21603  -0.05572
     1.16  0.21190  0.21611  -0.05623
     2.31  0.26373  0.21618  -0.05666
     3.47  0.31572  0.21632  -0.05696
     4.62  0.36608  0.21643  -0.05688
     5.78  0.41483  0.21657  -0.05653
     6.93  0.46105  0.21682  -0.05568
     8.09  0.49901  0.21709  -0.05335
    10.71  0.51626  0.22209  -0.04148
    13.33  0.45185  0.25703  -0.03831
    15.95  0.43633  0.27866  -0.04167
    18.57  0.44628  0.30020  -0.04689
    21.18  0.44381  0.32725  -0.05539
    23.80  0.43056  0.34589  -0.06620
    26.42  0.41730  0.36452  -0.07700
    29.04  0.40405  0.38316  -0.08780
    31.66  0.39464  0.40445  -0.09575
    34.28  0.38722  0.42712  -0.10222
    36.90  0.37980  0.44979  -0.10869
    39.52  0.37238  0.47245  -0.11517
    42.14  0.36265  0.49618  -0.12072
    44.76  0.35244  0.52012  -0.12608
    47.38  0.34224  0.54407  -0.13144
    50.00  0.33203  0.56801  -0.13680
    60.00  0.27243  0.65296  -0.15507
    70.00  0.19269  0.72038  -0.17098
    80.00  0.09874  0.76155  -0.18405
    90.00  0.00006  0.77079  -0.19344
   100.00  -0.06902  0.76155  -0.20122
   110.00  -0.13494  0.72038  -0.20268
   120.00  -0.19060  0.65296  -0.19897
   130.00  -0.23244  0.56801  -0.19261
   140.00  -0.25968  0.47632  -0.18736
   150.00  -0.27981  0.38951  -0.19048
   160.00  -0.31139  0.31838  -0.22111
   170.00  -0.15547  0.27184  -0.19743
   180.00  0.00006  0.25562  -0.00006
EOT
