AeroDyn airfoil file.  Compatible with AeroDyn v13.0.
Interpolated thickness: 0.402

  1        Number of airfoil tables in this file
  9990     Reynolds number in millions.  For efficiency, make very large if only one table.
  0        Control setting
  10.7873  Stall angle (deg)
  -3.503   Zero lift angle of attack (deg)
  5.18389  Cn slope for zero lift (dimensionless)
  1.29293  Cn at stall value for positive angle of attack
  -0.8     Cn at stall value for negative angle of attack
  -2.12    Angle of attack for minimum CD (deg)
  0.0828671 Minimum CD value
  -180.00  0.00002  0.16187  -0.00002
  -170.00  0.31004  0.19421  0.31472
  -160.00  0.62084  0.28697  -0.11270
  -150.00  0.55789  0.42876  -0.04959
  -140.00  0.51776  0.60179  -0.00561
  -130.00  0.46347  0.78457  0.03696
  -120.00  0.38007  0.95390  0.07921
  -110.00  0.26912  1.08829  0.11840
  -100.00  0.13772  1.17036  0.15050
   -90.00  0.00002  1.18877  0.17159
   -80.00  -0.13768  1.17036  0.18717
   -70.00  -0.26908  1.08829  0.19000
   -60.00  -0.38002  0.95390  0.18268
   -50.00  -0.46343  0.78457  0.16994
   -40.00  -0.51772  0.60179  0.15955
   -30.00  -0.55785  0.42876  0.16577
   -20.00  -0.61922  0.28682  0.22620
   -10.00  -0.25334  0.15801  0.09999
    -4.17  -0.05663  0.08302  -0.10593
    -3.17  0.03307  0.08295  -0.10750
    -2.12  0.12592  0.08287  -0.10876
    -1.08  0.21955  0.08287  -0.11018
    -0.05  0.31240  0.08295  -0.11097
    -0.04  0.31261  0.08295  -0.11097
     1.17  0.42230  0.08312  -0.11198
     2.34  0.52560  0.08326  -0.11284
     3.50  0.62924  0.08352  -0.11343
     4.67  0.72962  0.08375  -0.11328
     5.84  0.82680  0.08404  -0.11258
     7.01  0.91894  0.08453  -0.11089
     8.17  0.99459  0.08507  -0.10624
    10.79  1.02897  0.09504  -0.08258
    13.40  0.90059  0.16468  -0.07627
    16.02  0.86965  0.20780  -0.08296
    18.63  0.88949  0.25074  -0.09337
    21.24  0.88456  0.30465  -0.11032
    23.86  0.85814  0.34180  -0.13185
    26.47  0.83173  0.37895  -0.15338
    29.09  0.80531  0.41610  -0.17492
    31.70  0.78655  0.45855  -0.19076
    34.31  0.77176  0.50373  -0.20366
    36.93  0.75697  0.54891  -0.21657
    39.54  0.74217  0.59409  -0.22947
    42.16  0.72278  0.64138  -0.24053
    44.77  0.70244  0.68911  -0.25122
    47.39  0.68210  0.73684  -0.26190
    50.00  0.66176  0.78457  -0.27258
    60.00  0.54294  0.95390  -0.30901
    70.00  0.38400  1.08829  -0.34072
    80.00  0.19673  1.17036  -0.36677
    90.00  0.00002  1.18877  -0.38550
   100.00  -0.13768  1.17036  -0.40100
   110.00  -0.26908  1.08829  -0.40391
   120.00  -0.38002  0.95390  -0.39651
   130.00  -0.46343  0.78457  -0.38384
   140.00  -0.51772  0.60179  -0.37338
   150.00  -0.55785  0.42876  -0.37959
   160.00  -0.62080  0.28697  -0.44065
   170.00  -0.30999  0.19421  -0.39344
   180.00  0.00002  0.16187  -0.00002
EOT
