AeroDyn airfoil file.  Compatible with AeroDyn v13.0.
Interpolated thickness: 0.539

  1        Number of airfoil tables in this file
  9990     Reynolds number in millions.  For efficiency, make very large if only one table.
  0        Control setting
  10.7501  Stall angle (deg)
  -3.40557 Zero lift angle of attack (deg)
  4.10422  Cn slope for zero lift (dimensionless)
  1.014    Cn at stall value for positive angle of attack
  -0.8     Cn at stall value for negative angle of attack
  -2.12    Angle of attack for minimum CD (deg)
  0.144066 Minimum CD value
  -180.00  0.00004  0.20497  -0.00004
  -170.00  0.23903  0.22990  0.24259
  -160.00  0.47863  0.30141  -0.08690
  -150.00  0.43010  0.41072  -0.03825
  -140.00  0.39917  0.54411  -0.00435
  -130.00  0.35731  0.68501  0.02847
  -120.00  0.29302  0.81555  0.06104
  -110.00  0.20749  0.91915  0.09125
  -100.00  0.10619  0.98242  0.11600
   -90.00  0.00004  0.99661  0.13226
   -80.00  -0.10611  0.98242  0.14427
   -70.00  -0.20741  0.91915  0.14645
   -60.00  -0.29294  0.81555  0.14081
   -50.00  -0.35724  0.68501  0.13098
   -40.00  -0.39909  0.54411  0.12297
   -30.00  -0.43003  0.41072  0.12777
   -20.00  -0.47734  0.30129  0.17435
   -10.00  -0.19528  0.20199  0.07706
    -4.17  -0.04363  0.14419  -0.08168
    -3.17  0.02552  0.14413  -0.08290
    -2.12  0.09709  0.14407  -0.08387
    -1.08  0.16927  0.14407  -0.08496
    -0.05  0.24085  0.14413  -0.08557
    -0.03  0.24102  0.14413  -0.08557
     1.16  0.32557  0.14426  -0.08635
     2.32  0.40521  0.14437  -0.08701
     3.49  0.48511  0.14457  -0.08747
     4.65  0.56249  0.14474  -0.08735
     5.81  0.63741  0.14497  -0.08681
     6.97  0.70843  0.14535  -0.08551
     8.13  0.76676  0.14576  -0.08193
    10.75  0.79326  0.15345  -0.06368
    13.37  0.69429  0.20714  -0.05882
    15.98  0.67044  0.24038  -0.06398
    18.60  0.68574  0.27348  -0.07200
    21.22  0.68193  0.31504  -0.08507
    23.83  0.66157  0.34368  -0.10167
    26.45  0.64120  0.37232  -0.11827
    29.07  0.62084  0.40096  -0.13487
    31.68  0.60638  0.43368  -0.14708
    34.30  0.59498  0.46851  -0.15703
    36.92  0.58357  0.50334  -0.16697
    39.53  0.57217  0.53817  -0.17692
    42.15  0.55721  0.57463  -0.18545
    44.77  0.54153  0.61142  -0.19369
    47.38  0.52585  0.64822  -0.20192
    50.00  0.51017  0.68501  -0.21016
    60.00  0.41858  0.81555  -0.23824
    70.00  0.29605  0.91915  -0.26269
    80.00  0.15168  0.98242  -0.28277
    90.00  0.00004  0.99661  -0.29720
   100.00  -0.10611  0.98242  -0.30915
   110.00  -0.20741  0.91915  -0.31140
   120.00  -0.29294  0.81555  -0.30569
   130.00  -0.35724  0.68501  -0.29593
   140.00  -0.39909  0.54411  -0.28786
   150.00  -0.43003  0.41072  -0.29265
   160.00  -0.47855  0.30141  -0.33972
   170.00  -0.23895  0.22990  -0.30333
   180.00  0.00004  0.20497  -0.00004
EOT
