AeroDyn airfoil file.  Compatible with AeroDyn v13.0.
Interpolated thickness: 0.232

  1        Number of airfoil tables in this file
  9990     Reynolds number in millions.  For efficiency, make very large if only one table.
  0        Control setting
  9.85517  Stall angle (deg)
  -3.74934 Zero lift angle of attack (deg)
  6.4744   Cn slope for zero lift (dimensionless)
  1.5373   Cn at stall value for positive angle of attack
  -0.8     Cn at stall value for negative angle of attack
  -2.02    Angle of attack for minimum CD (deg)
  0.0100771 Minimum CD value
  -180.00  0.00000  0.12005  0.00000
  -170.00  0.39480  0.16101  0.40000
  -160.00  0.79060  0.27849  -0.14256
  -150.00  0.70923  0.45802  -0.06287
  -140.00  0.65823  0.67701  -0.00708
  -130.00  0.58911  0.90817  0.04692
  -120.00  0.48311  1.12207  0.10040
  -110.00  0.34200  1.29143  0.14981
  -100.00  0.17500  1.39419  0.19010
   -90.00  0.00000  1.41600  0.21627
   -80.00  -0.17500  1.39419  0.23622
   -70.00  -0.34200  1.29143  0.23999
   -60.00  -0.48311  1.12207  0.23083
   -50.00  -0.58911  0.90817  0.21470
   -40.00  -0.65823  0.67701  0.20143
   -30.00  -0.70923  0.45802  0.20902
   -20.00  -0.78871  0.27828  0.28545
   -10.00  -0.31537  0.10585  0.11848
    -6.04  -0.14314  0.03766  -0.06153
    -5.04  -0.09099  0.02285  -0.10249
    -4.09  -0.03775  0.01022  -0.13750
    -3.02  0.08322  0.01014  -0.13947
    -2.02  0.19505  0.01008  -0.14090
    -1.03  0.30739  0.01009  -0.14243
    -0.04  0.41941  0.01020  -0.14339
     1.29  0.57052  0.01043  -0.14463
     2.58  0.71463  0.01070  -0.14576
     3.87  0.85825  0.01109  -0.14635
     5.16  0.99433  0.01143  -0.14548
     6.45  1.12531  0.01205  -0.14359
     7.74  1.23531  0.01279  -0.13794
     9.86  1.29345  0.02081  -0.11497
    11.97  1.19245  0.06894  -0.09969
    14.08  1.16743  0.12366  -0.10279
    16.19  1.15001  0.17183  -0.10811
    18.31  1.15473  0.22086  -0.12011
    20.42  1.14435  0.28185  -0.13527
    22.53  1.10890  0.32372  -0.15848
    24.65  1.08163  0.36175  -0.18042
    26.76  1.05437  0.39979  -0.20237
    28.87  1.02710  0.43783  -0.22431
    30.98  1.00584  0.48001  -0.24180
    33.10  0.99014  0.52597  -0.25528
    35.21  0.97490  0.57223  -0.26848
    37.32  0.95966  0.61848  -0.28168
    39.44  0.94442  0.66473  -0.29488
    41.55  0.92499  0.71288  -0.30641
    43.66  0.90402  0.76171  -0.31735
    45.77  0.88305  0.81053  -0.32828
    47.89  0.86208  0.85935  -0.33921
    50.00  0.84111  0.90817  -0.35015
    60.00  0.69011  1.12207  -0.39613
    70.00  0.48811  1.29143  -0.43601
    80.00  0.25000  1.39419  -0.46856
    90.00  0.00000  1.41600  -0.49173
   100.00  -0.17500  1.39419  -0.51159
   110.00  -0.34200  1.29143  -0.51545
   120.00  -0.48311  1.12207  -0.50620
   130.00  -0.58911  0.90817  -0.49015
   140.00  -0.65823  0.67701  -0.47680
   150.00  -0.70923  0.45802  -0.48439
   160.00  -0.79060  0.27849  -0.56157
   170.00  -0.39480  0.16101  -0.50000
   180.00  0.00000  0.12005  0.00000
EOT
