AeroDyn airfoil file.  Compatible with AeroDyn v13.0.
Interpolated thickness: 0.302

  1        Number of airfoil tables in this file
  9990     Reynolds number in millions.  For efficiency, make very large if only one table.
  0        Control setting
  10.8144  Stall angle (deg)
  -3.5593  Zero lift angle of attack (deg)
  5.96188  Cn slope for zero lift (dimensionless)
  1.49565  Cn at stall value for positive angle of attack
  -0.8     Cn at stall value for negative angle of attack
  -2.12    Angle of attack for minimum CD (deg)
  0.0381961 Minimum CD value
  -180.00  0.00001  0.13041  -0.00001
  -170.00  0.36187  0.16815  0.36736
  -160.00  0.72464  0.27643  -0.13153
  -150.00  0.65117  0.44193  -0.05787
  -140.00  0.60433  0.64389  -0.00653
  -130.00  0.54096  0.85724  0.04316
  -120.00  0.44361  1.05489  0.09248
  -110.00  0.31411  1.21175  0.13821
  -100.00  0.16073  1.30755  0.17569
   -90.00  0.00001  1.32904  0.20030
   -80.00  -0.16072  1.30755  0.21848
   -70.00  -0.31409  1.21175  0.22179
   -60.00  -0.44359  1.05489  0.21325
   -50.00  -0.54094  0.85724  0.19837
   -40.00  -0.60431  0.64389  0.18625
   -30.00  -0.65115  0.44193  0.19350
   -20.00  -0.72279  0.27625  0.26404
   -10.00  -0.29572  0.12591  0.11672
    -4.17  -0.06612  0.03838  -0.12363
    -3.17  0.03858  0.03829  -0.12546
    -2.12  0.14696  0.03820  -0.12693
    -1.08  0.25625  0.03820  -0.12859
    -0.05  0.36462  0.03829  -0.12951
    -0.04  0.36487  0.03829  -0.12951
     1.17  0.49290  0.03849  -0.13069
     2.34  0.61348  0.03865  -0.13170
     3.52  0.73445  0.03896  -0.13238
     4.69  0.85162  0.03922  -0.13221
     5.86  0.96504  0.03956  -0.13139
     7.03  1.07259  0.04014  -0.12942
     8.20  1.16089  0.04077  -0.12400
    10.81  1.20102  0.05240  -0.09637
    13.43  1.05118  0.13369  -0.08901
    16.04  1.01506  0.18402  -0.09682
    18.65  1.03822  0.23414  -0.10897
    21.26  1.03246  0.29706  -0.12875
    23.88  1.00163  0.34043  -0.15388
    26.49  0.97079  0.38379  -0.17902
    29.10  0.93996  0.42715  -0.20415
    31.71  0.91807  0.47670  -0.22264
    34.33  0.90080  0.52943  -0.23770
    36.94  0.88353  0.58217  -0.25276
    39.55  0.86627  0.63491  -0.26782
    42.16  0.84363  0.69011  -0.28074
    44.78  0.81989  0.74582  -0.29321
    47.39  0.79614  0.80153  -0.30568
    50.00  0.77240  0.85724  -0.31815
    60.00  0.63372  1.05489  -0.36067
    70.00  0.44820  1.21175  -0.39768
    80.00  0.22961  1.30755  -0.42808
    90.00  0.00001  1.32904  -0.44994
   100.00  -0.16072  1.30755  -0.46804
   110.00  -0.31409  1.21175  -0.47143
   120.00  -0.44359  1.05489  -0.46280
   130.00  -0.54094  0.85724  -0.44801
   140.00  -0.60431  0.64389  -0.43580
   150.00  -0.65115  0.44193  -0.44305
   160.00  -0.72463  0.27643  -0.51432
   170.00  -0.36185  0.16815  -0.45922
   180.00  0.00001  0.13041  -0.00001
EOT
