AeroDyn airfoil file.  Compatible with AeroDyn v13.0.
Interpolated thickness: 0.396

  1        Number of airfoil tables in this file
  9990     Reynolds number in millions.  For efficiency, make very large if only one table.
  0        Control setting
  10.7889  Stall angle (deg)
  -3.50665 Zero lift angle of attack (deg)
  5.2308   Cn slope for zero lift (dimensionless)
  1.30511  Cn at stall value for positive angle of attack
  -0.8     Cn at stall value for negative angle of attack
  -2.12    Angle of attack for minimum CD (deg)
  0.0801868 Minimum CD value
  -180.00  0.00002  0.15998  -0.00002
  -170.00  0.31315  0.19264  0.31787
  -160.00  0.62707  0.28634  -0.11383
  -150.00  0.56349  0.42955  -0.05009
  -140.00  0.52296  0.60432  -0.00566
  -130.00  0.46812  0.78893  0.03733
  -120.00  0.38388  0.95996  0.08001
  -110.00  0.27182  1.09570  0.11959
  -100.00  0.13910  1.17859  0.15201
   -90.00  0.00002  1.19719  0.17331
   -80.00  -0.13906  1.17859  0.18905
   -70.00  -0.27178  1.09570  0.19191
   -60.00  -0.38384  0.95996  0.18452
   -50.00  -0.46808  0.78893  0.17164
   -40.00  -0.52292  0.60432  0.16115
   -30.00  -0.56345  0.42955  0.16743
   -20.00  -0.62544  0.28618  0.22847
   -10.00  -0.25588  0.15608  0.10099
    -4.17  -0.05720  0.08035  -0.10699
    -3.17  0.03340  0.08027  -0.10858
    -2.12  0.12718  0.08019  -0.10985
    -1.08  0.22175  0.08019  -0.11128
    -0.05  0.31553  0.08027  -0.11208
    -0.04  0.31575  0.08027  -0.11208
     1.17  0.42653  0.08044  -0.11310
     2.34  0.53088  0.08058  -0.11397
     3.50  0.63555  0.08085  -0.11457
     4.67  0.73694  0.08108  -0.11442
     5.84  0.83509  0.08137  -0.11371
     7.01  0.92816  0.08187  -0.11201
     8.17  1.00457  0.08241  -0.10731
    10.79  1.03930  0.09248  -0.08340
    13.40  0.90963  0.16282  -0.07703
    16.02  0.87837  0.20637  -0.08379
    18.63  0.89842  0.24975  -0.09431
    21.25  0.89343  0.30419  -0.11143
    23.86  0.86675  0.34172  -0.13317
    26.47  0.84007  0.37924  -0.15492
    29.09  0.81339  0.41676  -0.17667
    31.70  0.79445  0.45963  -0.19267
    34.32  0.77950  0.50527  -0.20570
    36.93  0.76456  0.55090  -0.21874
    39.54  0.74962  0.59654  -0.23177
    42.16  0.73003  0.64431  -0.24294
    44.77  0.70948  0.69252  -0.25373
    47.39  0.68894  0.74072  -0.26453
    50.00  0.66839  0.78893  -0.27532
    60.00  0.54839  0.95996  -0.31211
    70.00  0.38785  1.09570  -0.34414
    80.00  0.19870  1.17859  -0.37045
    90.00  0.00002  1.19719  -0.38936
   100.00  -0.13906  1.17859  -0.40502
   110.00  -0.27178  1.09570  -0.40796
   120.00  -0.38384  0.95996  -0.40049
   130.00  -0.46808  0.78893  -0.38769
   140.00  -0.52292  0.60432  -0.37712
   150.00  -0.56345  0.42955  -0.38340
   160.00  -0.62703  0.28634  -0.44507
   170.00  -0.31311  0.19264  -0.39739
   180.00  0.00002  0.15998  -0.00002
EOT
