AeroDyn airfoil file.  Compatible with AeroDyn v13.0.
Interpolated thickness: 0.78

  1        Number of airfoil tables in this file
  9990     Reynolds number in millions.  For efficiency, make very large if only one table.
  0        Control setting
  10.6847  Stall angle (deg)
  -3.07287 Zero lift angle of attack (deg)
  2.16526  Cn slope for zero lift (dimensionless)
  0.519912 Cn at stall value for positive angle of attack
  -0.8     Cn at stall value for negative angle of attack
  -2.12    Angle of attack for minimum CD (deg)
  0.251724 Minimum CD value
  -180.00  0.00007  0.28079  -0.00007
  -170.00  0.11412  0.29268  0.11572
  -160.00  0.22847  0.32681  -0.04152
  -150.00  0.20531  0.37898  -0.01831
  -140.00  0.19054  0.44263  -0.00213
  -130.00  0.17057  0.50988  0.01353
  -120.00  0.13989  0.57217  0.02908
  -110.00  0.09907  0.62161  0.04349
  -100.00  0.05073  0.65181  0.05531
   -90.00  0.00007  0.65858  0.06306
   -80.00  -0.05059  0.65181  0.06879
   -70.00  -0.09893  0.62161  0.06984
   -60.00  -0.13974  0.57217  0.06714
   -50.00  -0.17043  0.50988  0.06246
   -40.00  -0.19040  0.44263  0.05863
   -30.00  -0.20517  0.37898  0.06092
   -20.00  -0.22774  0.32676  0.08315
   -10.00  -0.09314  0.27937  0.03672
    -4.17  -0.02077  0.25178  -0.03903
    -3.17  0.01223  0.25175  -0.03961
    -2.12  0.04639  0.25172  -0.04008
    -1.08  0.08083  0.25172  -0.04060
    -0.05  0.11499  0.25175  -0.04089
    -0.01  0.11507  0.25175  -0.04089
     1.15  0.15542  0.25182  -0.04126
     2.30  0.19343  0.25187  -0.04158
     3.46  0.23156  0.25197  -0.04179
     4.61  0.26849  0.25205  -0.04174
     5.76  0.30424  0.25215  -0.04148
     6.91  0.33813  0.25234  -0.04086
     8.06  0.36597  0.25253  -0.03915
    10.68  0.37861  0.25620  -0.03044
    13.31  0.33138  0.28182  -0.02812
    15.93  0.32000  0.29768  -0.03058
    18.55  0.32730  0.31348  -0.03441
    21.17  0.32549  0.33331  -0.04065
    23.79  0.31577  0.34698  -0.04857
    26.41  0.30605  0.36065  -0.05649
    29.03  0.29633  0.37432  -0.06441
    31.65  0.28943  0.38993  -0.07024
    34.27  0.28399  0.40655  -0.07499
    36.89  0.27855  0.42318  -0.07974
    39.52  0.27310  0.43980  -0.08448
    42.14  0.26597  0.45720  -0.08855
    44.76  0.25849  0.47476  -0.09248
    47.38  0.25100  0.49232  -0.09641
    50.00  0.24352  0.50988  -0.10034
    60.00  0.19981  0.57217  -0.11375
    70.00  0.14133  0.62161  -0.12541
    80.00  0.07244  0.65181  -0.13499
    90.00  0.00007  0.65858  -0.14188
   100.00  -0.05059  0.65181  -0.14759
   110.00  -0.09893  0.62161  -0.14866
   120.00  -0.13974  0.57217  -0.14594
   130.00  -0.17043  0.50988  -0.14128
   140.00  -0.19040  0.44263  -0.13743
   150.00  -0.20517  0.37898  -0.13971
   160.00  -0.22832  0.32681  -0.16218
   170.00  -0.11398  0.29268  -0.14481
   180.00  0.00007  0.28079  -0.00007
EOT
