AeroDyn airfoil file.  Compatible with AeroDyn v13.0.
Interpolated thickness: 0.742

  1        Number of airfoil tables in this file
  9990     Reynolds number in millions.  For efficiency, make very large if only one table.
  0        Control setting
  10.695   Stall angle (deg)
  -3.15449 Zero lift angle of attack (deg)
  2.47441  Cn slope for zero lift (dimensionless)
  0.598112 Cn at stall value for positive angle of attack
  -0.8     Cn at stall value for negative angle of attack
  -2.12    Angle of attack for minimum CD (deg)
  0.234749 Minimum CD value
  -180.00  0.00007  0.26883  -0.00007
  -170.00  0.13382  0.28278  0.13572
  -160.00  0.26791  0.32281  -0.04868
  -150.00  0.24075  0.38398  -0.02145
  -140.00  0.22344  0.45863  -0.00248
  -130.00  0.20002  0.53749  0.01589
  -120.00  0.16403  0.61055  0.03412
  -110.00  0.11617  0.66853  0.05102
  -100.00  0.05947  0.70394  0.06488
   -90.00  0.00007  0.71188  0.07397
   -80.00  -0.05934  0.70394  0.08069
   -70.00  -0.11603  0.66853  0.08192
   -60.00  -0.16390  0.61055  0.07876
   -50.00  -0.19988  0.53749  0.07326
   -40.00  -0.22331  0.45863  0.06878
   -30.00  -0.24062  0.38398  0.07146
   -20.00  -0.26710  0.32274  0.09753
   -10.00  -0.10924  0.26717  0.04308
    -4.17  -0.02438  0.23482  -0.04576
    -3.17  0.01432  0.23478  -0.04644
    -2.12  0.05438  0.23475  -0.04698
    -1.08  0.09478  0.23475  -0.04759
    -0.05  0.13484  0.23478  -0.04793
    -0.02  0.13493  0.23478  -0.04793
     1.15  0.18225  0.23486  -0.04837
     2.31  0.22682  0.23492  -0.04874
     3.46  0.27154  0.23503  -0.04900
     4.61  0.31484  0.23513  -0.04893
     5.77  0.35677  0.23525  -0.04863
     6.92  0.39652  0.23547  -0.04790
     8.07  0.42916  0.23570  -0.04590
    10.70  0.44399  0.24000  -0.03568
    13.32  0.38861  0.27005  -0.03296
    15.94  0.37526  0.28865  -0.03585
    18.56  0.38382  0.30718  -0.04034
    21.18  0.38169  0.33043  -0.04765
    23.80  0.37029  0.34646  -0.05694
    26.42  0.35890  0.36249  -0.06623
    29.04  0.34750  0.37852  -0.07552
    31.66  0.33941  0.39683  -0.08236
    34.28  0.33302  0.41632  -0.08792
    36.90  0.32664  0.43582  -0.09349
    39.52  0.32026  0.45531  -0.09906
    42.14  0.31189  0.47571  -0.10383
    44.76  0.30312  0.49631  -0.10844
    47.38  0.29434  0.51690  -0.11305
    50.00  0.28556  0.53749  -0.11766
    60.00  0.23430  0.61055  -0.13338
    70.00  0.16573  0.66853  -0.14706
    80.00  0.08493  0.70394  -0.15829
    90.00  0.00007  0.71188  -0.16637
   100.00  -0.05934  0.70394  -0.17306
   110.00  -0.11603  0.66853  -0.17432
   120.00  -0.16390  0.61055  -0.17113
   130.00  -0.19988  0.53749  -0.16566
   140.00  -0.22331  0.45863  -0.16115
   150.00  -0.24062  0.38398  -0.16383
   160.00  -0.26778  0.32281  -0.19017
   170.00  -0.13369  0.28278  -0.16980
   180.00  0.00007  0.26883  -0.00007
EOT
