AeroDyn airfoil file.  Compatible with AeroDyn v13.0.
Interpolated thickness: 0.616

  1        Number of airfoil tables in this file
  9990     Reynolds number in millions.  For efficiency, make very large if only one table.
  0        Control setting
  10.7292  Stall angle (deg)
  -3.33288 Zero lift angle of attack (deg)
  3.49027  Cn slope for zero lift (dimensionless)
  0.856617 Cn at stall value for positive angle of attack
  -0.8     Cn at stall value for negative angle of attack
  -2.12    Angle of attack for minimum CD (deg)
  0.178463 Minimum CD value
  -180.00  0.00005  0.22919  -0.00005
  -170.00  0.19912  0.24996  0.20206
  -160.00  0.39870  0.30953  -0.07240
  -150.00  0.35828  0.40058  -0.03188
  -140.00  0.33251  0.51168  -0.00364
  -130.00  0.29765  0.62906  0.02370
  -120.00  0.24409  0.73779  0.05083
  -110.00  0.17285  0.82409  0.07599
  -100.00  0.08847  0.87679  0.09661
   -90.00  0.00005  0.88861  0.11015
   -80.00  -0.08837  0.87679  0.12015
   -70.00  -0.17275  0.82409  0.12197
   -60.00  -0.24399  0.73779  0.11727
   -50.00  -0.29755  0.62906  0.10909
   -40.00  -0.33241  0.51168  0.10242
   -30.00  -0.35818  0.40058  0.10641
   -20.00  -0.39759  0.30943  0.14521
   -10.00  -0.16265  0.22672  0.06417
    -4.17  -0.03633  0.17856  -0.06806
    -3.17  0.02127  0.17851  -0.06907
    -2.12  0.08089  0.17846  -0.06988
    -1.08  0.14102  0.17846  -0.07079
    -0.05  0.20064  0.17851  -0.07129
    -0.02  0.20078  0.17851  -0.07129
     1.16  0.27121  0.17862  -0.07194
     2.32  0.33755  0.17871  -0.07250
     3.48  0.40410  0.17888  -0.07288
     4.63  0.46856  0.17903  -0.07278
     5.79  0.53096  0.17922  -0.07233
     6.95  0.59012  0.17953  -0.07125
     8.11  0.63870  0.17988  -0.06826
    10.73  0.66078  0.18628  -0.05306
    13.35  0.57834  0.23100  -0.04901
    15.97  0.55847  0.25869  -0.05331
    18.58  0.57122  0.28626  -0.05999
    21.20  0.56805  0.32088  -0.07088
    23.82  0.55108  0.34473  -0.08470
    26.44  0.53412  0.36859  -0.09853
    29.06  0.51716  0.39245  -0.11236
    31.67  0.50511  0.41970  -0.12253
    34.29  0.49561  0.44871  -0.13082
    36.91  0.48612  0.47773  -0.13910
    39.53  0.47662  0.50674  -0.14739
    42.15  0.46416  0.53711  -0.15449
    44.76  0.45110  0.56776  -0.16135
    47.38  0.43804  0.59841  -0.16821
    50.00  0.42498  0.62906  -0.17507
    60.00  0.34868  0.73779  -0.19847
    70.00  0.24662  0.82409  -0.21883
    80.00  0.12637  0.87679  -0.23555
    90.00  0.00005  0.88861  -0.24758
   100.00  -0.08837  0.87679  -0.25753
   110.00  -0.17275  0.82409  -0.25940
   120.00  -0.24399  0.73779  -0.25465
   130.00  -0.29755  0.62906  -0.24652
   140.00  -0.33241  0.51168  -0.23980
   150.00  -0.35818  0.40058  -0.24379
   160.00  -0.39860  0.30953  -0.28300
   170.00  -0.19902  0.24996  -0.25268
   180.00  0.00005  0.22919  -0.00005
EOT
