AeroDyn airfoil file.  Compatible with AeroDyn v13.0.
Interpolated thickness: 0.352

  1        Number of airfoil tables in this file
  9990     Reynolds number in millions.  For efficiency, make very large if only one table.
  0        Control setting
  10.8009  Stall angle (deg)
  -3.53229 Zero lift angle of attack (deg)
  5.57394  Cn slope for zero lift (dimensionless)
  1.39438  Cn at stall value for positive angle of attack
  -0.8     Cn at stall value for negative angle of attack
  -2.12    Angle of attack for minimum CD (deg)
  0.0605316 Minimum CD value
  -180.00  0.00001  0.14614  -0.00001
  -170.00  0.33595  0.18118  0.34104
  -160.00  0.67274  0.28170  -0.12211
  -150.00  0.60453  0.43535  -0.05373
  -140.00  0.56105  0.62284  -0.00607
  -130.00  0.50221  0.82091  0.04006
  -120.00  0.41184  1.00439  0.08585
  -110.00  0.29161  1.15002  0.12831
  -100.00  0.14923  1.23895  0.16309
   -90.00  0.00001  1.25891  0.18594
   -80.00  -0.14920  1.23895  0.20283
   -70.00  -0.29159  1.15002  0.20590
   -60.00  -0.41181  1.00439  0.19797
   -50.00  -0.50219  0.82091  0.18415
   -40.00  -0.56102  0.62284  0.17290
   -30.00  -0.60450  0.43535  0.17963
   -20.00  -0.67101  0.28153  0.24512
   -10.00  -0.27453  0.14196  0.10835
    -4.17  -0.06137  0.06070  -0.11478
    -3.17  0.03583  0.06062  -0.11648
    -2.12  0.13644  0.06053  -0.11785
    -1.08  0.23790  0.06053  -0.11938
    -0.05  0.33851  0.06062  -0.12024
    -0.04  0.33874  0.06062  -0.12024
     1.17  0.45760  0.06080  -0.12133
     2.34  0.56954  0.06095  -0.12227
     3.51  0.68185  0.06124  -0.12291
     4.68  0.79062  0.06148  -0.12275
     5.85  0.89592  0.06180  -0.12198
     7.02  0.99576  0.06234  -0.12016
     8.19  1.07774  0.06292  -0.11512
    10.80  1.11500  0.07372  -0.08947
    13.41  0.97588  0.14919  -0.08264
    16.03  0.94235  0.19591  -0.08989
    18.64  0.96386  0.24244  -0.10117
    21.25  0.95851  0.30085  -0.11954
    23.87  0.92989  0.34111  -0.14287
    26.48  0.90126  0.38137  -0.16620
    29.09  0.87263  0.42163  -0.18953
    31.71  0.85231  0.46762  -0.20670
    34.32  0.83628  0.51658  -0.22068
    36.93  0.82025  0.56554  -0.23466
    39.55  0.80422  0.61450  -0.24865
    42.16  0.78320  0.66575  -0.26063
    44.77  0.76116  0.71747  -0.27221
    47.39  0.73912  0.76919  -0.28379
    50.00  0.71708  0.82091  -0.29537
    60.00  0.58833  1.00439  -0.33484
    70.00  0.41610  1.15002  -0.36920
    80.00  0.21317  1.23895  -0.39743
    90.00  0.00001  1.25891  -0.41772
   100.00  -0.14920  1.23895  -0.43452
   110.00  -0.29159  1.15002  -0.43767
   120.00  -0.41181  1.00439  -0.42966
   130.00  -0.50219  0.82091  -0.41593
   140.00  -0.56102  0.62284  -0.40459
   150.00  -0.60450  0.43535  -0.41132
   160.00  -0.67271  0.28170  -0.47749
   170.00  -0.33592  0.18118  -0.42633
   180.00  0.00001  0.14614  -0.00001
EOT
