AeroDyn airfoil file.  Compatible with AeroDyn v13.0.
Interpolated thickness: 0.932

  1        Number of airfoil tables in this file
  9990     Reynolds number in millions.  For efficiency, make very large if only one table.
  0        Control setting
  10.6435  Stall angle (deg)
  -2.30463 Zero lift angle of attack (deg)
  0.904897 Cn slope for zero lift (dimensionless)
  0.204495 Cn at stall value for positive angle of attack
  -0.8     Cn at stall value for negative angle of attack
  -2.12    Angle of attack for minimum CD (deg)
  0.319624 Minimum CD value
  -180.00  0.00009  0.32861  -0.00009
  -170.00  0.03534  0.33228  0.03570
  -160.00  0.07069  0.34283  -0.01290
  -150.00  0.06353  0.35896  -0.00573
  -140.00  0.05896  0.37863  -0.00073
  -130.00  0.05279  0.39942  0.00411
  -120.00  0.04331  0.41867  0.00892
  -110.00  0.03069  0.43395  0.01337
  -100.00  0.01575  0.44329  0.01703
   -90.00  0.00009  0.44538  0.01942
   -80.00  -0.01557  0.44329  0.02119
   -70.00  -0.03051  0.43395  0.02152
   -60.00  -0.04312  0.41867  0.02068
   -50.00  -0.05261  0.39942  0.01924
   -40.00  -0.05878  0.37863  0.01805
   -30.00  -0.06335  0.35896  0.01876
   -20.00  -0.07032  0.34282  0.02563
   -10.00  -0.02872  0.32817  0.01128
    -4.17  -0.00635  0.31964  -0.01213
    -3.17  0.00385  0.31963  -0.01231
    -2.12  0.01441  0.31962  -0.01246
    -1.08  0.02505  0.31962  -0.01262
    -0.05  0.03561  0.31963  -0.01271
    -0.00  0.03564  0.31963  -0.01271
     1.15  0.04811  0.31965  -0.01282
     2.29  0.05986  0.31967  -0.01292
     3.44  0.07164  0.31970  -0.01299
     4.58  0.08306  0.31972  -0.01297
     5.73  0.09411  0.31976  -0.01289
     6.87  0.10458  0.31981  -0.01270
     8.02  0.11319  0.31987  -0.01217
    10.64  0.11710  0.32101  -0.00948
    13.27  0.10250  0.32893  -0.00876
    15.89  0.09898  0.33383  -0.00952
    18.51  0.10124  0.33871  -0.01071
    21.14  0.10067  0.34484  -0.01263
    23.76  0.09767  0.34907  -0.01508
    26.39  0.09467  0.35329  -0.01753
    29.01  0.09166  0.35752  -0.01998
    31.63  0.08953  0.36234  -0.02178
    34.26  0.08785  0.36748  -0.02325
    36.88  0.08617  0.37262  -0.02471
    39.50  0.08448  0.37776  -0.02618
    42.13  0.08228  0.38313  -0.02744
    44.75  0.07996  0.38856  -0.02865
    47.38  0.07765  0.39399  -0.02987
    50.00  0.07534  0.39942  -0.03108
    60.00  0.06183  0.41867  -0.03523
    70.00  0.04375  0.43395  -0.03883
    80.00  0.02246  0.44329  -0.04179
    90.00  0.00009  0.44538  -0.04392
   100.00  -0.01557  0.44329  -0.04569
   110.00  -0.03051  0.43395  -0.04602
   120.00  -0.04312  0.41867  -0.04518
   130.00  -0.05261  0.39942  -0.04374
   140.00  -0.05878  0.37863  -0.04255
   150.00  -0.06335  0.35896  -0.04325
   160.00  -0.07050  0.34283  -0.05020
   170.00  -0.03516  0.33228  -0.04483
   180.00  0.00009  0.32861  -0.00009
EOT
