AeroDyn airfoil file.  Compatible with AeroDyn v13.0.
Interpolated thickness: 0.434

  1        Number of airfoil tables in this file
  9990     Reynolds number in millions.  For efficiency, make very large if only one table.
  0        Control setting
  10.7786  Stall angle (deg)
  -3.4828  Zero lift angle of attack (deg)
  4.93314  Cn slope for zero lift (dimensionless)
  1.2279   Cn at stall value for positive angle of attack
  -0.8     Cn at stall value for negative angle of attack
  -2.12    Angle of attack for minimum CD (deg)
  0.0971618 Minimum CD value
  -180.00  0.00003  0.17193  -0.00003
  -170.00  0.29345  0.20254  0.29787
  -160.00  0.58762  0.29035  -0.10667
  -150.00  0.52804  0.42455  -0.04694
  -140.00  0.49006  0.58832  -0.00531
  -130.00  0.43868  0.76132  0.03498
  -120.00  0.35973  0.92159  0.07497
  -110.00  0.25473  1.04879  0.11206
  -100.00  0.13035  1.12646  0.14244
   -90.00  0.00003  1.14389  0.16240
   -80.00  -0.13030  1.12646  0.17715
   -70.00  -0.25467  1.04879  0.17983
   -60.00  -0.35968  0.92159  0.17290
   -50.00  -0.43862  0.76132  0.16084
   -40.00  -0.49001  0.58832  0.15101
   -30.00  -0.52799  0.42455  0.15689
   -20.00  -0.58608  0.29020  0.21409
   -10.00  -0.23978  0.16828  0.09463
    -4.17  -0.05360  0.09731  -0.10027
    -3.17  0.03130  0.09724  -0.10176
    -2.12  0.11918  0.09716  -0.10295
    -1.08  0.20781  0.09716  -0.10429
    -0.05  0.29569  0.09724  -0.10503
    -0.04  0.29589  0.09724  -0.10504
     1.17  0.39970  0.09740  -0.10599
     2.33  0.49748  0.09753  -0.10681
     3.50  0.59558  0.09778  -0.10737
     4.67  0.69058  0.09799  -0.10723
     5.83  0.78256  0.09827  -0.10656
     7.00  0.86977  0.09874  -0.10497
     8.16  0.94137  0.09925  -0.10057
    10.78  0.97392  0.10868  -0.07816
    13.39  0.85240  0.17460  -0.07219
    16.01  0.82312  0.21541  -0.07853
    18.62  0.84190  0.25605  -0.08838
    21.24  0.83723  0.30707  -0.10442
    23.85  0.81223  0.34224  -0.12480
    26.47  0.78722  0.37740  -0.14518
    29.08  0.76222  0.41256  -0.16556
    31.70  0.74447  0.45274  -0.18056
    34.31  0.73047  0.49550  -0.19277
    36.93  0.71647  0.53826  -0.20498
    39.54  0.70246  0.58103  -0.21719
    42.16  0.68411  0.62579  -0.22767
    44.77  0.66485  0.67097  -0.23778
    47.39  0.64560  0.71614  -0.24789
    50.00  0.62635  0.76132  -0.25800
    60.00  0.51389  0.92159  -0.29248
    70.00  0.36346  1.04879  -0.32250
    80.00  0.18621  1.12646  -0.34715
    90.00  0.00003  1.14389  -0.36487
   100.00  -0.13030  1.12646  -0.37954
   110.00  -0.25467  1.04879  -0.38230
   120.00  -0.35968  0.92159  -0.37530
   130.00  -0.43862  0.76132  -0.36331
   140.00  -0.49001  0.58832  -0.35340
   150.00  -0.52799  0.42455  -0.35929
   160.00  -0.58757  0.29035  -0.41708
   170.00  -0.29340  0.20254  -0.37239
   180.00  0.00003  0.17193  -0.00003
EOT
