AeroDyn airfoil file.  Compatible with AeroDyn v13.0.
Interpolated thickness: 0.583

  1        Number of airfoil tables in this file
  9990     Reynolds number in millions.  For efficiency, make very large if only one table.
  0        Control setting
  10.7382  Stall angle (deg)
  -3.36623 Zero lift angle of attack (deg)
  3.75403  Cn slope for zero lift (dimensionless)
  0.924122 Cn at stall value for positive angle of attack
  -0.8     Cn at stall value for negative angle of attack
  -2.12    Angle of attack for minimum CD (deg)
  0.163722 Minimum CD value
  -180.00  0.00005  0.21881  -0.00005
  -170.00  0.21623  0.24136  0.21943
  -160.00  0.43296  0.30605  -0.07862
  -150.00  0.38906  0.40492  -0.03461
  -140.00  0.36108  0.52558  -0.00394
  -130.00  0.32322  0.65304  0.02574
  -120.00  0.26506  0.77112  0.05521
  -110.00  0.18770  0.86483  0.08253
  -100.00  0.09606  0.92206  0.10492
   -90.00  0.00005  0.93490  0.11962
   -80.00  -0.09597  0.92206  0.13049
   -70.00  -0.18760  0.86483  0.13246
   -60.00  -0.26497  0.77112  0.12736
   -50.00  -0.32313  0.65304  0.11847
   -40.00  -0.36099  0.52558  0.11123
   -30.00  -0.38897  0.40492  0.11556
   -20.00  -0.43177  0.30594  0.15770
   -10.00  -0.17663  0.21612  0.06969
    -4.17  -0.03946  0.16383  -0.07390
    -3.17  0.02309  0.16378  -0.07500
    -2.12  0.08783  0.16372  -0.07587
    -1.08  0.15313  0.16372  -0.07686
    -0.05  0.21787  0.16378  -0.07741
    -0.03  0.21802  0.16378  -0.07741
     1.16  0.29451  0.16390  -0.07812
     2.32  0.36655  0.16399  -0.07872
     3.48  0.43882  0.16418  -0.07913
     4.64  0.50881  0.16434  -0.07903
     5.80  0.57658  0.16454  -0.07853
     6.96  0.64083  0.16488  -0.07736
     8.12  0.69358  0.16526  -0.07412
    10.74  0.71756  0.17221  -0.05761
    13.36  0.62803  0.22077  -0.05321
    15.97  0.60646  0.25084  -0.05788
    18.59  0.62030  0.28078  -0.06514
    21.21  0.61686  0.31837  -0.07696
    23.83  0.59843  0.34428  -0.09197
    26.44  0.58001  0.37019  -0.10699
    29.06  0.56159  0.39609  -0.12200
    31.68  0.54851  0.42569  -0.13305
    34.30  0.53820  0.45720  -0.14205
    36.91  0.52788  0.48870  -0.15105
    39.53  0.51757  0.52021  -0.16004
    42.15  0.50404  0.55319  -0.16776
    44.77  0.48986  0.58647  -0.17521
    47.38  0.47567  0.61976  -0.18266
    50.00  0.46149  0.65304  -0.19011
    60.00  0.37864  0.77112  -0.21551
    70.00  0.26780  0.86483  -0.23763
    80.00  0.13722  0.92206  -0.25579
    90.00  0.00005  0.93490  -0.26885
   100.00  -0.09597  0.92206  -0.27965
   110.00  -0.18760  0.86483  -0.28168
   120.00  -0.26497  0.77112  -0.27653
   130.00  -0.32313  0.65304  -0.26769
   140.00  -0.36099  0.52558  -0.26040
   150.00  -0.38897  0.40492  -0.26473
   160.00  -0.43287  0.30605  -0.30731
   170.00  -0.21614  0.24136  -0.27439
   180.00  0.00005  0.21881  -0.00005
EOT
