AeroDyn airfoil file.  Compatible with AeroDyn v13.0.
Interpolated thickness: 0.479

  1        Number of airfoil tables in this file
  9990     Reynolds number in millions.  For efficiency, make very large if only one table.
  0        Control setting
  10.7664  Stall angle (deg)
  -3.45204 Zero lift angle of attack (deg)
  4.57905  Cn slope for zero lift (dimensionless)
  1.13633  Cn at stall value for positive angle of attack
  -0.8     Cn at stall value for negative angle of attack
  -2.12    Angle of attack for minimum CD (deg)
  0.117264 Minimum CD value
  -180.00  0.00003  0.18609  -0.00003
  -170.00  0.27013  0.21427  0.27418
  -160.00  0.54091  0.29509  -0.09820
  -150.00  0.48607  0.41862  -0.04322
  -140.00  0.45111  0.56937  -0.00490
  -130.00  0.40381  0.72862  0.03219
  -120.00  0.33114  0.87614  0.06900
  -110.00  0.23448  0.99323  0.10314
  -100.00  0.12000  1.06473  0.13111
   -90.00  0.00003  1.08077  0.14948
   -80.00  -0.11994  1.06473  0.16306
   -70.00  -0.23442  0.99323  0.16552
   -60.00  -0.33108  0.87614  0.15915
   -50.00  -0.40374  0.72862  0.14804
   -40.00  -0.45104  0.56937  0.13899
   -30.00  -0.48601  0.41862  0.14441
   -20.00  -0.53948  0.29495  0.19706
   -10.00  -0.22071  0.18273  0.08710
    -4.17  -0.04933  0.11740  -0.09230
    -3.17  0.02882  0.11733  -0.09367
    -2.12  0.10972  0.11726  -0.09477
    -1.08  0.19129  0.11726  -0.09601
    -0.05  0.27219  0.11733  -0.09669
    -0.03  0.27237  0.11733  -0.09669
     1.16  0.36793  0.11748  -0.09757
     2.33  0.45794  0.11760  -0.09833
     3.49  0.54823  0.11784  -0.09884
     4.66  0.63569  0.11803  -0.09871
     5.82  0.72035  0.11828  -0.09810
     6.99  0.80062  0.11871  -0.09663
     8.15  0.86654  0.11918  -0.09258
    10.77  0.89649  0.12787  -0.07196
    13.38  0.78464  0.18854  -0.06646
    16.00  0.75768  0.22611  -0.07229
    18.61  0.77497  0.26352  -0.08136
    21.23  0.77067  0.31049  -0.09613
    23.84  0.74766  0.34285  -0.11489
    26.46  0.72464  0.37522  -0.13365
    29.08  0.70163  0.40759  -0.15241
    31.69  0.68529  0.44457  -0.16621
    34.31  0.67240  0.48393  -0.17745
    36.92  0.65951  0.52330  -0.18869
    39.54  0.64662  0.56266  -0.19993
    42.15  0.62972  0.60387  -0.20957
    44.77  0.61200  0.64545  -0.21888
    47.38  0.59428  0.68703  -0.22819
    50.00  0.57656  0.72862  -0.23750
    60.00  0.47304  0.87614  -0.26924
    70.00  0.33457  0.99323  -0.29686
    80.00  0.17141  1.06473  -0.31956
    90.00  0.00003  1.08077  -0.33587
   100.00  -0.11994  1.06473  -0.34938
   110.00  -0.23442  0.99323  -0.35191
   120.00  -0.33108  0.87614  -0.34547
   130.00  -0.40374  0.72862  -0.33443
   140.00  -0.45104  0.56937  -0.32531
   150.00  -0.48601  0.41862  -0.33073
   160.00  -0.54085  0.29509  -0.38393
   170.00  -0.27007  0.21427  -0.34279
   180.00  0.00003  0.18609  -0.00003
EOT
