AeroDyn airfoil file.  Compatible with AeroDyn v13.0.
Interpolated thickness: 0.839

  1        Number of airfoil tables in this file
  9990     Reynolds number in millions.  For efficiency, make very large if only one table.
  0        Control setting
  10.6687  Stall angle (deg)
  -2.9703  Zero lift angle of attack (deg)
  1.65953  Cn slope for zero lift (dimensionless)
  0.395044 Cn at stall value for positive angle of attack
  -0.8     Cn at stall value for negative angle of attack
  -2.12    Angle of attack for minimum CD (deg)
  0.27808  Minimum CD value
  -180.00  0.00008  0.29935  -0.00008
  -170.00  0.08354  0.30806  0.08466
  -160.00  0.16722  0.33303  -0.03041
  -150.00  0.15027  0.37121  -0.01342
  -140.00  0.13947  0.41779  -0.00158
  -130.00  0.12485  0.46700  0.00988
  -120.00  0.10240  0.51259  0.02125
  -110.00  0.07253  0.54877  0.03180
  -100.00  0.03715  0.57087  0.04045
   -90.00  0.00008  0.57582  0.04612
   -80.00  -0.03699  0.57087  0.05032
   -70.00  -0.07237  0.54877  0.05108
   -60.00  -0.10224  0.51259  0.04911
   -50.00  -0.12470  0.46700  0.04568
   -40.00  -0.13931  0.41779  0.04288
   -30.00  -0.15012  0.37121  0.04456
   -20.00  -0.16664  0.33299  0.06083
   -10.00  -0.06813  0.29831  0.02685
    -4.17  -0.01517  0.27812  -0.02859
    -3.17  0.00898  0.27810  -0.02902
    -2.12  0.03397  0.27808  -0.02936
    -1.08  0.05918  0.27808  -0.02974
    -0.05  0.08418  0.27810  -0.02995
    -0.01  0.08424  0.27810  -0.02995
     1.15  0.11377  0.27815  -0.03022
     2.30  0.14158  0.27818  -0.03045
     3.45  0.16948  0.27826  -0.03061
     4.60  0.19651  0.27832  -0.03057
     5.75  0.22267  0.27840  -0.03038
     6.90  0.24748  0.27853  -0.02993
     8.05  0.26785  0.27867  -0.02868
    10.67  0.27710  0.28136  -0.02230
    13.29  0.24254  0.30011  -0.02061
    15.91  0.23421  0.31171  -0.02241
    18.53  0.23955  0.32328  -0.02521
    21.16  0.23822  0.33779  -0.02977
    23.78  0.23111  0.34779  -0.03557
    26.40  0.22400  0.35779  -0.04137
    29.02  0.21689  0.36780  -0.04717
    31.65  0.21184  0.37922  -0.05143
    34.27  0.20785  0.39139  -0.05491
    36.89  0.20387  0.40355  -0.05838
    39.51  0.19989  0.41572  -0.06185
    42.13  0.19467  0.42845  -0.06483
    44.76  0.18919  0.44130  -0.06771
    47.38  0.18371  0.45415  -0.07058
    50.00  0.17824  0.46700  -0.07346
    60.00  0.14625  0.51259  -0.08327
    70.00  0.10346  0.54877  -0.09181
    80.00  0.05304  0.57087  -0.09882
    90.00  0.00008  0.57582  -0.10386
   100.00  -0.03699  0.57087  -0.10803
   110.00  -0.07237  0.54877  -0.10882
   120.00  -0.10224  0.51259  -0.10683
   130.00  -0.12470  0.46700  -0.10342
   140.00  -0.13931  0.41779  -0.10060
   150.00  -0.15012  0.37121  -0.10227
   160.00  -0.16706  0.33303  -0.11871
   170.00  -0.08339  0.30806  -0.10600
   180.00  0.00008  0.29935  -0.00008
EOT
