AeroDyn airfoil file.  Compatible with AeroDyn v13.0.
Interpolated thickness: 0.922

  1        Number of airfoil tables in this file
  9990     Reynolds number in millions.  For efficiency, make very large if only one table.
  0        Control setting
  10.6462  Stall angle (deg)
  -2.42446 Zero lift angle of attack (deg)
  0.986299 Cn slope for zero lift (dimensionless)
  0.225    Cn at stall value for positive angle of attack
  -0.8     Cn at stall value for negative angle of attack
  -2.12    Angle of attack for minimum CD (deg)
  0.315157 Minimum CD value
  -180.00  0.00009  0.32546  -0.00009
  -170.00  0.04053  0.32968  0.04096
  -160.00  0.08107  0.34178  -0.01479
  -150.00  0.07286  0.36027  -0.00656
  -140.00  0.06762  0.38284  -0.00082
  -130.00  0.06054  0.40668  0.00473
  -120.00  0.04966  0.42877  0.01025
  -110.00  0.03519  0.44630  0.01536
  -100.00  0.01805  0.45700  0.01954
   -90.00  0.00009  0.45941  0.02229
   -80.00  -0.01787  0.45700  0.02433
   -70.00  -0.03501  0.44630  0.02470
   -60.00  -0.04948  0.42877  0.02374
   -50.00  -0.06036  0.40668  0.02208
   -40.00  -0.06744  0.38284  0.02072
   -30.00  -0.07268  0.36027  0.02153
   -20.00  -0.08068  0.34176  0.02942
   -10.00  -0.03296  0.32496  0.01295
    -4.17  -0.00730  0.31518  -0.01390
    -3.17  0.00440  0.31517  -0.01411
    -2.12  0.01651  0.31516  -0.01427
    -1.08  0.02872  0.31516  -0.01446
    -0.05  0.04083  0.31517  -0.01456
    -0.00  0.04086  0.31517  -0.01456
     1.15  0.05517  0.31519  -0.01469
     2.29  0.06864  0.31521  -0.01481
     3.44  0.08216  0.31524  -0.01488
     4.58  0.09525  0.31527  -0.01486
     5.73  0.10793  0.31531  -0.01477
     6.88  0.11995  0.31537  -0.01455
     8.02  0.12982  0.31544  -0.01394
    10.65  0.13430  0.31674  -0.01086
    13.27  0.11756  0.32583  -0.01004
    15.89  0.11352  0.33145  -0.01091
    18.52  0.11611  0.33705  -0.01227
    21.14  0.11546  0.34408  -0.01448
    23.76  0.11202  0.34893  -0.01728
    26.39  0.10857  0.35378  -0.02009
    29.01  0.10513  0.35862  -0.02290
    31.63  0.10268  0.36416  -0.02497
    34.26  0.10075  0.37005  -0.02665
    36.88  0.09882  0.37594  -0.02833
    39.51  0.09689  0.38184  -0.03002
    42.13  0.09436  0.38801  -0.03146
    44.75  0.09171  0.39423  -0.03285
    47.38  0.08906  0.40046  -0.03425
    50.00  0.08640  0.40668  -0.03564
    60.00  0.07091  0.42877  -0.04039
    70.00  0.05017  0.44630  -0.04453
    80.00  0.02575  0.45700  -0.04793
    90.00  0.00009  0.45941  -0.05037
   100.00  -0.01787  0.45700  -0.05239
   110.00  -0.03501  0.44630  -0.05277
   120.00  -0.04948  0.42877  -0.05181
   130.00  -0.06036  0.40668  -0.05015
   140.00  -0.06744  0.38284  -0.04879
   150.00  -0.07268  0.36027  -0.04960
   160.00  -0.08089  0.34178  -0.05756
   170.00  -0.04035  0.32968  -0.05141
   180.00  0.00009  0.32546  -0.00009
EOT
