AeroDyn airfoil file.  Compatible with AeroDyn v13.0.
Interpolated thickness: 0.679

  1        Number of airfoil tables in this file
  9990     Reynolds number in millions.  For efficiency, make very large if only one table.
  0        Control setting
  10.7121  Stall angle (deg)
  -3.25647 Zero lift angle of attack (deg)
  2.9841   Cn slope for zero lift (dimensionless)
  0.727516 Cn at stall value for positive angle of attack
  -0.8     Cn at stall value for negative angle of attack
  -2.12    Angle of attack for minimum CD (deg)
  0.206606 Minimum CD value
  -180.00  0.00006  0.24901  -0.00006
  -170.00  0.16647  0.26637  0.16889
  -160.00  0.33331  0.31617  -0.06054
  -150.00  0.29952  0.39228  -0.02667
  -140.00  0.27798  0.48516  -0.00306
  -130.00  0.24883  0.58327  0.01979
  -120.00  0.20406  0.67417  0.04247
  -110.00  0.14451  0.74631  0.06351
  -100.00  0.07397  0.79036  0.08074
   -90.00  0.00006  0.80024  0.09206
   -80.00  -0.07386  0.79036  0.10042
   -70.00  -0.14439  0.74631  0.10194
   -60.00  -0.20395  0.67417  0.09802
   -50.00  -0.24872  0.58327  0.09117
   -40.00  -0.27786  0.48516  0.08560
   -30.00  -0.29940  0.39228  0.08894
   -20.00  -0.33235  0.31608  0.12137
   -10.00  -0.13594  0.24694  0.05363
    -4.17  -0.03035  0.20669  -0.05691
    -3.17  0.01780  0.20665  -0.05775
    -2.12  0.06764  0.20661  -0.05843
    -1.08  0.11790  0.20661  -0.05919
    -0.05  0.16774  0.20665  -0.05961
    -0.02  0.16785  0.20665  -0.05961
     1.16  0.22673  0.20674  -0.06016
     2.31  0.28218  0.20681  -0.06062
     3.47  0.33782  0.20696  -0.06094
     4.62  0.39170  0.20708  -0.06086
     5.78  0.44386  0.20723  -0.06048
     6.94  0.49332  0.20750  -0.05957
     8.09  0.53393  0.20779  -0.05708
    10.71  0.55239  0.21314  -0.04437
    13.33  0.48347  0.25052  -0.04099
    15.95  0.46686  0.27367  -0.04458
    18.57  0.47752  0.29672  -0.05017
    21.19  0.47487  0.32565  -0.05926
    23.81  0.46069  0.34560  -0.07082
    26.43  0.44651  0.36554  -0.08238
    29.05  0.43233  0.38548  -0.09394
    31.67  0.42226  0.40827  -0.10244
    34.28  0.41432  0.43252  -0.10937
    36.90  0.40638  0.45677  -0.11630
    39.52  0.39844  0.48102  -0.12322
    42.14  0.38803  0.50641  -0.12916
    44.76  0.37711  0.53203  -0.13490
    47.38  0.36619  0.55765  -0.14063
    50.00  0.35527  0.58327  -0.14637
    60.00  0.29149  0.67417  -0.16592
    70.00  0.20617  0.74631  -0.18294
    80.00  0.10565  0.79036  -0.19692
    90.00  0.00006  0.80024  -0.20698
   100.00  -0.07386  0.79036  -0.21530
   110.00  -0.14439  0.74631  -0.21686
   120.00  -0.20395  0.67417  -0.21289
   130.00  -0.24872  0.58327  -0.20609
   140.00  -0.27786  0.48516  -0.20047
   150.00  -0.29940  0.39228  -0.20381
   160.00  -0.33319  0.31617  -0.23658
   170.00  -0.16636  0.26637  -0.21124
   180.00  0.00006  0.24901  -0.00006
EOT
