AeroDyn airfoil file.  Compatible with AeroDyn v13.0.
Interpolated thickness: 0.702

  1        Number of airfoil tables in this file
  9990     Reynolds number in millions.  For efficiency, make very large if only one table.
  0        Control setting
  10.7059  Stall angle (deg)
  -3.22295 Zero lift angle of attack (deg)
  2.79843  Cn slope for zero lift (dimensionless)
  0.680309 Cn at stall value for positive angle of attack
  -0.8     Cn at stall value for negative angle of attack
  -2.12    Angle of attack for minimum CD (deg)
  0.21688  Minimum CD value
  -180.00  0.00006  0.25625  -0.00006
  -170.00  0.15455  0.27236  0.15678
  -160.00  0.30943  0.31859  -0.05621
  -150.00  0.27806  0.38925  -0.02476
  -140.00  0.25807  0.47547  -0.00284
  -130.00  0.23101  0.56656  0.01837
  -120.00  0.18945  0.65094  0.03942
  -110.00  0.13416  0.71791  0.05895
  -100.00  0.06868  0.75881  0.07495
   -90.00  0.00006  0.76798  0.08546
   -80.00  -0.06856  0.75881  0.09322
   -70.00  -0.13404  0.71791  0.09463
   -60.00  -0.18933  0.65094  0.09099
   -50.00  -0.23089  0.56656  0.08463
   -40.00  -0.25794  0.47547  0.07946
   -30.00  -0.27794  0.38925  0.08256
   -20.00  -0.30853  0.31851  0.11267
   -10.00  -0.12620  0.25433  0.04978
    -4.17  -0.02817  0.21696  -0.05284
    -3.17  0.01653  0.21692  -0.05362
    -2.12  0.06280  0.21688  -0.05425
    -1.08  0.10946  0.21688  -0.05496
    -0.05  0.15573  0.21692  -0.05535
    -0.02  0.15583  0.21692  -0.05535
     1.16  0.21049  0.21701  -0.05585
     2.31  0.26197  0.21707  -0.05628
     3.47  0.31362  0.21721  -0.05658
     4.62  0.36364  0.21732  -0.05650
     5.78  0.41207  0.21746  -0.05615
     6.93  0.45798  0.21771  -0.05531
     8.09  0.49568  0.21798  -0.05300
    10.71  0.51282  0.22295  -0.04120
    13.33  0.44884  0.25765  -0.03806
    15.95  0.43342  0.27914  -0.04139
    18.56  0.44331  0.30054  -0.04658
    21.18  0.44085  0.32740  -0.05503
    23.80  0.42769  0.34591  -0.06576
    26.42  0.41452  0.36443  -0.07649
    29.04  0.40136  0.38294  -0.08722
    31.66  0.39201  0.40409  -0.09511
    34.28  0.38464  0.42661  -0.10154
    36.90  0.37727  0.44912  -0.10797
    39.52  0.36990  0.47164  -0.11440
    42.14  0.36023  0.49521  -0.11991
    44.76  0.35009  0.51899  -0.12524
    47.38  0.33996  0.54277  -0.13056
    50.00  0.32982  0.56656  -0.13589
    60.00  0.27061  0.65094  -0.15404
    70.00  0.19141  0.71791  -0.16984
    80.00  0.09809  0.75881  -0.18282
    90.00  0.00006  0.76798  -0.19215
   100.00  -0.06856  0.75881  -0.19988
   110.00  -0.13404  0.71791  -0.20133
   120.00  -0.18933  0.65094  -0.19764
   130.00  -0.23089  0.56656  -0.19133
   140.00  -0.25794  0.47547  -0.18611
   150.00  -0.27794  0.38925  -0.18921
   160.00  -0.30931  0.31859  -0.21964
   170.00  -0.15443  0.27236  -0.19611
   180.00  0.00006  0.25625  -0.00006
EOT
