AeroDyn airfoil file.  Compatible with AeroDyn v13.0.
Interpolated thickness: 0.358

  1        Number of airfoil tables in this file
  9990     Reynolds number in millions.  For efficiency, make very large if only one table.
  0        Control setting
  10.7992  Stall angle (deg)
  -3.5289  Zero lift angle of attack (deg)
  5.52724  Cn slope for zero lift (dimensionless)
  1.38221  Cn at stall value for positive angle of attack
  -0.8     Cn at stall value for negative angle of attack
  -2.12    Angle of attack for minimum CD (deg)
  0.0632118 Minimum CD value
  -180.00  0.00002  0.14802  -0.00002
  -170.00  0.33284  0.18274  0.33788
  -160.00  0.66651  0.28234  -0.12098
  -150.00  0.59893  0.43456  -0.05323
  -140.00  0.55585  0.62032  -0.00601
  -130.00  0.49757  0.81655  0.03969
  -120.00  0.40802  0.99834  0.08505
  -110.00  0.28892  1.14262  0.12712
  -100.00  0.14784  1.23072  0.16158
   -90.00  0.00002  1.25049  0.18422
   -80.00  -0.14781  1.23072  0.20095
   -70.00  -0.28888  1.14262  0.20399
   -60.00  -0.40799  0.99834  0.19613
   -50.00  -0.49753  0.81655  0.18245
   -40.00  -0.55582  0.62032  0.17130
   -30.00  -0.59890  0.43456  0.17797
   -20.00  -0.66479  0.28217  0.24285
   -10.00  -0.27199  0.14388  0.10735
    -4.17  -0.06081  0.06338  -0.11372
    -3.17  0.03549  0.06330  -0.11541
    -2.12  0.13517  0.06321  -0.11676
    -1.08  0.23570  0.06321  -0.11828
    -0.05  0.33538  0.06330  -0.11912
    -0.04  0.33561  0.06330  -0.11913
     1.17  0.45336  0.06348  -0.12021
     2.34  0.56427  0.06363  -0.12114
     3.51  0.67553  0.06392  -0.12177
     4.68  0.78330  0.06416  -0.12161
     5.85  0.88763  0.06447  -0.12085
     7.02  0.98654  0.06500  -0.11905
     8.19  1.06776  0.06558  -0.11406
    10.80  1.10468  0.07628  -0.08864
    13.41  0.96685  0.15105  -0.08187
    16.03  0.93363  0.19733  -0.08906
    18.64  0.95494  0.24344  -0.10023
    21.25  0.94964  0.30131  -0.11843
    23.87  0.92128  0.34119  -0.14155
    26.48  0.89292  0.38108  -0.16466
    29.09  0.86456  0.42096  -0.18778
    31.71  0.84442  0.46653  -0.20479
    34.32  0.82854  0.51504  -0.21864
    36.93  0.81266  0.56354  -0.23249
    39.55  0.79677  0.61205  -0.24635
    42.16  0.77595  0.66282  -0.25822
    44.77  0.75411  0.71407  -0.26969
    47.39  0.73228  0.76531  -0.28116
    50.00  0.71044  0.81655  -0.29263
    60.00  0.58288  0.99834  -0.33174
    70.00  0.41225  1.14262  -0.36579
    80.00  0.21120  1.23072  -0.39375
    90.00  0.00002  1.25049  -0.41385
   100.00  -0.14781  1.23072  -0.43049
   110.00  -0.28888  1.14262  -0.43362
   120.00  -0.40799  0.99834  -0.42568
   130.00  -0.49753  0.81655  -0.41208
   140.00  -0.55582  0.62032  -0.40084
   150.00  -0.59890  0.43456  -0.40752
   160.00  -0.66648  0.28234  -0.47307
   170.00  -0.33281  0.18274  -0.42238
   180.00  0.00002  0.14802  -0.00002
EOT
