AeroDyn airfoil file.  Compatible with AeroDyn v13.0.
Interpolated thickness: 0.451

  1        Number of airfoil tables in this file
  9990     Reynolds number in millions.  For efficiency, make very large if only one table.
  0        Control setting
  10.774   Stall angle (deg)
  -3.47153 Zero lift angle of attack (deg)
  4.79958  Cn slope for zero lift (dimensionless)
  1.19332  Cn at stall value for positive angle of attack
  -0.8     Cn at stall value for negative angle of attack
  -2.12    Angle of attack for minimum CD (deg)
  0.104756 Minimum CD value
  -180.00  0.00003  0.17728  -0.00003
  -170.00  0.28464  0.20697  0.28892
  -160.00  0.56998  0.29214  -0.10347
  -150.00  0.51219  0.42231  -0.04554
  -140.00  0.47535  0.58116  -0.00516
  -130.00  0.42550  0.74896  0.03392
  -120.00  0.34893  0.90442  0.07271
  -110.00  0.24708  1.02780  0.10869
  -100.00  0.12644  1.10314  0.13816
   -90.00  0.00003  1.12004  0.15752
   -80.00  -0.12639  1.10314  0.17182
   -70.00  -0.24702  1.02780  0.17442
   -60.00  -0.34888  0.90442  0.16771
   -50.00  -0.42545  0.74896  0.15600
   -40.00  -0.47529  0.58116  0.14647
   -30.00  -0.51213  0.42231  0.15218
   -20.00  -0.56848  0.29199  0.20765
   -10.00  -0.23257  0.17374  0.09179
    -4.17  -0.05198  0.10490  -0.09726
    -3.17  0.03037  0.10483  -0.09870
    -2.12  0.11561  0.10476  -0.09986
    -1.08  0.20157  0.10476  -0.10116
    -0.05  0.28681  0.10483  -0.10188
    -0.03  0.28701  0.10483  -0.10188
     1.17  0.38770  0.10499  -0.10281
     2.33  0.48254  0.10511  -0.10360
     3.50  0.57769  0.10536  -0.10415
     4.66  0.66984  0.10556  -0.10401
     5.83  0.75906  0.10583  -0.10336
     6.99  0.84365  0.10628  -0.10182
     8.16  0.91310  0.10678  -0.09755
    10.77  0.94467  0.11593  -0.07582
    13.39  0.82681  0.17987  -0.07003
    16.00  0.79840  0.21945  -0.07617
    18.62  0.81662  0.25887  -0.08573
    21.23  0.81209  0.30836  -0.10129
    23.85  0.78784  0.34247  -0.12106
    26.46  0.76358  0.37658  -0.14082
    29.08  0.73933  0.41068  -0.16059
    31.69  0.72211  0.44965  -0.17514
    34.31  0.70853  0.49113  -0.18698
    36.92  0.69495  0.53261  -0.19883
    39.54  0.68137  0.57409  -0.21067
    42.15  0.66356  0.61751  -0.22083
    44.77  0.64489  0.66133  -0.23064
    47.38  0.62621  0.70515  -0.24045
    50.00  0.60754  0.74896  -0.25026
    60.00  0.49846  0.90442  -0.28370
    70.00  0.35254  1.02780  -0.31281
    80.00  0.18062  1.10314  -0.33672
    90.00  0.00003  1.12004  -0.35392
   100.00  -0.12639  1.10314  -0.36815
   110.00  -0.24702  1.02780  -0.37082
   120.00  -0.34888  0.90442  -0.36403
   130.00  -0.42545  0.74896  -0.35240
   140.00  -0.47529  0.58116  -0.34279
   150.00  -0.51213  0.42231  -0.34850
   160.00  -0.56992  0.29214  -0.40455
   170.00  -0.28459  0.20697  -0.36121
   180.00  0.00003  0.17728  -0.00003
EOT
