AeroDyn airfoil file.  Compatible with AeroDyn v13.0.
Interpolated thickness: 0.569

  1        Number of airfoil tables in this file
  9990     Reynolds number in millions.  For efficiency, make very large if only one table.
  0        Control setting
  10.742   Stall angle (deg)
  -3.37932 Zero lift angle of attack (deg)
  3.86563  Cn slope for zero lift (dimensionless)
  0.952735 Cn at stall value for positive angle of attack
  -0.8     Cn at stall value for negative angle of attack
  -2.12    Angle of attack for minimum CD (deg)
  0.157468 Minimum CD value
  -180.00  0.00004  0.21441  -0.00004
  -170.00  0.22348  0.23771  0.22680
  -160.00  0.44749  0.30457  -0.08125
  -150.00  0.40212  0.40677  -0.03577
  -140.00  0.37320  0.53147  -0.00407
  -130.00  0.33407  0.66321  0.02661
  -120.00  0.27396  0.78525  0.05706
  -110.00  0.19399  0.88211  0.08531
  -100.00  0.09929  0.94126  0.10844
   -90.00  0.00004  0.95453  0.12364
   -80.00  -0.09920  0.94126  0.13487
   -70.00  -0.19391  0.88211  0.13691
   -60.00  -0.27387  0.78525  0.13164
   -50.00  -0.33398  0.66321  0.12245
   -40.00  -0.37311  0.53147  0.11497
   -30.00  -0.40203  0.40677  0.11945
   -20.00  -0.44627  0.30446  0.16300
   -10.00  -0.18256  0.21163  0.07204
    -4.17  -0.04079  0.15758  -0.07638
    -3.17  0.02386  0.15752  -0.07751
    -2.12  0.09078  0.15747  -0.07842
    -1.08  0.15827  0.15747  -0.07944
    -0.05  0.22518  0.15752  -0.08001
    -0.03  0.22534  0.15752  -0.08001
     1.16  0.30439  0.15765  -0.08073
     2.32  0.37885  0.15775  -0.08136
     3.48  0.45355  0.15794  -0.08178
     4.64  0.52589  0.15810  -0.08168
     5.80  0.59593  0.15831  -0.08117
     6.96  0.66234  0.15867  -0.07995
     8.12  0.71686  0.15906  -0.07660
    10.74  0.74165  0.16624  -0.05954
    13.36  0.64912  0.21643  -0.05500
    15.98  0.62681  0.24751  -0.05982
    18.59  0.64112  0.27846  -0.06732
    21.21  0.63756  0.31731  -0.07954
    23.83  0.61852  0.34409  -0.09506
    26.45  0.59948  0.37086  -0.11058
    29.06  0.58044  0.39764  -0.12610
    31.68  0.56693  0.42823  -0.13751
    34.30  0.55626  0.46080  -0.14681
    36.91  0.54560  0.49336  -0.15611
    39.53  0.53494  0.52592  -0.16541
    42.15  0.52096  0.56001  -0.17339
    44.77  0.50630  0.59441  -0.18109
    47.38  0.49164  0.62881  -0.18879
    50.00  0.47698  0.66321  -0.19649
    60.00  0.39135  0.78525  -0.22275
    70.00  0.27679  0.88211  -0.24560
    80.00  0.14182  0.94126  -0.26437
    90.00  0.00004  0.95453  -0.27787
   100.00  -0.09920  0.94126  -0.28904
   110.00  -0.19391  0.88211  -0.29114
   120.00  -0.27387  0.78525  -0.28581
   130.00  -0.33398  0.66321  -0.27668
   140.00  -0.37311  0.53147  -0.26913
   150.00  -0.40203  0.40677  -0.27361
   160.00  -0.44740  0.30457  -0.31762
   170.00  -0.22340  0.23771  -0.28360
   180.00  0.00004  0.21441  -0.00004
EOT
