AeroDyn airfoil file.  Compatible with AeroDyn v13.0.
Interpolated thickness: 0.618

  1        Number of airfoil tables in this file
  9990     Reynolds number in millions.  For efficiency, make very large if only one table.
  0        Control setting
  10.7287  Stall angle (deg)
  -3.33073 Zero lift angle of attack (deg)
  3.47426  Cn slope for zero lift (dimensionless)
  0.852523 Cn at stall value for positive angle of attack
  -0.8     Cn at stall value for negative angle of attack
  -2.12    Angle of attack for minimum CD (deg)
  0.179357 Minimum CD value
  -180.00  0.00005  0.22982  -0.00005
  -170.00  0.19809  0.25048  0.20100
  -160.00  0.39663  0.30974  -0.07203
  -150.00  0.35642  0.40031  -0.03172
  -140.00  0.33078  0.51084  -0.00362
  -130.00  0.29610  0.62760  0.02357
  -120.00  0.24282  0.73577  0.05057
  -110.00  0.17195  0.82162  0.07560
  -100.00  0.08801  0.87404  0.09610
   -90.00  0.00005  0.88581  0.10957
   -80.00  -0.08791  0.87404  0.11953
   -70.00  -0.17185  0.82162  0.12134
   -60.00  -0.24272  0.73577  0.11666
   -50.00  -0.29600  0.62760  0.10852
   -40.00  -0.33068  0.51084  0.10188
   -30.00  -0.35632  0.40031  0.10585
   -20.00  -0.39552  0.30964  0.14446
   -10.00  -0.16180  0.22736  0.06383
    -4.17  -0.03614  0.17946  -0.06770
    -3.17  0.02116  0.17941  -0.06871
    -2.12  0.08047  0.17936  -0.06951
    -1.08  0.14028  0.17936  -0.07042
    -0.05  0.19959  0.17941  -0.07092
    -0.02  0.19973  0.17941  -0.07092
     1.16  0.26980  0.17952  -0.07157
     2.32  0.33579  0.17961  -0.07212
     3.48  0.40199  0.17978  -0.07250
     4.63  0.46612  0.17992  -0.07240
     5.79  0.52819  0.18011  -0.07195
     6.95  0.58705  0.18042  -0.07087
     8.11  0.63538  0.18076  -0.06791
    10.73  0.65734  0.18713  -0.05278
    13.35  0.57533  0.23162  -0.04876
    15.96  0.55556  0.25916  -0.05303
    18.58  0.56824  0.28659  -0.05968
    21.20  0.56509  0.32103  -0.07051
    23.82  0.54821  0.34476  -0.08426
    26.44  0.53134  0.36849  -0.09802
    29.06  0.51446  0.39222  -0.11177
    31.67  0.50248  0.41934  -0.12189
    34.29  0.49303  0.44820  -0.13013
    36.91  0.48358  0.47706  -0.13838
    39.53  0.47413  0.50592  -0.14662
    42.15  0.46174  0.53614  -0.15369
    44.76  0.44875  0.56662  -0.16051
    47.38  0.43576  0.59711  -0.16734
    50.00  0.42276  0.62760  -0.17416
    60.00  0.34687  0.73577  -0.19743
    70.00  0.24533  0.82162  -0.21769
    80.00  0.12571  0.87404  -0.23433
    90.00  0.00005  0.88581  -0.24629
   100.00  -0.08791  0.87404  -0.25619
   110.00  -0.17185  0.82162  -0.25805
   120.00  -0.24272  0.73577  -0.25333
   130.00  -0.29600  0.62760  -0.24523
   140.00  -0.33068  0.51084  -0.23855
   150.00  -0.35632  0.40031  -0.24252
   160.00  -0.39653  0.30974  -0.28152
   170.00  -0.19799  0.25048  -0.25137
   180.00  0.00005  0.22982  -0.00005
EOT
