AeroDyn airfoil file.  Compatible with AeroDyn v13.0.
Interpolated thickness: 0.378

  1        Number of airfoil tables in this file
  9990     Reynolds number in millions.  For efficiency, make very large if only one table.
  0        Control setting
  10.7938  Stall angle (deg)
  -3.51738 Zero lift angle of attack (deg)
  5.37138  Cn slope for zero lift (dimensionless)
  1.34165  Cn at stall value for positive angle of attack
  -0.8     Cn at stall value for negative angle of attack
  -2.12    Angle of attack for minimum CD (deg)
  0.0721461 Minimum CD value
  -180.00  0.00002  0.15432  -0.00002
  -170.00  0.32248  0.18795  0.32735
  -160.00  0.64575  0.28444  -0.11722
  -150.00  0.58028  0.43192  -0.05158
  -140.00  0.53854  0.61189  -0.00583
  -130.00  0.48207  0.80201  0.03845
  -120.00  0.39532  0.97814  0.08240
  -110.00  0.27992  1.11792  0.12315
  -100.00  0.14324  1.20329  0.15655
   -90.00  0.00002  1.22244  0.17848
   -80.00  -0.14321  1.20329  0.19468
   -70.00  -0.27988  1.11792  0.19763
   -60.00  -0.39528  0.97814  0.19002
   -50.00  -0.48203  0.80201  0.17676
   -40.00  -0.53850  0.61189  0.16596
   -30.00  -0.58024  0.43192  0.17242
   -20.00  -0.64408  0.28428  0.23528
   -10.00  -0.26351  0.15031  0.10400
    -4.17  -0.05891  0.07231  -0.11018
    -3.17  0.03439  0.07223  -0.11181
    -2.12  0.13097  0.07215  -0.11312
    -1.08  0.22836  0.07215  -0.11460
    -0.05  0.32493  0.07223  -0.11542
    -0.04  0.32516  0.07223  -0.11542
     1.17  0.43924  0.07241  -0.11647
     2.34  0.54669  0.07255  -0.11737
     3.51  0.65449  0.07283  -0.11798
     4.67  0.75890  0.07306  -0.11783
     5.84  0.85998  0.07336  -0.11709
     7.01  0.95581  0.07388  -0.11534
     8.18  1.03450  0.07444  -0.11051
    10.79  1.07026  0.08481  -0.08589
    13.41  0.93673  0.15724  -0.07933
    16.02  0.90454  0.20209  -0.08629
    18.64  0.92519  0.24676  -0.09711
    21.25  0.92006  0.30283  -0.11474
    23.86  0.89258  0.34147  -0.13714
    26.48  0.86510  0.38011  -0.15954
    29.09  0.83763  0.41875  -0.18193
    31.70  0.81812  0.46290  -0.19841
    34.32  0.80273  0.50990  -0.21183
    36.93  0.78734  0.55689  -0.22525
    39.55  0.77196  0.60389  -0.23867
    42.16  0.75178  0.65308  -0.25018
    44.77  0.73062  0.70272  -0.26129
    47.39  0.70947  0.75237  -0.27241
    50.00  0.68831  0.80201  -0.28352
    60.00  0.56473  0.97814  -0.32141
    70.00  0.39941  1.11792  -0.35439
    80.00  0.20462  1.20329  -0.38148
    90.00  0.00002  1.22244  -0.40096
   100.00  -0.14321  1.20329  -0.41709
   110.00  -0.27988  1.11792  -0.42011
   120.00  -0.39528  0.97814  -0.41242
   130.00  -0.48203  0.80201  -0.39924
   140.00  -0.53850  0.61189  -0.38836
   150.00  -0.58024  0.43192  -0.39482
   160.00  -0.64572  0.28444  -0.45833
   170.00  -0.32244  0.18795  -0.40923
   180.00  0.00002  0.15432  -0.00002
EOT
