AeroDyn airfoil file.  Compatible with AeroDyn v13.0.
Interpolated thickness: 0.205

  1        Number of airfoil tables in this file
  9990     Reynolds number in millions.  For efficiency, make very large if only one table.
  0        Control setting
  14.904   Stall angle (deg)
  -4.51087 Zero lift angle of attack (deg)
  6.31751  Cn slope for zero lift (dimensionless)
  2.14071  Cn at stall value for positive angle of attack
  -0.8     Cn at stall value for negative angle of attack
  -3.02    Angle of attack for minimum CD (deg)
  0.00864286 Minimum CD value
  -180.00  0.00000  0.15095  0.00000
  -170.00  0.39750  0.19140  0.40000
  -160.00  0.79600  0.30750  -0.14040
  -150.00  0.71000  0.48475  -0.06245
  -140.00  0.65900  0.70065  -0.00700
  -130.00  0.58950  0.92800  0.04665
  -120.00  0.48350  1.13750  0.09940
  -110.00  0.34200  1.30200  0.14750
  -100.00  0.17500  1.39955  0.18605
   -90.00  0.00000  1.41600  0.21010
   -80.00  -0.17500  1.39955  0.23055
   -70.00  -0.34200  1.30200  0.23490
   -60.00  -0.48350  1.13750  0.22620
   -50.00  -0.58950  0.92800  0.21030
   -40.00  -0.65900  0.70065  0.19680
   -30.00  -0.71000  0.48475  0.20335
   -20.00  -0.79450  0.30725  0.27855
   -10.00  -0.29300  0.10535  0.08940
    -6.04  -0.11259  0.02548  -0.09823
    -5.04  -0.02915  0.01586  -0.12592
    -4.09  0.04706  0.00865  -0.14673
    -3.02  0.16543  0.00864  -0.14836
    -2.02  0.27472  0.00865  -0.14944
    -1.03  0.38386  0.00870  -0.15047
    -0.02  0.49414  0.00885  -0.15145
     1.02  0.61108  0.00907  -0.15192
     2.04  0.72351  0.00934  -0.15261
     3.07  0.83508  0.00970  -0.15329
     4.09  0.94235  0.01003  -0.15255
     5.11  1.04648  0.01051  -0.15125
     6.13  1.13850  0.01105  -0.14785
     8.32  1.25059  0.01719  -0.13076
    10.52  1.26251  0.04634  -0.11696
    12.71  1.31016  0.08013  -0.11375
    14.90  1.32100  0.12029  -0.11210
    17.10  1.23673  0.21077  -0.12509
    19.29  1.18981  0.27824  -0.13717
    21.48  1.12537  0.33393  -0.16482
    23.68  1.09673  0.37286  -0.18694
    25.87  1.06809  0.41179  -0.20907
    28.07  1.03945  0.45071  -0.23119
    30.26  1.01420  0.49199  -0.25080
    32.45  0.99626  0.53802  -0.26553
    34.65  0.98036  0.58534  -0.27900
    36.84  0.96445  0.63265  -0.29246
    39.03  0.94854  0.67997  -0.30593
    41.23  0.92928  0.72873  -0.31809
    43.42  0.90734  0.77855  -0.32927
    45.61  0.88539  0.82837  -0.34045
    47.81  0.86345  0.87818  -0.35162
    50.00  0.84150  0.92800  -0.36280
    60.00  0.69050  1.13750  -0.40770
    70.00  0.48850  1.30200  -0.44615
    80.00  0.25000  1.39955  -0.47685
    90.00  0.00000  1.41600  -0.49790
   100.00  -0.17500  1.39955  -0.51830
   110.00  -0.34200  1.30200  -0.52270
   120.00  -0.48350  1.13750  -0.51395
   130.00  -0.58950  0.92800  -0.49810
   140.00  -0.65900  0.70065  -0.48455
   150.00  -0.71000  0.48475  -0.49110
   160.00  -0.79600  0.30750  -0.56685
   170.00  -0.39750  0.19140  -0.50000
   180.00  0.00000  0.15095  0.00000
EOT
