AeroDyn airfoil file.  Compatible with AeroDyn v13.0.
Interpolated thickness: 0.431

  1        Number of airfoil tables in this file
  9990     Reynolds number in millions.  For efficiency, make very large if only one table.
  0        Control setting
  10.7794  Stall angle (deg)
  -3.48475 Zero lift angle of attack (deg)
  4.95668  Cn slope for zero lift (dimensionless)
  1.234    Cn at stall value for positive angle of attack
  -0.8     Cn at stall value for negative angle of attack
  -2.12    Angle of attack for minimum CD (deg)
  0.0958217 Minimum CD value
  -180.00  0.00003  0.17099  -0.00003
  -170.00  0.29501  0.20176  0.29945
  -160.00  0.59074  0.29003  -0.10724
  -150.00  0.53084  0.42494  -0.04719
  -140.00  0.49266  0.58958  -0.00534
  -130.00  0.44100  0.76350  0.03516
  -120.00  0.36164  0.92462  0.07537
  -110.00  0.25608  1.05249  0.11265
  -100.00  0.13104  1.13058  0.14320
   -90.00  0.00003  1.14810  0.16326
   -80.00  -0.13099  1.13058  0.17809
   -70.00  -0.25602  1.05249  0.18078
   -60.00  -0.36159  0.92462  0.17382
   -50.00  -0.44095  0.76350  0.16169
   -40.00  -0.49261  0.58958  0.15181
   -30.00  -0.53079  0.42494  0.15772
   -20.00  -0.58919  0.28988  0.21522
   -10.00  -0.24105  0.16732  0.09513
    -4.17  -0.05388  0.09597  -0.10080
    -3.17  0.03147  0.09590  -0.10230
    -2.12  0.11981  0.09582  -0.10349
    -1.08  0.20891  0.09582  -0.10484
    -0.05  0.29725  0.09590  -0.10559
    -0.04  0.29746  0.09590  -0.10559
     1.17  0.40182  0.09606  -0.10655
     2.33  0.50012  0.09619  -0.10737
     3.50  0.59873  0.09645  -0.10794
     4.67  0.69424  0.09666  -0.10780
     5.83  0.78671  0.09694  -0.10712
     7.00  0.87438  0.09741  -0.10552
     8.16  0.94636  0.09792  -0.10110
    10.78  0.97908  0.10740  -0.07858
    13.39  0.85692  0.17367  -0.07258
    16.01  0.82748  0.21469  -0.07894
    18.62  0.84636  0.25555  -0.08885
    21.24  0.84167  0.30685  -0.10497
    23.85  0.81653  0.34220  -0.12546
    26.47  0.79140  0.37755  -0.14595
    29.08  0.76626  0.41289  -0.16644
    31.70  0.74842  0.45328  -0.18151
    34.31  0.73434  0.49627  -0.19379
    36.93  0.72026  0.53926  -0.20607
    39.54  0.70619  0.58225  -0.21835
    42.16  0.68773  0.62725  -0.22887
    44.77  0.66838  0.67267  -0.23904
    47.39  0.64902  0.71808  -0.24920
    50.00  0.62967  0.76350  -0.25937
    60.00  0.51662  0.92462  -0.29403
    70.00  0.36538  1.05249  -0.32421
    80.00  0.18720  1.13058  -0.34899
    90.00  0.00003  1.14810  -0.36681
   100.00  -0.13099  1.13058  -0.38155
   110.00  -0.25602  1.05249  -0.38432
   120.00  -0.36159  0.92462  -0.37729
   130.00  -0.44095  0.76350  -0.36523
   140.00  -0.49261  0.58958  -0.35528
   150.00  -0.53079  0.42494  -0.36119
   160.00  -0.59069  0.29003  -0.41929
   170.00  -0.29496  0.20176  -0.37437
   180.00  0.00003  0.17099  -0.00003
EOT
