AeroDyn airfoil file.  Compatible with AeroDyn v13.0.
Interpolated thickness: 0.825

  1        Number of airfoil tables in this file
  9990     Reynolds number in millions.  For efficiency, make very large if only one table.
  0        Control setting
  10.6725  Stall angle (deg)
  -3.02224 Zero lift angle of attack (deg)
  1.77267  Cn slope for zero lift (dimensionless)
  0.4237   Cn at stall value for positive angle of attack
  -0.8     Cn at stall value for negative angle of attack
  -2.12    Angle of attack for minimum CD (deg)
  0.271826 Minimum CD value
  -180.00  0.00008  0.29494  -0.00008
  -170.00  0.09080  0.30441  0.09203
  -160.00  0.18175  0.33156  -0.03305
  -150.00  0.16333  0.37305  -0.01458
  -140.00  0.15159  0.42368  -0.00171
  -130.00  0.13570  0.47717  0.01075
  -120.00  0.11129  0.52673  0.02311
  -110.00  0.07883  0.56606  0.03458
  -100.00  0.04037  0.59007  0.04397
   -90.00  0.00008  0.59546  0.05014
   -80.00  -0.04022  0.59007  0.05470
   -70.00  -0.07867  0.56606  0.05553
   -60.00  -0.11114  0.52673  0.05339
   -50.00  -0.13555  0.47717  0.04966
   -40.00  -0.15144  0.42368  0.04662
   -30.00  -0.16318  0.37305  0.04844
   -20.00  -0.18114  0.33151  0.06612
   -10.00  -0.07407  0.29382  0.02919
    -4.17  -0.01650  0.27187  -0.03107
    -3.17  0.00975  0.27185  -0.03153
    -2.12  0.03692  0.27183  -0.03190
    -1.08  0.06432  0.27183  -0.03231
    -0.05  0.09149  0.27185  -0.03254
    -0.01  0.09155  0.27185  -0.03254
     1.15  0.12365  0.27190  -0.03284
     2.30  0.15388  0.27194  -0.03309
     3.45  0.18421  0.27202  -0.03327
     4.60  0.21359  0.27208  -0.03322
     5.75  0.24203  0.27217  -0.03302
     6.90  0.26899  0.27231  -0.03252
     8.05  0.29113  0.27247  -0.03116
    10.67  0.30119  0.27539  -0.02424
    13.29  0.26362  0.29577  -0.02239
    15.92  0.25457  0.30839  -0.02435
    18.54  0.26037  0.32095  -0.02739
    21.16  0.25893  0.33673  -0.03235
    23.78  0.25120  0.34760  -0.03866
    26.40  0.24347  0.35847  -0.04496
    29.03  0.23574  0.36934  -0.05126
    31.65  0.23025  0.38176  -0.05589
    34.27  0.22592  0.39499  -0.05967
    36.89  0.22159  0.40821  -0.06345
    39.51  0.21726  0.42143  -0.06722
    42.13  0.21159  0.43527  -0.07046
    44.76  0.20563  0.44924  -0.07359
    47.38  0.19968  0.46321  -0.07671
    50.00  0.19373  0.47717  -0.07984
    60.00  0.15896  0.52673  -0.09050
    70.00  0.11245  0.56606  -0.09978
    80.00  0.05764  0.59007  -0.10740
    90.00  0.00008  0.59546  -0.11288
   100.00  -0.04022  0.59007  -0.11742
   110.00  -0.07867  0.56606  -0.11827
   120.00  -0.11114  0.52673  -0.11611
   130.00  -0.13555  0.47717  -0.11240
   140.00  -0.15144  0.42368  -0.10934
   150.00  -0.16318  0.37305  -0.11116
   160.00  -0.18160  0.33156  -0.12902
   170.00  -0.09065  0.30441  -0.11521
   180.00  0.00008  0.29494  -0.00008
EOT
