AeroDyn airfoil file.  Compatible with AeroDyn v13.0.
Interpolated thickness: 0.592

  1        Number of airfoil tables in this file
  9990     Reynolds number in millions.  For efficiency, make very large if only one table.
  0        Control setting
  10.7357  Stall angle (deg)
  -3.3575  Zero lift angle of attack (deg)
  3.68219  Cn slope for zero lift (dimensionless)
  0.90572  Cn at stall value for positive angle of attack
  -0.8     Cn at stall value for negative angle of attack
  -2.12    Angle of attack for minimum CD (deg)
  0.167742 Minimum CD value
  -180.00  0.00005  0.22164  -0.00005
  -170.00  0.21156  0.24371  0.21469
  -160.00  0.42361  0.30700  -0.07692
  -150.00  0.38067  0.40374  -0.03387
  -140.00  0.35329  0.52179  -0.00386
  -130.00  0.31625  0.64650  0.02519
  -120.00  0.25934  0.76203  0.05401
  -110.00  0.18365  0.85372  0.08075
  -100.00  0.09399  0.90971  0.10265
   -90.00  0.00005  0.92227  0.11704
   -80.00  -0.09390  0.90971  0.12767
   -70.00  -0.18355  0.85372  0.12960
   -60.00  -0.25925  0.76203  0.12461
   -50.00  -0.31615  0.64650  0.11591
   -40.00  -0.35320  0.52179  0.10883
   -30.00  -0.38057  0.40374  0.11307
   -20.00  -0.42245  0.30689  0.15430
   -10.00  -0.17282  0.21901  0.06819
    -4.17  -0.03861  0.16785  -0.07231
    -3.17  0.02259  0.16780  -0.07338
    -2.12  0.08594  0.16774  -0.07424
    -1.08  0.14983  0.16774  -0.07520
    -0.05  0.21317  0.16780  -0.07574
    -0.03  0.21332  0.16780  -0.07574
     1.16  0.28815  0.16791  -0.07643
     2.32  0.35864  0.16801  -0.07702
     3.48  0.42935  0.16819  -0.07742
     4.64  0.49783  0.16834  -0.07732
     5.80  0.56414  0.16854  -0.07684
     6.96  0.62700  0.16888  -0.07569
     8.12  0.67861  0.16925  -0.07252
    10.74  0.70207  0.17605  -0.05637
    13.35  0.61448  0.22356  -0.05207
    15.97  0.59337  0.25298  -0.05664
    18.59  0.60691  0.28228  -0.06374
    21.21  0.60354  0.31906  -0.07530
    23.82  0.58552  0.34440  -0.08999
    26.44  0.56750  0.36975  -0.10468
    29.06  0.54947  0.39510  -0.11937
    31.68  0.53668  0.42406  -0.13018
    34.29  0.52658  0.45488  -0.13899
    36.91  0.51649  0.48571  -0.14779
    39.53  0.50640  0.51654  -0.15659
    42.15  0.49316  0.54880  -0.16414
    44.76  0.47929  0.58137  -0.17143
    47.38  0.46541  0.61393  -0.17872
    50.00  0.45153  0.64650  -0.18601
    60.00  0.37047  0.76203  -0.21086
    70.00  0.26203  0.85372  -0.23250
    80.00  0.13426  0.90971  -0.25027
    90.00  0.00005  0.92227  -0.26305
   100.00  -0.09390  0.90971  -0.27362
   110.00  -0.18355  0.85372  -0.27561
   120.00  -0.25925  0.76203  -0.27056
   130.00  -0.31615  0.64650  -0.26192
   140.00  -0.35320  0.52179  -0.25478
   150.00  -0.38057  0.40374  -0.25902
   160.00  -0.42352  0.30700  -0.30068
   170.00  -0.21147  0.24371  -0.26847
   180.00  0.00005  0.22164  -0.00005
EOT
