AeroDyn airfoil file.  Compatible with AeroDyn v13.0.
Interpolated thickness: 0.784

  1        Number of airfoil tables in this file
  9990     Reynolds number in millions.  For efficiency, make very large if only one table.
  0        Control setting
  10.6836  Stall angle (deg)
  -3.06303 Zero lift angle of attack (deg)
  2.13265  Cn slope for zero lift (dimensionless)
  0.511674 Cn at stall value for positive angle of attack
  -0.8     Cn at stall value for negative angle of attack
  -2.12    Angle of attack for minimum CD (deg)
  0.253511 Minimum CD value
  -180.00  0.00007  0.28205  -0.00007
  -170.00  0.11205  0.29373  0.11361
  -160.00  0.22431  0.32723  -0.04077
  -150.00  0.20158  0.37845  -0.01798
  -140.00  0.18708  0.44095  -0.00209
  -130.00  0.16747  0.50697  0.01329
  -120.00  0.13735  0.56813  0.02855
  -110.00  0.09727  0.61667  0.04270
  -100.00  0.04981  0.64632  0.05430
   -90.00  0.00007  0.65297  0.06191
   -80.00  -0.04967  0.64632  0.06754
   -70.00  -0.09713  0.61667  0.06857
   -60.00  -0.13720  0.56813  0.06592
   -50.00  -0.16733  0.50697  0.06132
   -40.00  -0.18694  0.44095  0.05757
   -30.00  -0.20143  0.37845  0.05981
   -20.00  -0.22360  0.32718  0.08164
   -10.00  -0.09144  0.28065  0.03605
    -4.17  -0.02039  0.25357  -0.03833
    -3.17  0.01201  0.25354  -0.03889
    -2.12  0.04555  0.25351  -0.03935
    -1.08  0.07937  0.25351  -0.03986
    -0.05  0.11290  0.25354  -0.04015
    -0.01  0.11298  0.25354  -0.04015
     1.15  0.15260  0.25360  -0.04051
     2.30  0.18991  0.25365  -0.04082
     3.46  0.22735  0.25375  -0.04104
     4.61  0.26361  0.25383  -0.04098
     5.76  0.29871  0.25393  -0.04073
     6.91  0.33199  0.25411  -0.04012
     8.06  0.35931  0.25431  -0.03844
    10.68  0.37173  0.25791  -0.02989
    13.30  0.32536  0.28306  -0.02761
    15.93  0.31418  0.29864  -0.03003
    18.55  0.32135  0.31415  -0.03379
    21.17  0.31957  0.33362  -0.03991
    23.79  0.31003  0.34704  -0.04769
    26.41  0.30049  0.36046  -0.05547
    29.03  0.29094  0.37388  -0.06324
    31.65  0.28417  0.38921  -0.06897
    34.27  0.27883  0.40553  -0.07363
    36.89  0.27348  0.42185  -0.07829
    39.52  0.26814  0.43817  -0.08295
    42.14  0.26113  0.45525  -0.08694
    44.76  0.25379  0.47249  -0.09080
    47.38  0.24644  0.48973  -0.09466
    50.00  0.23909  0.50697  -0.09852
    60.00  0.19618  0.56813  -0.11168
    70.00  0.13877  0.61667  -0.12313
    80.00  0.07112  0.64632  -0.13254
    90.00  0.00007  0.65297  -0.13931
   100.00  -0.04967  0.64632  -0.14491
   110.00  -0.09713  0.61667  -0.14596
   120.00  -0.13720  0.56813  -0.14329
   130.00  -0.16733  0.50697  -0.13871
   140.00  -0.18694  0.44095  -0.13493
   150.00  -0.20143  0.37845  -0.13717
   160.00  -0.22417  0.32723  -0.15923
   170.00  -0.11191  0.29373  -0.14218
   180.00  0.00007  0.28205  -0.00007
EOT
