AeroDyn airfoil file.  Compatible with AeroDyn v13.0.
Interpolated thickness: 0.239

  1        Number of airfoil tables in this file
  9990     Reynolds number in millions.  For efficiency, make very large if only one table.
  0        Control setting
  10.2523  Stall angle (deg)
  -3.55907 Zero lift angle of attack (deg)
  6.50932  Cn slope for zero lift (dimensionless)
  1.56909  Cn at stall value for positive angle of attack
  -0.8     Cn at stall value for negative angle of attack
  -2.02    Angle of attack for minimum CD (deg)
  0.0104471 Minimum CD value
  -180.00  0.00000  0.11204  0.00000
  -170.00  0.39410  0.15313  0.40000
  -160.00  0.78920  0.27097  -0.14312
  -150.00  0.70903  0.45109  -0.06298
  -140.00  0.65803  0.67088  -0.00710
  -130.00  0.58901  0.90303  0.04699
  -120.00  0.48301  1.11807  0.10066
  -110.00  0.34200  1.28869  0.15041
  -100.00  0.17500  1.39280  0.19115
   -90.00  0.00000  1.41600  0.21787
   -80.00  -0.17500  1.39280  0.23769
   -70.00  -0.34200  1.28869  0.24131
   -60.00  -0.48301  1.11807  0.23203
   -50.00  -0.58901  0.90303  0.21584
   -40.00  -0.65803  0.67088  0.20263
   -30.00  -0.70903  0.45109  0.21049
   -20.00  -0.78721  0.27077  0.28724
   -10.00  -0.32117  0.10598  0.12602
    -6.04  -0.15106  0.04082  -0.05202
    -5.04  -0.10702  0.02466  -0.09641
    -4.09  -0.05974  0.01063  -0.13510
    -3.02  0.06190  0.01053  -0.13716
    -2.02  0.17439  0.01045  -0.13869
    -1.03  0.28756  0.01045  -0.14035
    -0.05  0.40004  0.01055  -0.14130
     1.36  0.56000  0.01079  -0.14274
     2.72  0.71233  0.01106  -0.14398
     4.08  0.86426  0.01145  -0.14455
     5.44  1.00781  0.01179  -0.14365
     6.80  1.14574  0.01245  -0.14161
     8.16  1.26041  0.01324  -0.13537
    10.25  1.30456  0.02175  -0.11088
    12.34  1.17429  0.07480  -0.09521
    14.44  1.13043  0.13494  -0.09995
    16.53  1.10567  0.18519  -0.10707
    18.62  1.13347  0.22348  -0.11882
    20.71  1.13256  0.28278  -0.13478
    22.80  1.10463  0.32107  -0.15683
    24.90  1.07772  0.35887  -0.17873
    26.99  1.05081  0.39668  -0.20063
    29.08  1.02390  0.43448  -0.22253
    31.17  1.00368  0.47691  -0.23946
    33.26  0.98855  0.52285  -0.25263
    35.36  0.97349  0.56883  -0.26576
    37.45  0.95842  0.61480  -0.27889
    39.54  0.94336  0.66078  -0.29201
    41.63  0.92388  0.70878  -0.30338
    43.72  0.90317  0.75734  -0.31425
    45.82  0.88245  0.80591  -0.32513
    47.91  0.86173  0.85447  -0.33600
    50.00  0.84101  0.90303  -0.34687
    60.00  0.69001  1.11807  -0.39313
    70.00  0.48801  1.28869  -0.43338
    80.00  0.25000  1.39280  -0.46641
    90.00  0.00000  1.41600  -0.49013
   100.00  -0.17500  1.39280  -0.50985
   110.00  -0.34200  1.28869  -0.51357
   120.00  -0.48301  1.11807  -0.50419
   130.00  -0.58901  0.90303  -0.48809
   140.00  -0.65803  0.67088  -0.47479
   150.00  -0.70903  0.45109  -0.48265
   160.00  -0.78920  0.27097  -0.56020
   170.00  -0.39410  0.15313  -0.50000
   180.00  0.00000  0.11204  0.00000
EOT
