AeroDyn airfoil file.  Compatible with AeroDyn v13.0.
Interpolated thickness: 0.231

  1        Number of airfoil tables in this file
  9990     Reynolds number in millions.  For efficiency, make very large if only one table.
  0        Control setting
  9.79844  Stall angle (deg)
  -3.77672 Zero lift angle of attack (deg)
  6.46929  Cn slope for zero lift (dimensionless)
  1.53278  Cn at stall value for positive angle of attack
  -0.8     Cn at stall value for negative angle of attack
  -2.02    Angle of attack for minimum CD (deg)
  0.0100243 Minimum CD value
  -180.00  0.00000  0.12120  0.00000
  -170.00  0.39490  0.16213  0.40000
  -160.00  0.79080  0.27957  -0.14248
  -150.00  0.70926  0.45901  -0.06286
  -140.00  0.65826  0.67788  -0.00707
  -130.00  0.58913  0.90891  0.04691
  -120.00  0.48313  1.12264  0.10037
  -110.00  0.34200  1.29182  0.14973
  -100.00  0.17500  1.39439  0.18995
   -90.00  0.00000  1.41600  0.21604
   -80.00  -0.17500  1.39439  0.23601
   -70.00  -0.34200  1.29182  0.23980
   -60.00  -0.48313  1.12264  0.23066
   -50.00  -0.58913  0.90891  0.21453
   -40.00  -0.65826  0.67788  0.20126
   -30.00  -0.70926  0.45901  0.20881
   -20.00  -0.78893  0.27936  0.28520
   -10.00  -0.31454  0.10583  0.11741
    -6.04  -0.14201  0.03721  -0.06289
    -5.04  -0.08870  0.02259  -0.10336
    -4.09  -0.03461  0.01017  -0.13784
    -3.02  0.08626  0.01009  -0.13979
    -2.02  0.19800  0.01002  -0.14122
    -1.03  0.31022  0.01004  -0.14273
    -0.04  0.42218  0.01015  -0.14369
     1.28  0.57202  0.01038  -0.14490
     2.56  0.71496  0.01065  -0.14601
     3.84  0.85739  0.01104  -0.14660
     5.12  0.99240  0.01137  -0.14574
     6.40  1.12239  0.01199  -0.14388
     7.68  1.23173  0.01272  -0.13830
     9.80  1.29186  0.02068  -0.11556
    11.91  1.19504  0.06810  -0.10032
    14.03  1.17272  0.12205  -0.10320
    16.15  1.15634  0.16992  -0.10826
    18.26  1.15777  0.22049  -0.12030
    20.38  1.14603  0.28172  -0.13534
    22.49  1.10951  0.32409  -0.15871
    24.61  1.08219  0.36216  -0.18066
    26.73  1.05488  0.40023  -0.20261
    28.84  1.02756  0.43830  -0.22457
    30.96  1.00615  0.48046  -0.24213
    33.07  0.99037  0.52642  -0.25566
    35.19  0.97510  0.57271  -0.26887
    37.30  0.95984  0.61900  -0.28208
    39.42  0.94458  0.66529  -0.29529
    41.54  0.92515  0.71347  -0.30684
    43.65  0.90415  0.76233  -0.31779
    45.77  0.88314  0.81119  -0.32873
    47.88  0.86213  0.86005  -0.33967
    50.00  0.84113  0.90891  -0.35062
    60.00  0.69013  1.12264  -0.39656
    70.00  0.48813  1.29182  -0.43638
    80.00  0.25000  1.39439  -0.46886
    90.00  0.00000  1.41600  -0.49196
   100.00  -0.17500  1.39439  -0.51184
   110.00  -0.34200  1.29182  -0.51572
   120.00  -0.48313  1.12264  -0.50648
   130.00  -0.58913  0.90891  -0.49045
   140.00  -0.65826  0.67788  -0.47708
   150.00  -0.70926  0.45901  -0.48464
   160.00  -0.79080  0.27957  -0.56176
   170.00  -0.39490  0.16213  -0.50000
   180.00  0.00000  0.12120  0.00000
EOT
