AeroDyn airfoil file.  Compatible with AeroDyn v13.0.
Interpolated thickness: 0.286

  1        Number of airfoil tables in this file
  9990     Reynolds number in millions.  For efficiency, make very large if only one table.
  0        Control setting
  10.8188  Stall angle (deg)
  -3.56753 Zero lift angle of attack (deg)
  6.08558  Cn slope for zero lift (dimensionless)
  1.52802  Cn at stall value for positive angle of attack
  -0.8     Cn at stall value for negative angle of attack
  -2.12    Angle of attack for minimum CD (deg)
  0.0310487 Minimum CD value
  -180.00  0.00001  0.12537  -0.00001
  -170.00  0.37016  0.16398  0.37578
  -160.00  0.74125  0.27475  -0.13454
  -150.00  0.66609  0.44404  -0.05919
  -140.00  0.61818  0.65063  -0.00668
  -130.00  0.55336  0.86887  0.04415
  -120.00  0.45377  1.07105  0.09460
  -110.00  0.32131  1.23151  0.14138
  -100.00  0.16441  1.32950  0.17972
   -90.00  0.00001  1.35148  0.20489
   -80.00  -0.16440  1.32950  0.22349
   -70.00  -0.32129  1.23151  0.22688
   -60.00  -0.45376  1.07105  0.21814
   -50.00  -0.55334  0.86887  0.20292
   -40.00  -0.61817  0.65063  0.19052
   -30.00  -0.66608  0.44404  0.19794
   -20.00  -0.73936  0.27456  0.27009
   -10.00  -0.30250  0.12077  0.11940
    -4.17  -0.06764  0.03124  -0.12646
    -3.17  0.03946  0.03114  -0.12834
    -2.12  0.15032  0.03105  -0.12984
    -1.08  0.26212  0.03105  -0.13153
    -0.05  0.37298  0.03114  -0.13247
    -0.04  0.37323  0.03114  -0.13247
     1.17  0.50419  0.03135  -0.13368
     2.34  0.62754  0.03151  -0.13471
     3.52  0.75128  0.03183  -0.13542
     4.69  0.87113  0.03210  -0.13524
     5.86  0.98716  0.03245  -0.13440
     7.03  1.09717  0.03304  -0.13239
     8.21  1.18750  0.03368  -0.12683
    10.82  1.22855  0.04558  -0.09857
    13.43  1.07527  0.12873  -0.09104
    16.04  1.03832  0.18021  -0.09904
    18.66  1.06202  0.23149  -0.11146
    21.27  1.05613  0.29585  -0.13170
    23.88  1.02459  0.34021  -0.15741
    26.49  0.99304  0.38456  -0.18312
    29.10  0.96150  0.42892  -0.20883
    31.72  0.93911  0.47960  -0.22774
    34.33  0.92145  0.53355  -0.24315
    36.94  0.90378  0.58749  -0.25856
    39.55  0.88612  0.64144  -0.27396
    42.16  0.86296  0.69791  -0.28717
    44.78  0.83868  0.75490  -0.29993
    47.39  0.81439  0.81188  -0.31268
    50.00  0.79010  0.86887  -0.32544
    60.00  0.64824  1.07105  -0.36894
    70.00  0.45847  1.23151  -0.40680
    80.00  0.23487  1.32950  -0.43789
    90.00  0.00001  1.35148  -0.46025
   100.00  -0.16440  1.32950  -0.47876
   110.00  -0.32129  1.23151  -0.48224
   120.00  -0.45376  1.07105  -0.47341
   130.00  -0.55334  0.86887  -0.45828
   140.00  -0.61817  0.65063  -0.44579
   150.00  -0.66608  0.44404  -0.45321
   160.00  -0.74124  0.27475  -0.52611
   170.00  -0.37015  0.16398  -0.46974
   180.00  0.00001  0.12537  -0.00001
EOT
