AeroDyn airfoil file.  Compatible with AeroDyn v13.0.
Interpolated thickness: 0.998

  1        Number of airfoil tables in this file
  9990     Reynolds number in millions.  For efficiency, make very large if only one table.
  0        Control setting
  10.6255  Stall angle (deg)
  -0.183742 Zero lift angle of attack (deg)
  0.366065 Cn slope for zero lift (dimensionless)
  0.069061 Cn at stall value for positive angle of attack
  -0.8     Cn at stall value for negative angle of attack
  -2.12    Angle of attack for minimum CD (deg)
  0.349107 Minimum CD value
  -180.00  0.00010  0.34937  -0.00010
  -170.00  0.00114  0.34948  0.00095
  -160.00  0.00218  0.34979  -0.00048
  -150.00  0.00197  0.35026  -0.00027
  -140.00  0.00183  0.35084  -0.00012
  -130.00  0.00165  0.35145  0.00002
  -120.00  0.00137  0.35202  0.00017
  -110.00  0.00100  0.35247  0.00030
  -100.00  0.00056  0.35274  0.00040
   -90.00  0.00010  0.35281  0.00047
   -80.00  -0.00036  0.35274  0.00053
   -70.00  -0.00080  0.35247  0.00054
   -60.00  -0.00117  0.35202  0.00051
   -50.00  -0.00145  0.35145  0.00047
   -40.00  -0.00163  0.35084  0.00043
   -30.00  -0.00177  0.35026  0.00045
   -20.00  -0.00197  0.34979  0.00066
   -10.00  -0.00075  0.34936  0.00023
    -4.17  -0.00009  0.34911  -0.00045
    -3.17  0.00021  0.34911  -0.00046
    -2.12  0.00052  0.34911  -0.00046
    -1.08  0.00083  0.34911  -0.00047
    -0.05  0.00114  0.34911  -0.00047
    -0.00  0.00115  0.34911  -0.00047
     1.14  0.00151  0.34911  -0.00047
     2.29  0.00186  0.34911  -0.00048
     3.43  0.00220  0.34911  -0.00048
     4.57  0.00254  0.34911  -0.00048
     5.71  0.00286  0.34911  -0.00048
     6.86  0.00317  0.34911  -0.00047
     8.00  0.00343  0.34911  -0.00046
    10.63  0.00354  0.34915  -0.00038
    13.25  0.00311  0.34938  -0.00035
    15.88  0.00301  0.34952  -0.00038
    18.50  0.00307  0.34967  -0.00041
    21.13  0.00306  0.34985  -0.00047
    23.75  0.00297  0.34997  -0.00054
    26.38  0.00288  0.35010  -0.00061
    29.00  0.00279  0.35022  -0.00068
    31.63  0.00273  0.35036  -0.00074
    34.25  0.00268  0.35051  -0.00078
    36.88  0.00263  0.35067  -0.00082
    39.50  0.00258  0.35082  -0.00087
    42.13  0.00252  0.35097  -0.00090
    44.75  0.00245  0.35113  -0.00094
    47.38  0.00238  0.35129  -0.00098
    50.00  0.00231  0.35145  -0.00101
    60.00  0.00192  0.35202  -0.00113
    70.00  0.00138  0.35247  -0.00124
    80.00  0.00076  0.35274  -0.00133
    90.00  0.00010  0.35281  -0.00139
   100.00  -0.00036  0.35274  -0.00144
   110.00  -0.00080  0.35247  -0.00145
   120.00  -0.00117  0.35202  -0.00143
   130.00  -0.00145  0.35145  -0.00138
   140.00  -0.00163  0.35084  -0.00135
   150.00  -0.00177  0.35026  -0.00137
   160.00  -0.00198  0.34979  -0.00157
   170.00  -0.00094  0.34948  -0.00142
   180.00  0.00010  0.34937  -0.00010
EOT
