AeroDyn airfoil file.  Compatible with AeroDyn v13.0.
Interpolated thickness: 0.888

  1        Number of airfoil tables in this file
  9990     Reynolds number in millions.  For efficiency, make very large if only one table.
  0        Control setting
  10.6554  Stall angle (deg)
  -2.71735 Zero lift angle of attack (deg)
  1.2626   Cn slope for zero lift (dimensionless)
  0.294689 Cn at stall value for positive angle of attack
  -0.8     Cn at stall value for negative angle of attack
  -2.12    Angle of attack for minimum CD (deg)
  0.299968 Minimum CD value
  -180.00  0.00009  0.31476  -0.00009
  -170.00  0.05815  0.32082  0.05886
  -160.00  0.11636  0.33820  -0.02119
  -150.00  0.10457  0.36475  -0.00937
  -140.00  0.09705  0.39716  -0.00113
  -130.00  0.08689  0.43139  0.00684
  -120.00  0.07126  0.46311  0.01475
  -110.00  0.05049  0.48828  0.02209
  -100.00  0.02587  0.50365  0.02811
   -90.00  0.00009  0.50709  0.03206
   -80.00  -0.02570  0.50365  0.03497
   -70.00  -0.05031  0.48828  0.03550
   -60.00  -0.07109  0.46311  0.03413
   -50.00  -0.08671  0.43139  0.03175
   -40.00  -0.09688  0.39716  0.02980
   -30.00  -0.10440  0.36475  0.03097
   -20.00  -0.11589  0.33817  0.04228
   -10.00  -0.04737  0.31404  0.01865
    -4.17  -0.01053  0.30000  -0.01992
    -3.17  0.00627  0.29998  -0.02022
    -2.12  0.02366  0.29997  -0.02045
    -1.08  0.04120  0.29997  -0.02072
    -0.05  0.05859  0.29998  -0.02086
    -0.01  0.05863  0.29998  -0.02086
     1.15  0.07917  0.30002  -0.02105
     2.29  0.09852  0.30004  -0.02122
     3.44  0.11793  0.30009  -0.02133
     4.59  0.13673  0.30013  -0.02130
     5.74  0.15493  0.30019  -0.02117
     6.88  0.17219  0.30028  -0.02085
     8.03  0.18636  0.30038  -0.01998
    10.66  0.19280  0.30225  -0.01555
    13.28  0.16875  0.31529  -0.01437
    15.90  0.16296  0.32337  -0.01562
    18.52  0.16668  0.33141  -0.01757
    21.15  0.16575  0.34151  -0.02074
    23.77  0.16080  0.34846  -0.02478
    26.39  0.15586  0.35542  -0.02881
    29.02  0.15091  0.36238  -0.03284
    31.64  0.14740  0.37033  -0.03581
    34.26  0.14463  0.37879  -0.03823
    36.89  0.14185  0.38725  -0.04064
    39.51  0.13908  0.39572  -0.04306
    42.13  0.13545  0.40457  -0.04513
    44.75  0.13164  0.41351  -0.04713
    47.38  0.12783  0.42245  -0.04913
    50.00  0.12402  0.43139  -0.05113
    60.00  0.10177  0.46311  -0.05796
    70.00  0.07200  0.48828  -0.06390
    80.00  0.03693  0.50365  -0.06877
    90.00  0.00009  0.50709  -0.07228
   100.00  -0.02570  0.50365  -0.07518
   110.00  -0.05031  0.48828  -0.07573
   120.00  -0.07109  0.46311  -0.07434
   130.00  -0.08671  0.43139  -0.07197
   140.00  -0.09688  0.39716  -0.07001
   150.00  -0.10440  0.36475  -0.07118
   160.00  -0.11619  0.33820  -0.08261
   170.00  -0.05798  0.32082  -0.07377
   180.00  0.00009  0.31476  -0.00009
EOT
