AeroDyn airfoil file.  Compatible with AeroDyn v13.0.
Interpolated thickness: 0.414

  1        Number of airfoil tables in this file
  9990     Reynolds number in millions.  For efficiency, make very large if only one table.
  0        Control setting
  10.784   Stall angle (deg)
  -3.49557 Zero lift angle of attack (deg)
  5.08996  Cn slope for zero lift (dimensionless)
  1.26855  Cn at stall value for positive angle of attack
  -0.8     Cn at stall value for negative angle of attack
  -2.12    Angle of attack for minimum CD (deg)
  0.0882276 Minimum CD value
  -180.00  0.00002  0.16564  -0.00002
  -170.00  0.30382  0.19733  0.30840
  -160.00  0.60838  0.28824  -0.11044
  -150.00  0.54670  0.42718  -0.04860
  -140.00  0.50738  0.59674  -0.00550
  -130.00  0.45417  0.77585  0.03622
  -120.00  0.37244  0.94178  0.07762
  -110.00  0.26372  1.07348  0.11602
  -100.00  0.13496  1.15390  0.14748
   -90.00  0.00002  1.17194  0.16814
   -80.00  -0.13491  1.15390  0.18341
   -70.00  -0.26368  1.07348  0.18619
   -60.00  -0.37240  0.94178  0.17902
   -50.00  -0.45413  0.77585  0.16652
   -40.00  -0.50733  0.59674  0.15635
   -30.00  -0.54665  0.42718  0.16244
   -20.00  -0.60680  0.28808  0.22165
   -10.00  -0.24826  0.16186  0.09798
    -4.17  -0.05549  0.08838  -0.10381
    -3.17  0.03241  0.08830  -0.10535
    -2.12  0.12339  0.08823  -0.10658
    -1.08  0.21515  0.08823  -0.10797
    -0.05  0.30613  0.08830  -0.10874
    -0.04  0.30634  0.08831  -0.10874
     1.17  0.41382  0.08847  -0.10973
     2.33  0.51506  0.08861  -0.11058
     3.50  0.61662  0.08887  -0.11116
     4.67  0.71498  0.08909  -0.11101
     5.84  0.81021  0.08938  -0.11032
     7.00  0.90050  0.08986  -0.10867
     8.17  0.97463  0.09039  -0.10412
    10.78  1.00833  0.10015  -0.08092
    13.40  0.88252  0.16840  -0.07474
    16.01  0.85220  0.21065  -0.08130
    18.63  0.87165  0.25273  -0.09150
    21.24  0.86681  0.30556  -0.10811
    23.86  0.84092  0.34196  -0.12921
    26.47  0.81504  0.37837  -0.15031
    29.08  0.78915  0.41477  -0.17141
    31.70  0.77077  0.45637  -0.18693
    34.31  0.75628  0.50064  -0.19958
    36.93  0.74178  0.54492  -0.21222
    39.54  0.72728  0.58919  -0.22487
    42.16  0.70828  0.63554  -0.23571
    44.77  0.68834  0.68231  -0.24618
    47.39  0.66841  0.72908  -0.25665
    50.00  0.64848  0.77585  -0.26712
    60.00  0.53205  0.94178  -0.30282
    70.00  0.37630  1.07348  -0.33389
    80.00  0.19279  1.15390  -0.35941
    90.00  0.00002  1.17194  -0.37776
   100.00  -0.13491  1.15390  -0.39295
   110.00  -0.26368  1.07348  -0.39580
   120.00  -0.37240  0.94178  -0.38856
   130.00  -0.45413  0.77585  -0.37614
   140.00  -0.50733  0.59674  -0.36589
   150.00  -0.54665  0.42718  -0.37198
   160.00  -0.60834  0.28824  -0.43181
   170.00  -0.30377  0.19733  -0.38555
   180.00  0.00002  0.16564  -0.00002
EOT
