AeroDyn airfoil file.  Compatible with AeroDyn v13.0.
Interpolated thickness: 0.234

  1        Number of airfoil tables in this file
  9990     Reynolds number in millions.  For efficiency, make very large if only one table.
  0        Control setting
  9.96863  Stall angle (deg)
  -3.69474 Zero lift angle of attack (deg)
  6.48453  Cn slope for zero lift (dimensionless)
  1.54637  Cn at stall value for positive angle of attack
  -0.8     Cn at stall value for negative angle of attack
  -2.02    Angle of attack for minimum CD (deg)
  0.0101829 Minimum CD value
  -180.00  0.00000  0.11777  0.00000
  -170.00  0.39460  0.15875  0.40000
  -160.00  0.79020  0.27635  -0.14272
  -150.00  0.70917  0.45604  -0.06291
  -140.00  0.65817  0.67525  -0.00708
  -130.00  0.58909  0.90671  0.04694
  -120.00  0.48309  1.12093  0.10048
  -110.00  0.34200  1.29065  0.14999
  -100.00  0.17500  1.39379  0.19040
   -90.00  0.00000  1.41600  0.21673
   -80.00  -0.17500  1.39379  0.23664
   -70.00  -0.34200  1.29065  0.24037
   -60.00  -0.48309  1.12093  0.23117
   -50.00  -0.58909  0.90671  0.21502
   -40.00  -0.65817  0.67525  0.20177
   -30.00  -0.70917  0.45604  0.20944
   -20.00  -0.78829  0.27614  0.28597
   -10.00  -0.31703  0.10589  0.12064
    -6.04  -0.14540  0.03856  -0.05881
    -5.04  -0.09557  0.02337  -0.10075
    -4.09  -0.04403  0.01034  -0.13681
    -3.02  0.07713  0.01025  -0.13881
    -2.02  0.18915  0.01018  -0.14027
    -1.03  0.30172  0.01020  -0.14184
    -0.04  0.41388  0.01030  -0.14279
     1.31  0.56751  0.01053  -0.14409
     2.62  0.71397  0.01080  -0.14525
     3.93  0.85997  0.01120  -0.14583
     5.24  0.99818  0.01153  -0.14496
     6.55  1.13114  0.01216  -0.14303
     7.86  1.24249  0.01291  -0.13720
     9.97  1.29662  0.02108  -0.11380
    12.08  1.18726  0.07061  -0.09841
    14.18  1.15686  0.12688  -0.10198
    16.29  1.13734  0.17565  -0.10781
    18.40  1.14866  0.22161  -0.11974
    20.50  1.14098  0.28212  -0.13513
    22.61  1.10768  0.32296  -0.15801
    24.72  1.08052  0.36093  -0.17994
    26.82  1.05335  0.39890  -0.20187
    28.93  1.02619  0.43687  -0.22380
    31.04  1.00522  0.47913  -0.24113
    33.14  0.98969  0.52508  -0.25453
    35.25  0.97450  0.57125  -0.26770
    37.36  0.95931  0.61743  -0.28088
    39.47  0.94412  0.66360  -0.29406
    41.57  0.92468  0.71171  -0.30555
    43.68  0.90378  0.76046  -0.31646
    45.79  0.88288  0.80921  -0.32738
    47.89  0.86198  0.85796  -0.33829
    50.00  0.84109  0.90671  -0.34921
    60.00  0.69009  1.12093  -0.39527
    70.00  0.48809  1.29065  -0.43525
    80.00  0.25000  1.39379  -0.46794
    90.00  0.00000  1.41600  -0.49127
   100.00  -0.17500  1.39379  -0.51109
   110.00  -0.34200  1.29065  -0.51491
   120.00  -0.48309  1.12093  -0.50562
   130.00  -0.58909  0.90671  -0.48957
   140.00  -0.65817  0.67525  -0.47622
   150.00  -0.70917  0.45604  -0.48389
   160.00  -0.79020  0.27635  -0.56117
   170.00  -0.39460  0.15875  -0.50000
   180.00  0.00000  0.11777  0.00000
EOT
