AeroDyn airfoil file.  Compatible with AeroDyn v13.0.
Interpolated thickness: 0.333

  1        Number of airfoil tables in this file
  9990     Reynolds number in millions.  For efficiency, make very large if only one table.
  0        Control setting
  10.806   Stall angle (deg)
  -3.54279 Zero lift angle of attack (deg)
  5.7216   Cn slope for zero lift (dimensionless)
  1.43288  Cn at stall value for positive angle of attack
  -0.8     Cn at stall value for negative angle of attack
  -2.12    Angle of attack for minimum CD (deg)
  0.0520441 Minimum CD value
  -180.00  0.00001  0.14016  -0.00001
  -170.00  0.34580  0.17623  0.35104
  -160.00  0.69246  0.27970  -0.12569
  -150.00  0.62225  0.43785  -0.05530
  -140.00  0.57749  0.63084  -0.00624
  -130.00  0.51694  0.83472  0.04124
  -120.00  0.42391  1.02358  0.08837
  -110.00  0.30016  1.17348  0.13207
  -100.00  0.15360  1.26502  0.16788
   -90.00  0.00001  1.28556  0.19140
   -80.00  -0.15357  1.26502  0.20878
   -70.00  -0.30014  1.17348  0.21194
   -60.00  -0.42388  1.02358  0.20377
   -50.00  -0.51691  0.83472  0.18956
   -40.00  -0.57747  0.63084  0.17797
   -30.00  -0.62223  0.43785  0.18490
   -20.00  -0.69068  0.27953  0.25231
   -10.00  -0.28259  0.13586  0.11153
    -4.17  -0.06318  0.05222  -0.11814
    -3.17  0.03687  0.05213  -0.11990
    -2.12  0.14043  0.05204  -0.12130
    -1.08  0.24487  0.05204  -0.12288
    -0.05  0.34843  0.05213  -0.12376
    -0.04  0.34867  0.05213  -0.12376
     1.17  0.47101  0.05232  -0.12489
     2.34  0.58624  0.05248  -0.12585
     3.51  0.70184  0.05278  -0.12651
     4.68  0.81380  0.05303  -0.12634
     5.85  0.92219  0.05335  -0.12556
     7.02  1.02496  0.05390  -0.12368
     8.19  1.10934  0.05450  -0.11849
    10.81  1.14769  0.06562  -0.09209
    13.42  1.00449  0.14330  -0.08506
    16.03  0.96998  0.19139  -0.09252
    18.64  0.99212  0.23929  -0.10413
    21.26  0.98661  0.29941  -0.12304
    23.87  0.95715  0.34085  -0.14705
    26.48  0.92768  0.38229  -0.17107
    29.10  0.89822  0.42373  -0.19509
    31.71  0.87730  0.47107  -0.21276
    34.32  0.86080  0.52146  -0.22715
    36.94  0.84430  0.57186  -0.24154
    39.55  0.82780  0.62225  -0.25593
    42.16  0.80616  0.67501  -0.26827
    44.77  0.78348  0.72824  -0.28019
    47.39  0.76079  0.78148  -0.29211
    50.00  0.73810  0.83472  -0.30402
    60.00  0.60558  1.02358  -0.34466
    70.00  0.42830  1.17348  -0.38003
    80.00  0.21942  1.26502  -0.40908
    90.00  0.00001  1.28556  -0.42996
   100.00  -0.15357  1.26502  -0.44725
   110.00  -0.30014  1.17348  -0.45050
   120.00  -0.42388  1.02358  -0.44225
   130.00  -0.51691  0.83472  -0.42812
   140.00  -0.57747  0.63084  -0.41645
   150.00  -0.62223  0.43785  -0.42338
   160.00  -0.69244  0.27970  -0.49149
   170.00  -0.34577  0.17623  -0.43883
   180.00  0.00001  0.14016  -0.00001
EOT
