AeroDyn airfoil file.  Compatible with AeroDyn v13.0.
Interpolated thickness: 0.951

  1        Number of airfoil tables in this file
  9990     Reynolds number in millions.  For efficiency, make very large if only one table.
  0        Control setting
  10.6383  Stall angle (deg)
  -2.00578 Zero lift angle of attack (deg)
  0.750059 Cn slope for zero lift (dimensionless)
  0.165524 Cn at stall value for positive angle of attack
  -0.8     Cn at stall value for negative angle of attack
  -2.12    Angle of attack for minimum CD (deg)
  0.328111 Minimum CD value
  -180.00  0.00009  0.33458  -0.00009
  -170.00  0.02550  0.33723  0.02570
  -160.00  0.05096  0.34484  -0.00933
  -150.00  0.04581  0.35645  -0.00416
  -140.00  0.04252  0.37063  -0.00055
  -130.00  0.03807  0.38561  0.00294
  -120.00  0.03123  0.39948  0.00640
  -110.00  0.02214  0.41050  0.00961
  -100.00  0.01138  0.41722  0.01224
   -90.00  0.00009  0.41873  0.01397
   -80.00  -0.01119  0.41722  0.01524
   -70.00  -0.02196  0.41050  0.01548
   -60.00  -0.03105  0.39948  0.01488
   -50.00  -0.03788  0.38561  0.01383
   -40.00  -0.04233  0.37063  0.01298
   -30.00  -0.04562  0.35645  0.01349
   -20.00  -0.05065  0.34482  0.01844
   -10.00  -0.02067  0.33427  0.00810
    -4.17  -0.00455  0.32812  -0.00877
    -3.17  0.00280  0.32812  -0.00890
    -2.12  0.01041  0.32811  -0.00900
    -1.08  0.01808  0.32811  -0.00912
    -0.05  0.02569  0.32812  -0.00918
    -0.00  0.02571  0.32812  -0.00918
     1.14  0.03469  0.32813  -0.00927
     2.29  0.04316  0.32814  -0.00934
     3.43  0.05165  0.32817  -0.00939
     4.58  0.05988  0.32818  -0.00937
     5.72  0.06784  0.32821  -0.00932
     6.87  0.07539  0.32825  -0.00918
     8.01  0.08159  0.32829  -0.00880
    10.64  0.08441  0.32911  -0.00686
    13.26  0.07389  0.33482  -0.00634
    15.89  0.07135  0.33835  -0.00689
    18.51  0.07298  0.34187  -0.00774
    21.13  0.07257  0.34628  -0.00913
    23.76  0.07041  0.34933  -0.01090
    26.38  0.06824  0.35237  -0.01266
    29.01  0.06608  0.35542  -0.01442
    31.63  0.06454  0.35889  -0.01572
    34.26  0.06333  0.36260  -0.01678
    36.88  0.06212  0.36630  -0.01784
    39.50  0.06091  0.37000  -0.01889
    42.13  0.05932  0.37388  -0.01980
    44.75  0.05765  0.37779  -0.02068
    47.38  0.05598  0.38170  -0.02155
    50.00  0.05432  0.38561  -0.02243
    60.00  0.04458  0.39948  -0.02541
    70.00  0.03156  0.41050  -0.02801
    80.00  0.01621  0.41722  -0.03014
    90.00  0.00009  0.41873  -0.03168
   100.00  -0.01119  0.41722  -0.03295
   110.00  -0.02196  0.41050  -0.03319
   120.00  -0.03105  0.39948  -0.03258
   130.00  -0.03788  0.38561  -0.03154
   140.00  -0.04233  0.37063  -0.03069
   150.00  -0.04562  0.35645  -0.03120
   160.00  -0.05078  0.34484  -0.03620
   170.00  -0.02531  0.33723  -0.03233
   180.00  0.00009  0.33458  -0.00009
EOT
