AeroDyn airfoil file.  Compatible with AeroDyn v13.0.
Interpolated thickness: 0.437

  1        Number of airfoil tables in this file
  9990     Reynolds number in millions.  For efficiency, make very large if only one table.
  0        Control setting
  10.7778  Stall angle (deg)
  -3.48084 Zero lift angle of attack (deg)
  4.90959  Cn slope for zero lift (dimensionless)
  1.2218   Cn at stall value for positive angle of attack
  -0.8     Cn at stall value for negative angle of attack
  -2.12    Angle of attack for minimum CD (deg)
  0.098502 Minimum CD value
  -180.00  0.00003  0.17288  -0.00003
  -170.00  0.29190  0.20332  0.29629
  -160.00  0.58451  0.29066  -0.10611
  -150.00  0.52525  0.42415  -0.04670
  -140.00  0.48747  0.58705  -0.00529
  -130.00  0.43635  0.75914  0.03479
  -120.00  0.35783  0.91856  0.07457
  -110.00  0.25338  1.04508  0.11146
  -100.00  0.12966  1.12235  0.14169
   -90.00  0.00003  1.13968  0.16154
   -80.00  -0.12961  1.12235  0.17621
   -70.00  -0.25332  1.04508  0.17887
   -60.00  -0.35778  0.91856  0.17199
   -50.00  -0.43630  0.75914  0.15998
   -40.00  -0.48741  0.58705  0.15021
   -30.00  -0.52519  0.42415  0.15606
   -20.00  -0.58298  0.29051  0.21295
   -10.00  -0.23851  0.16925  0.09413
    -4.17  -0.05331  0.09865  -0.09974
    -3.17  0.03114  0.09858  -0.10122
    -2.12  0.11855  0.09850  -0.10240
    -1.08  0.20671  0.09850  -0.10374
    -0.05  0.29412  0.09858  -0.10448
    -0.04  0.29432  0.09858  -0.10448
     1.17  0.39759  0.09874  -0.10543
     2.33  0.49485  0.09887  -0.10624
     3.50  0.59242  0.09912  -0.10680
     4.66  0.68692  0.09933  -0.10666
     5.83  0.77841  0.09961  -0.10600
     7.00  0.86516  0.10007  -0.10441
     8.16  0.93638  0.10058  -0.10003
    10.78  0.96875  0.10996  -0.07775
    13.39  0.84789  0.17553  -0.07181
    16.01  0.81875  0.21612  -0.07811
    18.62  0.83744  0.25655  -0.08791
    21.24  0.83279  0.30730  -0.10387
    23.85  0.80792  0.34228  -0.12414
    26.47  0.78305  0.37725  -0.14441
    29.08  0.75818  0.41223  -0.16468
    31.70  0.74052  0.45219  -0.17960
    34.31  0.72660  0.49473  -0.19175
    36.93  0.71267  0.53727  -0.20390
    39.54  0.69874  0.57980  -0.21604
    42.16  0.68048  0.62433  -0.22646
    44.77  0.66133  0.66927  -0.23652
    47.39  0.64218  0.71420  -0.24658
    50.00  0.62303  0.75914  -0.25664
    60.00  0.51117  0.91856  -0.29093
    70.00  0.36153  1.04508  -0.32079
    80.00  0.18522  1.12235  -0.34531
    90.00  0.00003  1.13968  -0.36294
   100.00  -0.12961  1.12235  -0.37753
   110.00  -0.25332  1.04508  -0.38027
   120.00  -0.35778  0.91856  -0.37331
   130.00  -0.43630  0.75914  -0.36138
   140.00  -0.48741  0.58705  -0.35153
   150.00  -0.52519  0.42415  -0.35738
   160.00  -0.58446  0.29066  -0.41487
   170.00  -0.29185  0.20332  -0.37042
   180.00  0.00003  0.17288  -0.00003
EOT
