AeroDyn airfoil file.  Compatible with AeroDyn v13.0.
Interpolated thickness: 0.423

  1        Number of airfoil tables in this file
  9990     Reynolds number in millions.  For efficiency, make very large if only one table.
  0        Control setting
  10.7816  Stall angle (deg)
  -3.48989 Zero lift angle of attack (deg)
  5.01943  Cn slope for zero lift (dimensionless)
  1.25026  Cn at stall value for positive angle of attack
  -0.8     Cn at stall value for negative angle of attack
  -2.12    Angle of attack for minimum CD (deg)
  0.092248 Minimum CD value
  -180.00  0.00002  0.16847  -0.00002
  -170.00  0.29915  0.19968  0.30366
  -160.00  0.59904  0.28919  -0.10874
  -150.00  0.53830  0.42600  -0.04785
  -140.00  0.49958  0.59295  -0.00541
  -130.00  0.44720  0.76931  0.03566
  -120.00  0.36672  0.93269  0.07643
  -110.00  0.25967  1.06237  0.11424
  -100.00  0.13289  1.14155  0.14521
   -90.00  0.00002  1.15932  0.16556
   -80.00  -0.13284  1.14155  0.18059
   -70.00  -0.25963  1.06237  0.18333
   -60.00  -0.36667  0.93269  0.17626
   -50.00  -0.44715  0.76931  0.16397
   -40.00  -0.49954  0.59295  0.15394
   -30.00  -0.53826  0.42600  0.15994
   -20.00  -0.59747  0.28904  0.21825
   -10.00  -0.24444  0.16475  0.09647
    -4.17  -0.05464  0.09240  -0.10221
    -3.17  0.03191  0.09232  -0.10373
    -2.12  0.12150  0.09225  -0.10495
    -1.08  0.21184  0.09225  -0.10631
    -0.05  0.30143  0.09232  -0.10707
    -0.04  0.30164  0.09232  -0.10707
     1.17  0.40747  0.09249  -0.10805
     2.33  0.50715  0.09262  -0.10888
     3.50  0.60715  0.09288  -0.10945
     4.67  0.70400  0.09310  -0.10931
     5.83  0.79777  0.09338  -0.10863
     7.00  0.88667  0.09385  -0.10700
     8.17  0.95967  0.09437  -0.10252
    10.78  0.99284  0.10399  -0.07968
    13.40  0.86897  0.17119  -0.07359
    16.01  0.83911  0.21279  -0.08005
    18.63  0.85826  0.25423  -0.09009
    21.24  0.85350  0.30624  -0.10645
    23.85  0.82801  0.34209  -0.12722
    26.47  0.80252  0.37793  -0.14800
    29.08  0.77703  0.41378  -0.16878
    31.70  0.75894  0.45473  -0.18406
    34.31  0.74466  0.49833  -0.19651
    36.93  0.73039  0.54192  -0.20896
    39.54  0.71611  0.58552  -0.22141
    42.16  0.69740  0.63115  -0.23209
    44.77  0.67777  0.67721  -0.24240
    47.39  0.65815  0.72326  -0.25271
    50.00  0.63852  0.76931  -0.26301
    60.00  0.52388  0.93269  -0.29817
    70.00  0.37052  1.06237  -0.32876
    80.00  0.18983  1.14155  -0.35389
    90.00  0.00002  1.15932  -0.37196
   100.00  -0.13284  1.14155  -0.38692
   110.00  -0.25963  1.06237  -0.38973
   120.00  -0.36667  0.93269  -0.38259
   130.00  -0.44715  0.76931  -0.37037
   140.00  -0.49954  0.59295  -0.36027
   150.00  -0.53826  0.42600  -0.36627
   160.00  -0.59899  0.28919  -0.42518
   170.00  -0.29910  0.19968  -0.37963
   180.00  0.00002  0.16847  -0.00002
EOT
