AeroDyn airfoil file.  Compatible with AeroDyn v13.0.
Interpolated thickness: 0.482

  1        Number of airfoil tables in this file
  9990     Reynolds number in millions.  For efficiency, make very large if only one table.
  0        Control setting
  10.7656  Stall angle (deg)
  -3.44988 Zero lift angle of attack (deg)
  4.55538  Cn slope for zero lift (dimensionless)
  1.13022  Cn at stall value for positive angle of attack
  -0.8     Cn at stall value for negative angle of attack
  -2.12    Angle of attack for minimum CD (deg)
  0.118604 Minimum CD value
  -180.00  0.00003  0.18703  -0.00003
  -170.00  0.26857  0.21505  0.27260
  -160.00  0.53780  0.29541  -0.09763
  -150.00  0.48327  0.41823  -0.04297
  -140.00  0.44851  0.56811  -0.00487
  -130.00  0.40148  0.72644  0.03200
  -120.00  0.32923  0.87311  0.06860
  -110.00  0.23313  0.98953  0.10255
  -100.00  0.11931  1.06061  0.13035
   -90.00  0.00003  1.07656  0.14862
   -80.00  -0.11924  1.06061  0.16212
   -70.00  -0.23307  0.98953  0.16457
   -60.00  -0.32917  0.87311  0.15823
   -50.00  -0.40142  0.72644  0.14719
   -40.00  -0.44845  0.56811  0.13819
   -30.00  -0.48321  0.41823  0.14358
   -20.00  -0.53637  0.29527  0.19592
   -10.00  -0.21944  0.18369  0.08660
    -4.17  -0.04904  0.11874  -0.09177
    -3.17  0.02866  0.11867  -0.09314
    -2.12  0.10908  0.11860  -0.09423
    -1.08  0.19019  0.11860  -0.09545
    -0.05  0.27062  0.11867  -0.09613
    -0.03  0.27081  0.11867  -0.09614
     1.16  0.36582  0.11882  -0.09701
     2.33  0.45530  0.11894  -0.09776
     3.49  0.54508  0.11917  -0.09827
     4.66  0.63203  0.11937  -0.09814
     5.82  0.71620  0.11962  -0.09753
     6.99  0.79601  0.12005  -0.09607
     8.15  0.86155  0.12051  -0.09205
    10.77  0.89133  0.12915  -0.07154
    13.38  0.78012  0.18947  -0.06608
    16.00  0.75332  0.22682  -0.07188
    18.61  0.77051  0.26402  -0.08089
    21.23  0.76624  0.31071  -0.09557
    23.84  0.74335  0.34290  -0.11423
    26.46  0.72047  0.37508  -0.13288
    29.07  0.69759  0.40726  -0.15153
    31.69  0.68134  0.44402  -0.16525
    34.31  0.66853  0.48316  -0.17643
    36.92  0.65571  0.52230  -0.18761
    39.54  0.64290  0.56144  -0.19878
    42.15  0.62610  0.60240  -0.20837
    44.77  0.60848  0.64375  -0.21762
    47.38  0.59086  0.68509  -0.22688
    50.00  0.57324  0.72644  -0.23613
    60.00  0.47032  0.87311  -0.26769
    70.00  0.33264  0.98953  -0.29516
    80.00  0.17043  1.06061  -0.31772
    90.00  0.00003  1.07656  -0.33394
   100.00  -0.11924  1.06061  -0.34736
   110.00  -0.23307  0.98953  -0.34989
   120.00  -0.32917  0.87311  -0.34348
   130.00  -0.40142  0.72644  -0.33251
   140.00  -0.44845  0.56811  -0.32344
   150.00  -0.48321  0.41823  -0.32883
   160.00  -0.53773  0.29541  -0.38172
   170.00  -0.26851  0.21505  -0.34082
   180.00  0.00003  0.18703  -0.00003
EOT
