AeroDyn airfoil file.  Compatible with AeroDyn v13.0.
Interpolated thickness: 0.848

  1        Number of airfoil tables in this file
  9990     Reynolds number in millions.  For efficiency, make very large if only one table.
  0        Control setting
  10.6663  Stall angle (deg)
  -2.93312 Zero lift angle of attack (deg)
  1.58674  Cn slope for zero lift (dimensionless)
  0.376618 Cn at stall value for positive angle of attack
  -0.8     Cn at stall value for negative angle of attack
  -2.12    Angle of attack for minimum CD (deg)
  0.2821   Minimum CD value
  -180.00  0.00008  0.30218  -0.00008
  -170.00  0.07888  0.31040  0.07992
  -160.00  0.15788  0.33398  -0.02872
  -150.00  0.14188  0.37002  -0.01268
  -140.00  0.13168  0.41400  -0.00150
  -130.00  0.11788  0.46046  0.00932
  -120.00  0.09668  0.50350  0.02006
  -110.00  0.06848  0.53766  0.03002
  -100.00  0.03508  0.55852  0.03818
   -90.00  0.00008  0.56320  0.04354
   -80.00  -0.03492  0.55852  0.04750
   -70.00  -0.06832  0.53766  0.04822
   -60.00  -0.09652  0.50350  0.04636
   -50.00  -0.11772  0.46046  0.04312
   -40.00  -0.13152  0.41400  0.04048
   -30.00  -0.14172  0.37002  0.04206
   -20.00  -0.15732  0.33394  0.05742
   -10.00  -0.06432  0.30120  0.02534
    -4.17  -0.01432  0.28214  -0.02700
    -3.17  0.00848  0.28212  -0.02740
    -2.12  0.03208  0.28210  -0.02772
    -1.08  0.05588  0.28210  -0.02808
    -0.05  0.07948  0.28212  -0.02828
    -0.01  0.07953  0.28212  -0.02828
     1.15  0.10741  0.28216  -0.02854
     2.30  0.13367  0.28220  -0.02876
     3.45  0.16002  0.28227  -0.02891
     4.60  0.18553  0.28232  -0.02887
     5.75  0.21023  0.28240  -0.02869
     6.89  0.23365  0.28252  -0.02826
     8.04  0.25288  0.28266  -0.02708
    10.67  0.26162  0.28519  -0.02106
    13.29  0.22899  0.30290  -0.01946
    15.91  0.22112  0.31385  -0.02116
    18.53  0.22617  0.32477  -0.02381
    21.16  0.22491  0.33847  -0.02812
    23.78  0.21820  0.34792  -0.03359
    26.40  0.21148  0.35736  -0.03906
    29.02  0.20477  0.36680  -0.04453
    31.64  0.20000  0.37759  -0.04856
    34.27  0.19624  0.38907  -0.05184
    36.89  0.19248  0.40056  -0.05512
    39.51  0.18872  0.41204  -0.05840
    42.13  0.18379  0.42406  -0.06121
    44.76  0.17862  0.43620  -0.06393
    47.38  0.17345  0.44833  -0.06664
    50.00  0.16828  0.46046  -0.06936
    60.00  0.13808  0.50350  -0.07862
    70.00  0.09768  0.53766  -0.08668
    80.00  0.05008  0.55852  -0.09330
    90.00  0.00008  0.56320  -0.09806
   100.00  -0.03492  0.55852  -0.10200
   110.00  -0.06832  0.53766  -0.10274
   120.00  -0.09652  0.50350  -0.10086
   130.00  -0.11772  0.46046  -0.09764
   140.00  -0.13152  0.41400  -0.09498
   150.00  -0.14172  0.37002  -0.09656
   160.00  -0.15772  0.33398  -0.11208
   170.00  -0.07872  0.31040  -0.10008
   180.00  0.00008  0.30218  -0.00008
EOT
