AeroDyn airfoil file.  Compatible with AeroDyn v13.0.
Interpolated thickness: 0.946

  1        Number of airfoil tables in this file
  9990     Reynolds number in millions.  For efficiency, make very large if only one table.
  0        Control setting
  10.6397  Stall angle (deg)
  -2.09571 Zero lift angle of attack (deg)
  0.790828 Cn slope for zero lift (dimensionless)
  0.17578  Cn at stall value for positive angle of attack
  -0.8     Cn at stall value for negative angle of attack
  -2.12    Angle of attack for minimum CD (deg)
  0.325878 Minimum CD value
  -180.00  0.00009  0.33301  -0.00009
  -170.00  0.02809  0.33593  0.02833
  -160.00  0.05615  0.34431  -0.01027
  -150.00  0.05047  0.35711  -0.00457
  -140.00  0.04685  0.37274  -0.00060
  -130.00  0.04194  0.38924  0.00325
  -120.00  0.03441  0.40453  0.00706
  -110.00  0.02439  0.41667  0.01060
  -100.00  0.01253  0.42408  0.01350
   -90.00  0.00009  0.42574  0.01540
   -80.00  -0.01234  0.42408  0.01681
   -70.00  -0.02421  0.41667  0.01707
   -60.00  -0.03423  0.40453  0.01641
   -50.00  -0.04176  0.38924  0.01525
   -40.00  -0.04666  0.37274  0.01432
   -30.00  -0.05028  0.35711  0.01488
   -20.00  -0.05583  0.34429  0.02033
   -10.00  -0.02279  0.33266  0.00894
    -4.17  -0.00502  0.32589  -0.00966
    -3.17  0.00308  0.32588  -0.00980
    -2.12  0.01146  0.32588  -0.00991
    -1.08  0.01992  0.32588  -0.01004
    -0.05  0.02830  0.32588  -0.01011
    -0.00  0.02832  0.32588  -0.01011
     1.15  0.03822  0.32590  -0.01020
     2.29  0.04755  0.32591  -0.01028
     3.44  0.05691  0.32594  -0.01033
     4.58  0.06598  0.32596  -0.01032
     5.73  0.07475  0.32598  -0.01026
     6.87  0.08307  0.32603  -0.01010
     8.02  0.08990  0.32608  -0.00969
    10.64  0.09301  0.32698  -0.00755
    13.26  0.08142  0.33327  -0.00698
    15.89  0.07862  0.33716  -0.00758
    18.51  0.08041  0.34104  -0.00852
    21.14  0.07997  0.34590  -0.01005
    23.76  0.07758  0.34926  -0.01200
    26.38  0.07520  0.35261  -0.01394
    29.01  0.07281  0.35597  -0.01589
    31.63  0.07112  0.35980  -0.01732
    34.26  0.06978  0.36388  -0.01848
    36.88  0.06845  0.36796  -0.01965
    39.50  0.06711  0.37204  -0.02081
    42.13  0.06536  0.37631  -0.02181
    44.75  0.06352  0.38062  -0.02278
    47.38  0.06168  0.38493  -0.02374
    50.00  0.05985  0.38924  -0.02471
    60.00  0.04912  0.40453  -0.02800
    70.00  0.03477  0.41667  -0.03086
    80.00  0.01786  0.42408  -0.03321
    90.00  0.00009  0.42574  -0.03490
   100.00  -0.01234  0.42408  -0.03630
   110.00  -0.02421  0.41667  -0.03656
   120.00  -0.03423  0.40453  -0.03590
   130.00  -0.04176  0.38924  -0.03475
   140.00  -0.04666  0.37274  -0.03381
   150.00  -0.05028  0.35711  -0.03437
   160.00  -0.05597  0.34431  -0.03988
   170.00  -0.02790  0.33593  -0.03562
   180.00  0.00009  0.33301  -0.00009
EOT
