AeroDyn airfoil file.  Compatible with AeroDyn v13.0.
Interpolated thickness: 0.196

  1        Number of airfoil tables in this file
  9990     Reynolds number in millions.  For efficiency, make very large if only one table.
  0        Control setting
  14.4741  Stall angle (deg)
  -4.77343 Zero lift angle of attack (deg)
  6.26379  Cn slope for zero lift (dimensionless)
  2.10421  Cn at stall value for positive angle of attack
  -0.8     Cn at stall value for negative angle of attack
  -4.09    Angle of attack for minimum CD (deg)
  0.00811989 Minimum CD value
  -180.00  0.00000  0.16125  0.00000
  -170.00  0.39840  0.20153  0.40000
  -160.00  0.79780  0.31717  -0.13968
  -150.00  0.71026  0.49366  -0.06231
  -140.00  0.65926  0.70853  -0.00697
  -130.00  0.58963  0.93461  0.04656
  -120.00  0.48363  1.14264  0.09907
  -110.00  0.34200  1.30552  0.14673
  -100.00  0.17500  1.40134  0.18470
   -90.00  0.00000  1.41600  0.20804
   -80.00  -0.17500  1.40134  0.22866
   -70.00  -0.34200  1.30552  0.23320
   -60.00  -0.48363  1.14264  0.22466
   -50.00  -0.58963  0.93461  0.20883
   -40.00  -0.65926  0.70853  0.19526
   -30.00  -0.71026  0.49366  0.20146
   -20.00  -0.79643  0.31691  0.27625
   -10.00  -0.28554  0.10518  0.07971
    -6.04  -0.10241  0.02143  -0.11046
    -5.04  -0.00854  0.01353  -0.13373
    -4.09  0.07533  0.00812  -0.14981
    -3.02  0.19283  0.00814  -0.15133
    -2.02  0.30128  0.00817  -0.15228
    -1.03  0.40936  0.00824  -0.15316
    -0.02  0.51904  0.00840  -0.15414
     0.93  0.62460  0.00861  -0.15435
     1.86  0.72647  0.00888  -0.15490
     2.80  0.82735  0.00924  -0.15560
     3.73  0.92502  0.00957  -0.15490
     4.66  1.02021  0.01000  -0.15380
     5.59  1.10623  0.01047  -0.15115
     7.81  1.23630  0.01598  -0.13602
    10.03  1.28586  0.03880  -0.12272
    12.25  1.35774  0.06563  -0.11741
    14.47  1.37800  0.10311  -0.11343
    16.69  1.26406  0.20741  -0.12675
    18.91  1.20496  0.27704  -0.13780
    21.14  1.13087  0.33734  -0.16693
    23.36  1.10176  0.37656  -0.18911
    25.58  1.07266  0.41579  -0.21130
    27.80  1.04356  0.45501  -0.23348
    30.02  1.01698  0.49598  -0.25380
    32.24  0.99831  0.54204  -0.26895
    34.46  0.98217  0.58971  -0.28250
    36.68  0.96604  0.63738  -0.29605
    38.90  0.94991  0.68505  -0.30961
    41.12  0.93071  0.73401  -0.32199
    43.34  0.90844  0.78416  -0.33325
    45.56  0.88617  0.83431  -0.34450
    47.78  0.86390  0.88446  -0.35576
    50.00  0.84163  0.93461  -0.36702
    60.00  0.69063  1.14264  -0.41156
    70.00  0.48863  1.30552  -0.44953
    80.00  0.25000  1.40134  -0.47961
    90.00  0.00000  1.41600  -0.49996
   100.00  -0.17500  1.40134  -0.52054
   110.00  -0.34200  1.30552  -0.52512
   120.00  -0.48363  1.14264  -0.51653
   130.00  -0.58963  0.93461  -0.50075
   140.00  -0.65926  0.70853  -0.48713
   150.00  -0.71026  0.49366  -0.49334
   160.00  -0.79780  0.31717  -0.56861
   170.00  -0.39840  0.20153  -0.50000
   180.00  0.00000  0.16125  0.00000
EOT
