AeroDyn airfoil file.  Compatible with AeroDyn v13.0.
Interpolated thickness: 0.989

  1        Number of airfoil tables in this file
  9990     Reynolds number in millions.  For efficiency, make very large if only one table.
  0        Control setting
  10.628   Stall angle (deg)
  -0.778859 Zero lift angle of attack (deg)
  0.439704 Cn slope for zero lift (dimensionless)
  0.0875393 Cn at stall value for positive angle of attack
  -0.8     Cn at stall value for negative angle of attack
  -2.12    Angle of attack for minimum CD (deg)
  0.345086 Minimum CD value
  -180.00  0.00010  0.34654  -0.00010
  -170.00  0.00580  0.34713  0.00569
  -160.00  0.01152  0.34884  -0.00217
  -150.00  0.01036  0.35145  -0.00101
  -140.00  0.00962  0.35463  -0.00020
  -130.00  0.00862  0.35799  0.00058
  -120.00  0.00709  0.36111  0.00136
  -110.00  0.00505  0.36358  0.00208
  -100.00  0.00263  0.36509  0.00267
   -90.00  0.00010  0.36543  0.00306
   -80.00  -0.00243  0.36509  0.00334
   -70.00  -0.00485  0.36358  0.00340
   -60.00  -0.00689  0.36111  0.00326
   -50.00  -0.00843  0.35799  0.00303
   -40.00  -0.00943  0.35463  0.00284
   -30.00  -0.01016  0.35145  0.00295
   -20.00  -0.01129  0.34884  0.00406
   -10.00  -0.00456  0.34647  0.00174
    -4.17  -0.00094  0.34509  -0.00205
    -3.17  0.00071  0.34509  -0.00208
    -2.12  0.00241  0.34509  -0.00210
    -1.08  0.00414  0.34509  -0.00212
    -0.05  0.00584  0.34509  -0.00214
    -0.00  0.00585  0.34509  -0.00214
     1.14  0.00787  0.34509  -0.00216
     2.29  0.00977  0.34509  -0.00217
     3.43  0.01167  0.34510  -0.00218
     4.57  0.01352  0.34510  -0.00218
     5.72  0.01531  0.34511  -0.00217
     6.86  0.01700  0.34512  -0.00214
     8.00  0.01839  0.34513  -0.00205
    10.63  0.01903  0.34531  -0.00162
    13.25  0.01666  0.34659  -0.00150
    15.88  0.01610  0.34738  -0.00162
    18.50  0.01646  0.34817  -0.00182
    21.13  0.01637  0.34917  -0.00213
    23.75  0.01588  0.34985  -0.00252
    26.38  0.01540  0.35053  -0.00292
    29.00  0.01491  0.35122  -0.00332
    31.63  0.01457  0.35200  -0.00361
    34.25  0.01429  0.35283  -0.00384
    36.88  0.01402  0.35366  -0.00408
    39.50  0.01375  0.35449  -0.00432
    42.13  0.01339  0.35536  -0.00452
    44.75  0.01302  0.35624  -0.00472
    47.38  0.01265  0.35712  -0.00492
    50.00  0.01227  0.35799  -0.00511
    60.00  0.01009  0.36111  -0.00578
    70.00  0.00716  0.36358  -0.00637
    80.00  0.00372  0.36509  -0.00684
    90.00  0.00010  0.36543  -0.00719
   100.00  -0.00243  0.36509  -0.00747
   110.00  -0.00485  0.36358  -0.00753
   120.00  -0.00689  0.36111  -0.00739
   130.00  -0.00843  0.35799  -0.00716
   140.00  -0.00943  0.35463  -0.00697
   150.00  -0.01016  0.35145  -0.00708
   160.00  -0.01132  0.34884  -0.00820
   170.00  -0.00560  0.34713  -0.00734
   180.00  0.00010  0.34654  -0.00010
EOT
