AeroDyn airfoil file.  Compatible with AeroDyn v13.0.
Interpolated thickness: 0.72

  1        Number of airfoil tables in this file
  9990     Reynolds number in millions.  For efficiency, make very large if only one table.
  0        Control setting
  10.701   Stall angle (deg)
  -3.19395 Zero lift angle of attack (deg)
  2.65279  Cn slope for zero lift (dimensionless)
  0.643335 Cn at stall value for positive angle of attack
  -0.8     Cn at stall value for negative angle of attack
  -2.12    Angle of attack for minimum CD (deg)
  0.224921 Minimum CD value
  -180.00  0.00006  0.26191  -0.00006
  -170.00  0.14522  0.27705  0.14731
  -160.00  0.29075  0.32049  -0.05282
  -150.00  0.26127  0.38688  -0.02327
  -140.00  0.24248  0.46789  -0.00268
  -130.00  0.21706  0.55348  0.01725
  -120.00  0.17801  0.63276  0.03704
  -110.00  0.12606  0.69569  0.05538
  -100.00  0.06454  0.73412  0.07042
   -90.00  0.00006  0.74274  0.08029
   -80.00  -0.06441  0.73412  0.08758
   -70.00  -0.12594  0.69569  0.08891
   -60.00  -0.17788  0.63276  0.08548
   -50.00  -0.21694  0.55348  0.07952
   -40.00  -0.24236  0.46789  0.07465
   -30.00  -0.26115  0.38688  0.07756
   -20.00  -0.28988  0.32042  0.10586
   -10.00  -0.11857  0.26011  0.04676
    -4.17  -0.02646  0.22499  -0.04965
    -3.17  0.01554  0.22496  -0.05039
    -2.12  0.05901  0.22492  -0.05098
    -1.08  0.10285  0.22492  -0.05164
    -0.05  0.14633  0.22496  -0.05201
    -0.02  0.14643  0.22496  -0.05201
     1.15  0.19778  0.22504  -0.05248
     2.31  0.24616  0.22510  -0.05289
     3.46  0.29468  0.22523  -0.05317
     4.62  0.34168  0.22533  -0.05310
     5.77  0.38718  0.22547  -0.05277
     6.93  0.43032  0.22570  -0.05198
     8.08  0.46575  0.22595  -0.04980
    10.70  0.48185  0.23062  -0.03872
    13.32  0.42173  0.26323  -0.03576
    15.94  0.40725  0.28342  -0.03890
    18.56  0.41654  0.30352  -0.04377
    21.18  0.41423  0.32876  -0.05171
    23.80  0.40186  0.34616  -0.06179
    26.42  0.38949  0.36355  -0.07187
    29.04  0.37712  0.38095  -0.08195
    31.66  0.36834  0.40082  -0.08937
    34.28  0.36141  0.42198  -0.09541
    36.90  0.35449  0.44313  -0.10146
    39.52  0.34756  0.46429  -0.10750
    42.14  0.33848  0.48643  -0.11268
    44.76  0.32895  0.50878  -0.11768
    47.38  0.31943  0.53113  -0.12268
    50.00  0.30991  0.55348  -0.12768
    60.00  0.25427  0.63276  -0.14474
    70.00  0.17985  0.69569  -0.15959
    80.00  0.09217  0.73412  -0.17178
    90.00  0.00006  0.74274  -0.18055
   100.00  -0.06441  0.73412  -0.18781
   110.00  -0.12594  0.69569  -0.18917
   120.00  -0.17788  0.63276  -0.18571
   130.00  -0.21694  0.55348  -0.17978
   140.00  -0.24236  0.46789  -0.17488
   150.00  -0.26115  0.38688  -0.17779
   160.00  -0.29062  0.32049  -0.20638
   170.00  -0.14509  0.27705  -0.18427
   180.00  0.00006  0.26191  -0.00006
EOT
