AeroDyn airfoil file.  Compatible with AeroDyn v13.0.
Interpolated thickness: 0.288

  1        Number of airfoil tables in this file
  9990     Reynolds number in millions.  For efficiency, make very large if only one table.
  0        Control setting
  10.8182  Stall angle (deg)
  -3.56651 Zero lift angle of attack (deg)
  6.07013  Cn slope for zero lift (dimensionless)
  1.52397  Cn at stall value for positive angle of attack
  -0.8     Cn at stall value for negative angle of attack
  -2.12    Angle of attack for minimum CD (deg)
  0.0319421 Minimum CD value
  -180.00  0.00001  0.12600  -0.00001
  -170.00  0.36912  0.16451  0.37473
  -160.00  0.73917  0.27496  -0.13416
  -150.00  0.66423  0.44378  -0.05903
  -140.00  0.61645  0.64979  -0.00666
  -130.00  0.55181  0.86742  0.04403
  -120.00  0.45250  1.06903  0.09433
  -110.00  0.32041  1.22904  0.14099
  -100.00  0.16395  1.32675  0.17921
   -90.00  0.00001  1.34867  0.20432
   -80.00  -0.16394  1.32675  0.22287
   -70.00  -0.32039  1.22904  0.22624
   -60.00  -0.45249  1.06903  0.21753
   -50.00  -0.55179  0.86742  0.20235
   -40.00  -0.61644  0.64979  0.18999
   -30.00  -0.66421  0.44378  0.19739
   -20.00  -0.73729  0.27477  0.26934
   -10.00  -0.30166  0.12141  0.11907
    -4.17  -0.06745  0.03213  -0.12611
    -3.17  0.03935  0.03204  -0.12798
    -2.12  0.14990  0.03194  -0.12948
    -1.08  0.26139  0.03194  -0.13116
    -0.05  0.37193  0.03204  -0.13210
    -0.04  0.37219  0.03204  -0.13210
     1.17  0.50278  0.03224  -0.13331
     2.34  0.62578  0.03241  -0.13433
     3.52  0.74918  0.03272  -0.13504
     4.69  0.86869  0.03299  -0.13486
     5.86  0.98440  0.03334  -0.13402
     7.03  1.09410  0.03392  -0.13202
     8.21  1.18417  0.03457  -0.12648
    10.82  1.22511  0.04643  -0.09830
    13.43  1.07226  0.12935  -0.09079
    16.04  1.03541  0.18069  -0.09876
    18.65  1.05904  0.23182  -0.11115
    21.27  1.05317  0.29600  -0.13133
    23.88  1.02172  0.34023  -0.15697
    26.49  0.99026  0.38447  -0.18260
    29.10  0.95881  0.42870  -0.20824
    31.72  0.93648  0.47924  -0.22711
    34.33  0.91887  0.53303  -0.24247
    36.94  0.90125  0.58683  -0.25783
    39.55  0.88364  0.64062  -0.27319
    42.16  0.86055  0.69693  -0.28637
    44.78  0.83633  0.75376  -0.29909
    47.39  0.81211  0.81059  -0.31181
    50.00  0.78789  0.86742  -0.32453
    60.00  0.64643  1.06903  -0.36790
    70.00  0.45719  1.22904  -0.40566
    80.00  0.23422  1.32675  -0.43667
    90.00  0.00001  1.34867  -0.45897
   100.00  -0.16394  1.32675  -0.47742
   110.00  -0.32039  1.22904  -0.48089
   120.00  -0.45249  1.06903  -0.47208
   130.00  -0.55179  0.86742  -0.45700
   140.00  -0.61644  0.64979  -0.44454
   150.00  -0.66421  0.44378  -0.45194
   160.00  -0.73916  0.27496  -0.52464
   170.00  -0.36911  0.16451  -0.46843
   180.00  0.00001  0.12600  -0.00001
EOT
