AeroDyn airfoil file.  Compatible with AeroDyn v13.0.
Interpolated thickness: 0.984

  1        Number of airfoil tables in this file
  9990     Reynolds number in millions.  For efficiency, make very large if only one table.
  0        Control setting
  10.6293  Stall angle (deg)
  -1.03073 Zero lift angle of attack (deg)
  0.480592 Cn slope for zero lift (dimensionless)
  0.0978036 Cn at stall value for positive angle of attack
  -0.8     Cn at stall value for negative angle of attack
  -2.12    Angle of attack for minimum CD (deg)
  0.342853 Minimum CD value
  -180.00  0.00010  0.34497  -0.00010
  -170.00  0.00839  0.34583  0.00832
  -160.00  0.01671  0.34831  -0.00311
  -150.00  0.01502  0.35211  -0.00142
  -140.00  0.01395  0.35674  -0.00025
  -130.00  0.01250  0.36163  0.00089
  -120.00  0.01027  0.36616  0.00202
  -110.00  0.00730  0.36975  0.00307
  -100.00  0.00378  0.37195  0.00393
   -90.00  0.00010  0.37244  0.00449
   -80.00  -0.00359  0.37195  0.00491
   -70.00  -0.00710  0.36975  0.00499
   -60.00  -0.01007  0.36616  0.00479
   -50.00  -0.01230  0.36163  0.00445
   -40.00  -0.01375  0.35674  0.00417
   -30.00  -0.01483  0.35211  0.00434
   -20.00  -0.01647  0.34831  0.00595
   -10.00  -0.00668  0.34486  0.00258
    -4.17  -0.00142  0.34286  -0.00293
    -3.17  0.00098  0.34285  -0.00297
    -2.12  0.00347  0.34285  -0.00301
    -1.08  0.00597  0.34285  -0.00305
    -0.05  0.00846  0.34285  -0.00307
    -0.00  0.00846  0.34285  -0.00307
     1.14  0.01140  0.34286  -0.00309
     2.29  0.01416  0.34286  -0.00312
     3.43  0.01693  0.34287  -0.00313
     4.57  0.01962  0.34288  -0.00313
     5.72  0.02222  0.34288  -0.00311
     6.86  0.02468  0.34290  -0.00306
     8.00  0.02671  0.34291  -0.00294
    10.63  0.02763  0.34318  -0.00231
    13.25  0.02419  0.34504  -0.00214
    15.88  0.02337  0.34620  -0.00232
    18.50  0.02390  0.34734  -0.00260
    21.13  0.02376  0.34879  -0.00305
    23.75  0.02306  0.34978  -0.00363
    26.38  0.02235  0.35077  -0.00420
    29.00  0.02164  0.35177  -0.00478
    31.63  0.02114  0.35290  -0.00520
    34.25  0.02075  0.35411  -0.00555
    36.88  0.02035  0.35532  -0.00589
    39.50  0.01995  0.35653  -0.00624
    42.13  0.01944  0.35780  -0.00653
    44.75  0.01889  0.35907  -0.00682
    47.38  0.01835  0.36035  -0.00710
    50.00  0.01780  0.36163  -0.00739
    60.00  0.01462  0.36616  -0.00837
    70.00  0.01037  0.36975  -0.00921
    80.00  0.00536  0.37195  -0.00991
    90.00  0.00010  0.37244  -0.01041
   100.00  -0.00359  0.37195  -0.01083
   110.00  -0.00710  0.36975  -0.01090
   120.00  -0.01007  0.36616  -0.01071
   130.00  -0.01230  0.36163  -0.01037
   140.00  -0.01375  0.35674  -0.01009
   150.00  -0.01483  0.35211  -0.01025
   160.00  -0.01651  0.34831  -0.01189
   170.00  -0.00820  0.34583  -0.01062
   180.00  0.00010  0.34497  -0.00010
EOT
