AeroDyn airfoil file.  Compatible with AeroDyn v13.0.
Interpolated thickness: 0.735

  1        Number of airfoil tables in this file
  9990     Reynolds number in millions.  For efficiency, make very large if only one table.
  0        Control setting
  10.6969  Stall angle (deg)
  -3.16757 Zero lift angle of attack (deg)
  2.53121  Cn slope for zero lift (dimensionless)
  0.612506 Cn at stall value for positive angle of attack
  -0.8     Cn at stall value for negative angle of attack
  -2.12    Angle of attack for minimum CD (deg)
  0.231622 Minimum CD value
  -180.00  0.00007  0.26663  -0.00007
  -170.00  0.13745  0.28096  0.13941
  -160.00  0.27518  0.32207  -0.05000
  -150.00  0.24728  0.38490  -0.02203
  -140.00  0.22950  0.46158  -0.00254
  -130.00  0.20544  0.54258  0.01632
  -120.00  0.16848  0.61762  0.03505
  -110.00  0.11932  0.67717  0.05241
  -100.00  0.06108  0.71354  0.06664
   -90.00  0.00007  0.72170  0.07598
   -80.00  -0.06095  0.71354  0.08289
   -70.00  -0.11918  0.67717  0.08414
   -60.00  -0.16835  0.61762  0.08090
   -50.00  -0.20531  0.54258  0.07525
   -40.00  -0.22937  0.46158  0.07065
   -30.00  -0.24715  0.38490  0.07340
   -20.00  -0.27435  0.32200  0.10018
   -10.00  -0.11221  0.26492  0.04425
    -4.17  -0.02504  0.23169  -0.04700
    -3.17  0.01471  0.23166  -0.04770
    -2.12  0.05585  0.23162  -0.04825
    -1.08  0.09735  0.23162  -0.04888
    -0.05  0.13849  0.23166  -0.04923
    -0.02  0.13859  0.23166  -0.04923
     1.15  0.18719  0.23173  -0.04968
     2.31  0.23297  0.23179  -0.05006
     3.46  0.27890  0.23191  -0.05032
     4.62  0.32338  0.23201  -0.05026
     5.77  0.36645  0.23214  -0.04994
     6.92  0.40728  0.23236  -0.04920
     8.08  0.44080  0.23260  -0.04714
    10.70  0.45604  0.23702  -0.03665
    13.32  0.39915  0.26788  -0.03385
    15.94  0.38543  0.28698  -0.03682
    18.56  0.39423  0.30601  -0.04143
    21.18  0.39204  0.32990  -0.04894
    23.80  0.38034  0.34637  -0.05848
    26.42  0.36863  0.36283  -0.06803
    29.04  0.35692  0.37929  -0.07757
    31.66  0.34861  0.39810  -0.08459
    34.28  0.34206  0.41812  -0.09031
    36.90  0.33550  0.43814  -0.09603
    39.52  0.32895  0.45817  -0.10174
    42.14  0.32035  0.47913  -0.10665
    44.76  0.31134  0.50028  -0.11138
    47.38  0.30232  0.52143  -0.11611
    50.00  0.29331  0.54258  -0.12085
    60.00  0.24066  0.61762  -0.13699
    70.00  0.17022  0.67717  -0.15105
    80.00  0.08724  0.71354  -0.16259
    90.00  0.00007  0.72170  -0.17089
   100.00  -0.06095  0.71354  -0.17775
   110.00  -0.11918  0.67717  -0.17904
   120.00  -0.16835  0.61762  -0.17577
   130.00  -0.20531  0.54258  -0.17015
   140.00  -0.22937  0.46158  -0.16552
   150.00  -0.24715  0.38490  -0.16827
   160.00  -0.27505  0.32207  -0.19533
   170.00  -0.13732  0.28096  -0.17441
   180.00  0.00007  0.26663  -0.00007
EOT
