AeroDyn airfoil file.  Compatible with AeroDyn v13.0.
Interpolated thickness: 0.637

  1        Number of airfoil tables in this file
  9990     Reynolds number in millions.  For efficiency, make very large if only one table.
  0        Control setting
  10.7235  Stall angle (deg)
  -3.30951 Zero lift angle of attack (deg)
  3.32194  Cn slope for zero lift (dimensionless)
  0.813617 Cn at stall value for positive angle of attack
  -0.8     Cn at stall value for negative angle of attack
  -2.12    Angle of attack for minimum CD (deg)
  0.187844 Minimum CD value
  -180.00  0.00005  0.23580  -0.00005
  -170.00  0.18824  0.25543  0.19100
  -160.00  0.37690  0.31174  -0.06845
  -150.00  0.33869  0.39781  -0.03014
  -140.00  0.31433  0.50284  -0.00344
  -130.00  0.28138  0.61380  0.02240
  -120.00  0.23075  0.71658  0.04805
  -110.00  0.16340  0.79816  0.07183
  -100.00  0.08364  0.84798  0.09132
   -90.00  0.00005  0.85916  0.10412
   -80.00  -0.08353  0.84798  0.11358
   -70.00  -0.16330  0.79816  0.11530
   -60.00  -0.23064  0.71658  0.11085
   -50.00  -0.28127  0.61380  0.10312
   -40.00  -0.31423  0.50284  0.09681
   -30.00  -0.33859  0.39781  0.10058
   -20.00  -0.37584  0.31165  0.13727
   -10.00  -0.15375  0.23346  0.06065
    -4.17  -0.03434  0.18794  -0.06434
    -3.17  0.02011  0.18789  -0.06530
    -2.12  0.07647  0.18784  -0.06606
    -1.08  0.13331  0.18784  -0.06692
    -0.05  0.18967  0.18789  -0.06740
    -0.02  0.18980  0.18789  -0.06740
     1.16  0.25638  0.18800  -0.06801
     2.32  0.31909  0.18808  -0.06854
     3.47  0.38200  0.18824  -0.06890
     4.63  0.44294  0.18838  -0.06881
     5.79  0.50193  0.18856  -0.06838
     6.95  0.55786  0.18885  -0.06735
     8.11  0.60378  0.18918  -0.06453
    10.72  0.62465  0.19523  -0.05016
    13.34  0.54672  0.23751  -0.04634
    15.96  0.52794  0.26368  -0.05040
    18.58  0.53998  0.28975  -0.05672
    21.20  0.53699  0.32247  -0.06701
    23.82  0.52095  0.34502  -0.08008
    26.43  0.50492  0.36757  -0.09315
    29.05  0.48888  0.39012  -0.10622
    31.67  0.47750  0.41589  -0.11583
    34.29  0.46852  0.44332  -0.12367
    36.91  0.45954  0.47074  -0.13150
    39.53  0.45056  0.49817  -0.13933
    42.14  0.43878  0.52688  -0.14605
    44.76  0.42644  0.55585  -0.15253
    47.38  0.41409  0.58482  -0.15902
    50.00  0.40174  0.61380  -0.16550
    60.00  0.32962  0.71658  -0.18762
    70.00  0.23314  0.79816  -0.20687
    80.00  0.11946  0.84798  -0.22268
    90.00  0.00005  0.85916  -0.23404
   100.00  -0.08353  0.84798  -0.24345
   110.00  -0.16330  0.79816  -0.24522
   120.00  -0.23064  0.71658  -0.24073
   130.00  -0.28127  0.61380  -0.23304
   140.00  -0.31423  0.50284  -0.22669
   150.00  -0.33859  0.39781  -0.23046
   160.00  -0.37680  0.31174  -0.26753
   170.00  -0.18813  0.25543  -0.23887
   180.00  0.00005  0.23580  -0.00005
EOT
