AeroDyn airfoil file.  Compatible with AeroDyn v13.0.
Interpolated thickness: 0.171

  1        Number of airfoil tables in this file
  9990     Reynolds number in millions.  For efficiency, make very large if only one table.
  0        Control setting
  13.2798  Stall angle (deg)
  -5.53231 Zero lift angle of attack (deg)
  6.08456  Cn slope for zero lift (dimensionless)
  1.99776  Cn at stall value for positive angle of attack
  -0.8     Cn at stall value for negative angle of attack
  -4.09    Angle of attack for minimum CD (deg)
  0.00665846 Minimum CD value
  -180.00  0.00000  0.18986  0.00000
  -170.00  0.40090  0.22967  0.40000
  -160.00  0.80280  0.34403  -0.13768
  -150.00  0.71097  0.51841  -0.06192
  -140.00  0.65997  0.73042  -0.00690
  -130.00  0.58999  0.95297  0.04631
  -120.00  0.48399  1.15693  0.09814
  -110.00  0.34200  1.31531  0.14459
  -100.00  0.17500  1.40630  0.18095
   -90.00  0.00000  1.41600  0.20233
   -80.00  -0.17500  1.40630  0.22341
   -70.00  -0.34200  1.31531  0.22849
   -60.00  -0.48399  1.15693  0.22037
   -50.00  -0.58999  0.95297  0.20476
   -40.00  -0.65997  0.73042  0.19097
   -30.00  -0.71097  0.51841  0.19621
   -20.00  -0.80179  0.34373  0.26986
   -10.00  -0.26483  0.10472  0.05278
    -6.04  -0.07413  0.01015  -0.14444
    -5.04  0.04871  0.00706  -0.15543
    -4.09  0.15386  0.00666  -0.15836
    -3.02  0.26896  0.00676  -0.15957
    -2.02  0.37505  0.00685  -0.16018
    -1.03  0.48017  0.00695  -0.16060
    -0.00  0.58823  0.00715  -0.16160
     0.68  0.66216  0.00735  -0.16110
     1.37  0.73468  0.00762  -0.16125
     2.05  0.80590  0.00796  -0.16203
     2.73  0.87689  0.00828  -0.16145
     3.42  0.94723  0.00858  -0.16089
     4.10  1.01659  0.00886  -0.16033
     6.39  1.19662  0.01263  -0.15064
     8.69  1.35073  0.01787  -0.13871
    10.98  1.48990  0.02533  -0.12756
    13.28  1.53633  0.05538  -0.11713
    15.57  1.33998  0.19807  -0.13135
    17.87  1.24706  0.27370  -0.13956
    20.16  1.14612  0.34680  -0.17280
    22.46  1.11574  0.38685  -0.19515
    24.75  1.08537  0.42690  -0.21750
    27.05  1.05500  0.46694  -0.23985
    29.34  1.02472  0.50706  -0.26213
    31.64  1.00398  0.55320  -0.27843
    33.93  0.98723  0.60185  -0.29223
    36.23  0.97048  0.65051  -0.30603
    38.52  0.95372  0.69916  -0.31984
    40.82  0.93468  0.74868  -0.33281
    43.11  0.91151  0.79975  -0.34429
    45.41  0.88833  0.85082  -0.35577
    47.70  0.86516  0.90190  -0.36725
    50.00  0.84199  0.95297  -0.37873
    60.00  0.69099  1.15693  -0.42227
    70.00  0.48899  1.31531  -0.45892
    80.00  0.25000  1.40630  -0.48729
    90.00  0.00000  1.41600  -0.50567
   100.00  -0.17500  1.40630  -0.52675
   110.00  -0.34200  1.31531  -0.53183
   120.00  -0.48399  1.15693  -0.52371
   130.00  -0.58999  0.95297  -0.50811
   140.00  -0.65997  0.73042  -0.49431
   150.00  -0.71097  0.51841  -0.49955
   160.00  -0.80280  0.34403  -0.57350
   170.00  -0.40090  0.22967  -0.50000
   180.00  0.00000  0.18986  0.00000
EOT
