AeroDyn airfoil file.  Compatible with AeroDyn v13.0.
Interpolated thickness: 0.593

  1        Number of airfoil tables in this file
  9990     Reynolds number in millions.  For efficiency, make very large if only one table.
  0        Control setting
  10.7355  Stall angle (deg)
  -3.35652 Zero lift angle of attack (deg)
  3.6742   Cn slope for zero lift (dimensionless)
  0.903675 Cn at stall value for positive angle of attack
  -0.8     Cn at stall value for negative angle of attack
  -2.12    Angle of attack for minimum CD (deg)
  0.168189 Minimum CD value
  -180.00  0.00005  0.22196  -0.00005
  -170.00  0.21104  0.24397  0.21416
  -160.00  0.42258  0.30710  -0.07673
  -150.00  0.37973  0.40361  -0.03378
  -140.00  0.35242  0.52137  -0.00385
  -130.00  0.31547  0.64577  0.02512
  -120.00  0.25871  0.76102  0.05388
  -110.00  0.18320  0.85248  0.08055
  -100.00  0.09376  0.90834  0.10240
   -90.00  0.00005  0.92087  0.11675
   -80.00  -0.09367  0.90834  0.12736
   -70.00  -0.18310  0.85248  0.12928
   -60.00  -0.25861  0.76102  0.12430
   -50.00  -0.31538  0.64577  0.11563
   -40.00  -0.35233  0.52137  0.10856
   -30.00  -0.37964  0.40361  0.11279
   -20.00  -0.42141  0.30700  0.15392
   -10.00  -0.17239  0.21933  0.06802
    -4.17  -0.03851  0.16830  -0.07213
    -3.17  0.02254  0.16824  -0.07320
    -2.12  0.08573  0.16819  -0.07406
    -1.08  0.14946  0.16819  -0.07502
    -0.05  0.21265  0.16824  -0.07556
    -0.03  0.21280  0.16824  -0.07556
     1.16  0.28745  0.16836  -0.07624
     2.32  0.35776  0.16845  -0.07683
     3.48  0.42830  0.16864  -0.07723
     4.64  0.49661  0.16879  -0.07713
     5.80  0.56275  0.16899  -0.07665
     6.96  0.62546  0.16932  -0.07551
     8.12  0.67695  0.16969  -0.07234
    10.74  0.70035  0.17647  -0.05623
    13.35  0.61298  0.22387  -0.05194
    15.97  0.59192  0.25322  -0.05650
    18.59  0.60542  0.28244  -0.06358
    21.21  0.60207  0.31913  -0.07512
    23.82  0.58409  0.34442  -0.08977
    26.44  0.56611  0.36970  -0.10442
    29.06  0.54813  0.39499  -0.11908
    31.68  0.53536  0.42388  -0.12986
    34.29  0.52529  0.45463  -0.13864
    36.91  0.51523  0.48538  -0.14743
    39.53  0.50516  0.51613  -0.15621
    42.15  0.49196  0.54832  -0.16374
    44.76  0.47811  0.58080  -0.17101
    47.38  0.46427  0.61329  -0.17828
    50.00  0.45042  0.64577  -0.18555
    60.00  0.36956  0.76102  -0.21035
    70.00  0.26138  0.85248  -0.23193
    80.00  0.13393  0.90834  -0.24966
    90.00  0.00005  0.92087  -0.26240
   100.00  -0.09367  0.90834  -0.27295
   110.00  -0.18310  0.85248  -0.27493
   120.00  -0.25861  0.76102  -0.26990
   130.00  -0.31538  0.64577  -0.26128
   140.00  -0.35233  0.52137  -0.25415
   150.00  -0.37964  0.40361  -0.25838
   160.00  -0.42248  0.30710  -0.29994
   170.00  -0.21095  0.24397  -0.26781
   180.00  0.00005  0.22196  -0.00005
EOT
