AeroDyn airfoil file.  Compatible with AeroDyn v13.0.
Interpolated thickness: 0.783

  1        Number of airfoil tables in this file
  9990     Reynolds number in millions.  For efficiency, make very large if only one table.
  0        Control setting
  10.6839  Stall angle (deg)
  -3.06552 Zero lift angle of attack (deg)
  2.1408   Cn slope for zero lift (dimensionless)
  0.513734 Cn at stall value for positive angle of attack
  -0.8     Cn at stall value for negative angle of attack
  -2.12    Angle of attack for minimum CD (deg)
  0.253064 Minimum CD value
  -180.00  0.00007  0.28173  -0.00007
  -170.00  0.11257  0.29347  0.11414
  -160.00  0.22535  0.32713  -0.04096
  -150.00  0.20251  0.37858  -0.01806
  -140.00  0.18795  0.44137  -0.00210
  -130.00  0.16825  0.50770  0.01335
  -120.00  0.13798  0.56914  0.02868
  -110.00  0.09772  0.61791  0.04290
  -100.00  0.05004  0.64769  0.05455
   -90.00  0.00007  0.65437  0.06220
   -80.00  -0.04990  0.64769  0.06786
   -70.00  -0.09758  0.61791  0.06888
   -60.00  -0.13784  0.56914  0.06623
   -50.00  -0.16810  0.50770  0.06160
   -40.00  -0.18780  0.44137  0.05783
   -30.00  -0.20237  0.37858  0.06009
   -20.00  -0.22464  0.32707  0.08202
   -10.00  -0.09187  0.28033  0.03622
    -4.17  -0.02049  0.25312  -0.03850
    -3.17  0.01206  0.25309  -0.03907
    -2.12  0.04576  0.25306  -0.03953
    -1.08  0.07973  0.25306  -0.04005
    -0.05  0.11343  0.25309  -0.04033
    -0.01  0.11350  0.25309  -0.04033
     1.15  0.15330  0.25315  -0.04070
     2.30  0.19079  0.25321  -0.04101
     3.46  0.22840  0.25330  -0.04123
     4.61  0.26483  0.25338  -0.04117
     5.76  0.30009  0.25349  -0.04092
     6.91  0.33352  0.25367  -0.04030
     8.06  0.36098  0.25386  -0.03862
    10.68  0.37345  0.25748  -0.03003
    13.30  0.32687  0.28275  -0.02774
    15.93  0.31564  0.29840  -0.03017
    18.55  0.32284  0.31398  -0.03395
    21.17  0.32105  0.33354  -0.04010
    23.79  0.31146  0.34702  -0.04791
    26.41  0.30188  0.36050  -0.05572
    29.03  0.29229  0.37399  -0.06354
    31.65  0.28549  0.38939  -0.06929
    34.27  0.28012  0.40578  -0.07397
    36.89  0.27475  0.42218  -0.07865
    39.52  0.26938  0.43857  -0.08333
    42.14  0.26234  0.45574  -0.08735
    44.76  0.25496  0.47306  -0.09122
    47.38  0.24758  0.49038  -0.09510
    50.00  0.24020  0.50770  -0.09898
    60.00  0.19708  0.56914  -0.11220
    70.00  0.13941  0.61791  -0.12370
    80.00  0.07145  0.64769  -0.13316
    90.00  0.00007  0.65437  -0.13995
   100.00  -0.04990  0.64769  -0.14558
   110.00  -0.09758  0.61791  -0.14663
   120.00  -0.13784  0.56914  -0.14395
   130.00  -0.16810  0.50770  -0.13935
   140.00  -0.18780  0.44137  -0.13555
   150.00  -0.20237  0.37858  -0.13781
   160.00  -0.22521  0.32713  -0.15997
   170.00  -0.11243  0.29347  -0.14283
   180.00  0.00007  0.28173  -0.00007
EOT
