AeroDyn airfoil file.  Compatible with AeroDyn v13.0.
Interpolated thickness: 0.748

  1        Number of airfoil tables in this file
  9990     Reynolds number in millions.  For efficiency, make very large if only one table.
  0        Control setting
  10.6934  Stall angle (deg)
  -3.14284 Zero lift angle of attack (deg)
  2.42568  Cn slope for zero lift (dimensionless)
  0.585772 Cn at stall value for positive angle of attack
  -0.8     Cn at stall value for negative angle of attack
  -2.12    Angle of attack for minimum CD (deg)
  0.237429 Minimum CD value
  -180.00  0.00007  0.27072  -0.00007
  -170.00  0.13071  0.28435  0.13256
  -160.00  0.26168  0.32344  -0.04755
  -150.00  0.23516  0.38319  -0.02096
  -140.00  0.21825  0.45611  -0.00242
  -130.00  0.19537  0.53313  0.01552
  -120.00  0.16022  0.60449  0.03332
  -110.00  0.11347  0.66112  0.04984
  -100.00  0.05809  0.69570  0.06336
   -90.00  0.00007  0.70346  0.07225
   -80.00  -0.05796  0.69570  0.07882
   -70.00  -0.11333  0.66112  0.08001
   -60.00  -0.16009  0.60449  0.07693
   -50.00  -0.19523  0.53313  0.07155
   -40.00  -0.21811  0.45611  0.06718
   -30.00  -0.23502  0.38319  0.06980
   -20.00  -0.26089  0.32337  0.09526
   -10.00  -0.10670  0.26909  0.04208
    -4.17  -0.02381  0.23750  -0.04470
    -3.17  0.01399  0.23746  -0.04536
    -2.12  0.05312  0.23743  -0.04589
    -1.08  0.09258  0.23743  -0.04649
    -0.05  0.13170  0.23746  -0.04682
    -0.02  0.13179  0.23746  -0.04682
     1.15  0.17802  0.23753  -0.04725
     2.31  0.22155  0.23759  -0.04761
     3.46  0.26522  0.23771  -0.04786
     4.61  0.30752  0.23780  -0.04780
     5.77  0.34848  0.23792  -0.04750
     6.92  0.38730  0.23813  -0.04679
     8.07  0.41918  0.23836  -0.04483
    10.69  0.43367  0.24256  -0.03486
    13.31  0.37957  0.27191  -0.03220
    15.93  0.36653  0.29008  -0.03502
    18.55  0.37490  0.30817  -0.03940
    21.18  0.37282  0.33089  -0.04655
    23.80  0.36168  0.34654  -0.05562
    26.42  0.35055  0.36220  -0.06469
    29.04  0.33942  0.37786  -0.07377
    31.66  0.33152  0.39574  -0.08044
    34.28  0.32528  0.41478  -0.08588
    36.90  0.31905  0.43382  -0.09132
    39.52  0.31281  0.45286  -0.09676
    42.14  0.30464  0.47279  -0.10142
    44.76  0.29607  0.49290  -0.10592
    47.38  0.28750  0.51302  -0.11042
    50.00  0.27892  0.53313  -0.11493
    60.00  0.22886  0.60449  -0.13028
    70.00  0.16188  0.66112  -0.14364
    80.00  0.08296  0.69570  -0.15462
    90.00  0.00007  0.70346  -0.16251
   100.00  -0.05796  0.69570  -0.16904
   110.00  -0.11333  0.66112  -0.17027
   120.00  -0.16009  0.60449  -0.16715
   130.00  -0.19523  0.53313  -0.16181
   140.00  -0.21811  0.45611  -0.15740
   150.00  -0.23502  0.38319  -0.16002
   160.00  -0.26155  0.32344  -0.18575
   170.00  -0.13058  0.28435  -0.16586
   180.00  0.00007  0.27072  -0.00007
EOT
