AeroDyn airfoil file.  Compatible with AeroDyn v13.0.
Interpolated thickness: 0.491

  1        Number of airfoil tables in this file
  9990     Reynolds number in millions.  For efficiency, make very large if only one table.
  0        Control setting
  10.7631  Stall angle (deg)
  -3.4433  Zero lift angle of attack (deg)
  4.48433  Cn slope for zero lift (dimensionless)
  1.11189  Cn at stall value for positive angle of attack
  -0.8     Cn at stall value for negative angle of attack
  -2.12    Angle of attack for minimum CD (deg)
  0.122624 Minimum CD value
  -180.00  0.00003  0.18987  -0.00003
  -170.00  0.26391  0.21739  0.26786
  -160.00  0.52846  0.29635  -0.09594
  -150.00  0.47488  0.41704  -0.04223
  -140.00  0.44072  0.56432  -0.00479
  -130.00  0.39451  0.71990  0.03144
  -120.00  0.32352  0.86402  0.06741
  -110.00  0.22908  0.97841  0.10076
  -100.00  0.11724  1.04827  0.12809
   -90.00  0.00003  1.06394  0.14604
   -80.00  -0.11717  1.04827  0.15930
   -70.00  -0.22902  0.97841  0.16171
   -60.00  -0.32345  0.86402  0.15548
   -50.00  -0.39444  0.71990  0.14463
   -40.00  -0.44065  0.56432  0.13579
   -30.00  -0.47481  0.41704  0.14108
   -20.00  -0.52705  0.29622  0.19252
   -10.00  -0.21562  0.18658  0.08509
    -4.17  -0.04819  0.12276  -0.09018
    -3.17  0.02816  0.12269  -0.09152
    -2.12  0.10719  0.12262  -0.09259
    -1.08  0.18689  0.12262  -0.09380
    -0.05  0.26592  0.12269  -0.09447
    -0.03  0.26610  0.12269  -0.09447
     1.16  0.35946  0.12284  -0.09533
     2.33  0.44739  0.12296  -0.09606
     3.49  0.53561  0.12318  -0.09657
     4.66  0.62105  0.12337  -0.09644
     5.82  0.70376  0.12362  -0.09584
     6.98  0.78219  0.12404  -0.09440
     8.15  0.84658  0.12450  -0.09045
    10.76  0.87585  0.13298  -0.07030
    13.38  0.76657  0.19226  -0.06493
    15.99  0.74023  0.22896  -0.07063
    18.61  0.75713  0.26551  -0.07949
    21.23  0.75293  0.31140  -0.09392
    23.84  0.73044  0.34302  -0.11224
    26.46  0.70796  0.37464  -0.13057
    29.07  0.68547  0.40626  -0.14890
    31.69  0.66951  0.44239  -0.16238
    34.31  0.65691  0.48085  -0.17337
    36.92  0.64432  0.51930  -0.18435
    39.54  0.63173  0.55776  -0.19533
    42.15  0.61522  0.59802  -0.20475
    44.77  0.59791  0.63864  -0.21384
    47.38  0.58060  0.67927  -0.22294
    50.00  0.56328  0.71990  -0.23203
    60.00  0.46215  0.86402  -0.26304
    70.00  0.32686  0.97841  -0.29003
    80.00  0.16747  1.04827  -0.31220
    90.00  0.00003  1.06394  -0.32814
   100.00  -0.11717  1.04827  -0.34133
   110.00  -0.22902  0.97841  -0.34381
   120.00  -0.32345  0.86402  -0.33751
   130.00  -0.39444  0.71990  -0.32673
   140.00  -0.44065  0.56432  -0.31782
   150.00  -0.47481  0.41704  -0.32311
   160.00  -0.52839  0.29635  -0.37509
   170.00  -0.26384  0.21739  -0.33490
   180.00  0.00003  0.18987  -0.00003
EOT
