AeroDyn airfoil file.  Compatible with AeroDyn v13.0.
Interpolated thickness: 0.267

  1        Number of airfoil tables in this file
  9990     Reynolds number in millions.  For efficiency, make very large if only one table.
  0        Control setting
  10.8239  Stall angle (deg)
  -3.57709 Zero lift angle of attack (deg)
  6.23219  Cn slope for zero lift (dimensionless)
  1.56643  Cn at stall value for positive angle of attack
  -0.8     Cn at stall value for negative angle of attack
  -2.12    Angle of attack for minimum CD (deg)
  0.0225612 Minimum CD value
  -180.00  0.00000  0.11939  -0.00000
  -170.00  0.38001  0.15903  0.38579
  -160.00  0.76097  0.27275  -0.13812
  -150.00  0.68382  0.44654  -0.06077
  -140.00  0.63463  0.65863  -0.00685
  -130.00  0.56808  0.88268  0.04533
  -120.00  0.46584  1.09023  0.09712
  -110.00  0.32985  1.25497  0.14515
  -100.00  0.16879  1.35556  0.18450
   -90.00  0.00000  1.37813  0.21035
   -80.00  -0.16878  1.35556  0.22944
   -70.00  -0.32985  1.25497  0.23292
   -60.00  -0.46584  1.09023  0.22395
   -50.00  -0.56807  0.88268  0.20832
   -40.00  -0.63462  0.65863  0.19559
   -30.00  -0.68381  0.44654  0.20321
   -20.00  -0.75904  0.27255  0.27728
   -10.00  -0.31056  0.11467  0.12258
    -4.17  -0.06944  0.02275  -0.12982
    -3.17  0.04051  0.02266  -0.13175
    -2.12  0.15432  0.02256  -0.13329
    -1.08  0.26909  0.02256  -0.13503
    -0.05  0.38290  0.02266  -0.13599
    -0.05  0.38316  0.02266  -0.13600
     1.17  0.51761  0.02287  -0.13724
     2.35  0.64424  0.02304  -0.13829
     3.52  0.77127  0.02337  -0.13902
     4.69  0.89431  0.02364  -0.13884
     5.87  1.01343  0.02400  -0.13797
     7.04  1.12637  0.02460  -0.13591
     8.21  1.21910  0.02526  -0.13021
    10.82  1.26124  0.03748  -0.10119
    13.44  1.10388  0.12285  -0.09346
    16.05  1.06595  0.17569  -0.10167
    18.66  1.09028  0.22833  -0.11443
    21.27  1.08423  0.29441  -0.13520
    23.88  1.05185  0.33995  -0.16159
    26.49  1.01947  0.38548  -0.18799
    29.11  0.98709  0.43102  -0.21438
    31.72  0.96410  0.48305  -0.23380
    34.33  0.94597  0.53843  -0.24962
    36.94  0.92783  0.59381  -0.26543
    39.55  0.90970  0.64919  -0.28125
    42.16  0.88592  0.70717  -0.29481
    44.78  0.86099  0.76567  -0.30791
    47.39  0.83606  0.82417  -0.32100
    50.00  0.81113  0.88268  -0.33410
    60.00  0.66549  1.09023  -0.37875
    70.00  0.47067  1.25497  -0.41762
    80.00  0.24112  1.35556  -0.44954
    90.00  0.00000  1.37813  -0.47250
   100.00  -0.16878  1.35556  -0.49150
   110.00  -0.32985  1.25497  -0.49507
   120.00  -0.46584  1.09023  -0.48600
   130.00  -0.56807  0.88268  -0.47047
   140.00  -0.63462  0.65863  -0.45765
   150.00  -0.68381  0.44654  -0.46527
   160.00  -0.76097  0.27275  -0.54011
   170.00  -0.38000  0.15903  -0.48224
   180.00  0.00000  0.11939  -0.00000
EOT
