AeroDyn airfoil file.  Compatible with AeroDyn v13.0.
Interpolated thickness: 0.514

  1        Number of airfoil tables in this file
  9990     Reynolds number in millions.  For efficiency, make very large if only one table.
  0        Control setting
  10.7569  Stall angle (deg)
  -3.4258  Zero lift angle of attack (deg)
  4.30244  Cn slope for zero lift (dimensionless)
  1.065    Cn at stall value for positive angle of attack
  -0.8     Cn at stall value for negative angle of attack
  -2.12    Angle of attack for minimum CD (deg)
  0.132899 Minimum CD value
  -180.00  0.00004  0.19710  -0.00004
  -170.00  0.25199  0.22338  0.25575
  -160.00  0.50458  0.29878  -0.09161
  -150.00  0.45342  0.41401  -0.04032
  -140.00  0.42081  0.55463  -0.00458
  -130.00  0.37669  0.70318  0.03002
  -120.00  0.30890  0.84080  0.06436
  -110.00  0.21874  0.95002  0.09620
  -100.00  0.11194  1.01672  0.12230
   -90.00  0.00004  1.03168  0.13943
   -80.00  -0.11187  1.01672  0.15209
   -70.00  -0.21866  0.95002  0.15440
   -60.00  -0.30883  0.84080  0.14845
   -50.00  -0.37661  0.70318  0.13809
   -40.00  -0.42074  0.55463  0.12965
   -30.00  -0.45335  0.41401  0.13470
   -20.00  -0.50323  0.29865  0.18381
   -10.00  -0.20587  0.19397  0.08124
    -4.17  -0.04601  0.13303  -0.08611
    -3.17  0.02689  0.13296  -0.08739
    -2.12  0.10235  0.13290  -0.08841
    -1.08  0.17845  0.13290  -0.08956
    -0.05  0.25391  0.13296  -0.09020
    -0.03  0.25408  0.13296  -0.09020
     1.16  0.34322  0.13310  -0.09102
     2.33  0.42718  0.13322  -0.09173
     3.49  0.51141  0.13343  -0.09221
     4.65  0.59299  0.13361  -0.09209
     5.81  0.67197  0.13385  -0.09151
     6.98  0.74685  0.13425  -0.09014
     8.14  0.80833  0.13469  -0.08637
    10.76  0.83627  0.14279  -0.06713
    13.37  0.73194  0.19939  -0.06200
    15.99  0.70679  0.23443  -0.06744
    18.61  0.72292  0.26933  -0.07590
    21.22  0.71891  0.31314  -0.08968
    23.84  0.69744  0.34333  -0.10718
    26.45  0.67597  0.37353  -0.12467
    29.07  0.65450  0.40372  -0.14217
    31.69  0.63926  0.43822  -0.15505
    34.30  0.62724  0.47494  -0.16554
    36.92  0.61521  0.51165  -0.17602
    39.54  0.60319  0.54837  -0.18651
    42.15  0.58743  0.58681  -0.19550
    44.77  0.57090  0.62560  -0.20418
    47.38  0.55436  0.66439  -0.21287
    50.00  0.53783  0.70318  -0.22155
    60.00  0.44127  0.84080  -0.25116
    70.00  0.31210  0.95002  -0.27693
    80.00  0.15990  1.01672  -0.29809
    90.00  0.00004  1.03168  -0.31331
   100.00  -0.11187  1.01672  -0.32591
   110.00  -0.21866  0.95002  -0.32828
   120.00  -0.30883  0.84080  -0.32227
   130.00  -0.37661  0.70318  -0.31197
   140.00  -0.42074  0.55463  -0.30347
   150.00  -0.45335  0.41401  -0.30852
   160.00  -0.50451  0.29878  -0.35814
   170.00  -0.25192  0.22338  -0.31977
   180.00  0.00004  0.19710  -0.00004
EOT
