AeroDyn airfoil file.  Compatible with AeroDyn v13.0.
Interpolated thickness: 0.591

  1        Number of airfoil tables in this file
  9990     Reynolds number in millions.  For efficiency, make very large if only one table.
  0        Control setting
  10.736   Stall angle (deg)
  -3.35849 Zero lift angle of attack (deg)
  3.69017  Cn slope for zero lift (dimensionless)
  0.907765 Cn at stall value for positive angle of attack
  -0.8     Cn at stall value for negative angle of attack
  -2.12    Angle of attack for minimum CD (deg)
  0.167295 Minimum CD value
  -180.00  0.00005  0.22133  -0.00005
  -170.00  0.21208  0.24344  0.21522
  -160.00  0.42465  0.30689  -0.07711
  -150.00  0.38160  0.40387  -0.03395
  -140.00  0.35415  0.52221  -0.00387
  -130.00  0.31702  0.64722  0.02525
  -120.00  0.25998  0.76304  0.05415
  -110.00  0.18410  0.85495  0.08095
  -100.00  0.09422  0.91108  0.10290
   -90.00  0.00005  0.92368  0.11733
   -80.00  -0.09413  0.91108  0.12798
   -70.00  -0.18400  0.85495  0.12992
   -60.00  -0.25988  0.76304  0.12491
   -50.00  -0.31693  0.64722  0.11620
   -40.00  -0.35406  0.52221  0.10909
   -30.00  -0.38151  0.40387  0.11334
   -20.00  -0.42348  0.30679  0.15467
   -10.00  -0.17324  0.21869  0.06835
    -4.17  -0.03870  0.16740  -0.07248
    -3.17  0.02265  0.16735  -0.07356
    -2.12  0.08615  0.16730  -0.07442
    -1.08  0.15019  0.16730  -0.07539
    -0.05  0.21369  0.16735  -0.07593
    -0.03  0.21384  0.16735  -0.07593
     1.16  0.28886  0.16747  -0.07662
     2.32  0.35952  0.16756  -0.07721
     3.48  0.43040  0.16774  -0.07761
     4.64  0.49905  0.16790  -0.07751
     5.80  0.56552  0.16810  -0.07703
     6.96  0.62853  0.16843  -0.07588
     8.12  0.68028  0.16880  -0.07270
    10.74  0.70379  0.17562  -0.05651
    13.35  0.61599  0.22325  -0.05220
    15.97  0.59482  0.25274  -0.05677
    18.59  0.60840  0.28211  -0.06389
    21.21  0.60502  0.31898  -0.07548
    23.82  0.58696  0.34439  -0.09021
    26.44  0.56889  0.36980  -0.10494
    29.06  0.55082  0.39521  -0.11966
    31.68  0.53799  0.42424  -0.13050
    34.29  0.52787  0.45514  -0.13933
    36.91  0.51776  0.48604  -0.14815
    39.53  0.50764  0.51694  -0.15698
    42.15  0.49437  0.54929  -0.16454
    44.76  0.48046  0.58194  -0.17185
    47.38  0.46655  0.61458  -0.17916
    50.00  0.45264  0.64722  -0.18646
    60.00  0.37138  0.76304  -0.21138
    70.00  0.26267  0.85495  -0.23307
    80.00  0.13459  0.91108  -0.25088
    90.00  0.00005  0.92368  -0.26369
   100.00  -0.09413  0.91108  -0.27429
   110.00  -0.18400  0.85495  -0.27628
   120.00  -0.25988  0.76304  -0.27122
   130.00  -0.31693  0.64722  -0.26256
   140.00  -0.35406  0.52221  -0.25540
   150.00  -0.38151  0.40387  -0.25965
   160.00  -0.42456  0.30689  -0.30141
   170.00  -0.21199  0.24344  -0.26913
   180.00  0.00005  0.22133  -0.00005
EOT
