AeroDyn airfoil file.  Compatible with AeroDyn v13.0.
Interpolated thickness: 0.427

  1        Number of airfoil tables in this file
  9990     Reynolds number in millions.  For efficiency, make very large if only one table.
  0        Control setting
  10.7805  Stall angle (deg)
  -3.48733 Zero lift angle of attack (deg)
  4.98807  Cn slope for zero lift (dimensionless)
  1.24213  Cn at stall value for positive angle of attack
  -0.8     Cn at stall value for negative angle of attack
  -2.12    Angle of attack for minimum CD (deg)
  0.0940349 Minimum CD value
  -180.00  0.00002  0.16973  -0.00002
  -170.00  0.29708  0.20072  0.30155
  -160.00  0.59489  0.28961  -0.10799
  -150.00  0.53457  0.42547  -0.04752
  -140.00  0.49612  0.59126  -0.00538
  -130.00  0.44410  0.76641  0.03541
  -120.00  0.36418  0.92865  0.07590
  -110.00  0.25787  1.05743  0.11344
  -100.00  0.13197  1.13607  0.14421
   -90.00  0.00002  1.15371  0.16441
   -80.00  -0.13192  1.13607  0.17934
   -70.00  -0.25783  1.05743  0.18205
   -60.00  -0.36413  0.92865  0.17504
   -50.00  -0.44405  0.76641  0.16283
   -40.00  -0.49607  0.59126  0.15288
   -30.00  -0.53452  0.42547  0.15883
   -20.00  -0.59333  0.28946  0.21674
   -10.00  -0.24275  0.16604  0.09580
    -4.17  -0.05426  0.09419  -0.10151
    -3.17  0.03169  0.09411  -0.10301
    -2.12  0.12066  0.09403  -0.10422
    -1.08  0.21038  0.09403  -0.10558
    -0.05  0.29934  0.09411  -0.10633
    -0.04  0.29955  0.09411  -0.10633
     1.17  0.40465  0.09428  -0.10730
     2.33  0.50363  0.09441  -0.10813
     3.50  0.60294  0.09466  -0.10869
     4.67  0.69912  0.09488  -0.10855
     5.83  0.79224  0.09516  -0.10788
     7.00  0.88052  0.09563  -0.10626
     8.17  0.95301  0.09615  -0.10181
    10.78  0.98596  0.10570  -0.07913
    13.40  0.86295  0.17243  -0.07308
    16.01  0.83329  0.21374  -0.07950
    18.62  0.85231  0.25489  -0.08947
    21.24  0.84758  0.30654  -0.10571
    23.85  0.82227  0.34214  -0.12634
    26.47  0.79696  0.37774  -0.14698
    29.08  0.77165  0.41334  -0.16761
    31.70  0.75368  0.45401  -0.18279
    34.31  0.73950  0.49730  -0.19515
    36.93  0.72533  0.54059  -0.20752
    39.54  0.71115  0.58389  -0.21988
    42.16  0.69257  0.62920  -0.23048
    44.77  0.67308  0.67494  -0.24072
    47.39  0.65358  0.72067  -0.25095
    50.00  0.63409  0.76641  -0.26119
    60.00  0.52025  0.92865  -0.29610
    70.00  0.36795  1.05743  -0.32648
    80.00  0.18851  1.13607  -0.35144
    90.00  0.00002  1.15371  -0.36938
   100.00  -0.13192  1.13607  -0.38424
   110.00  -0.25783  1.05743  -0.38703
   120.00  -0.36413  0.92865  -0.37994
   130.00  -0.44405  0.76641  -0.36780
   140.00  -0.49607  0.59126  -0.35777
   150.00  -0.53452  0.42547  -0.36373
   160.00  -0.59484  0.28961  -0.42224
   170.00  -0.29703  0.20072  -0.37700
   180.00  0.00002  0.16973  -0.00002
EOT
