AeroDyn airfoil file.  Compatible with AeroDyn v13.0.
Interpolated thickness: 0.322

  1        Number of airfoil tables in this file
  9990     Reynolds number in millions.  For efficiency, make very large if only one table.
  0        Control setting
  10.809   Stall angle (deg)
  -3.54874 Zero lift angle of attack (deg)
  5.80695  Cn slope for zero lift (dimensionless)
  1.45516  Cn at stall value for positive angle of attack
  -0.8     Cn at stall value for negative angle of attack
  -2.12    Angle of attack for minimum CD (deg)
  0.0471303 Minimum CD value
  -180.00  0.00001  0.13670  -0.00001
  -170.00  0.35150  0.17336  0.35683
  -160.00  0.70388  0.27854  -0.12776
  -150.00  0.63251  0.43930  -0.05621
  -140.00  0.58702  0.63547  -0.00634
  -130.00  0.52546  0.84271  0.04192
  -120.00  0.43090  1.03469  0.08982
  -110.00  0.30511  1.18706  0.13425
  -100.00  0.15613  1.28011  0.17065
   -90.00  0.00001  1.30098  0.19456
   -80.00  -0.15611  1.28011  0.21222
   -70.00  -0.30509  1.18706  0.21543
   -60.00  -0.43088  1.03469  0.20714
   -50.00  -0.52544  0.84271  0.19268
   -40.00  -0.58699  0.63547  0.18091
   -30.00  -0.63249  0.43930  0.18796
   -20.00  -0.70208  0.27836  0.25647
   -10.00  -0.28725  0.13233  0.11338
    -4.17  -0.06422  0.04731  -0.12009
    -3.17  0.03748  0.04722  -0.12187
    -2.12  0.14275  0.04713  -0.12330
    -1.08  0.24891  0.04713  -0.12491
    -0.05  0.35418  0.04722  -0.12580
    -0.04  0.35442  0.04722  -0.12580
     1.17  0.47878  0.04741  -0.12695
     2.34  0.59591  0.04757  -0.12792
     3.51  0.71341  0.04788  -0.12859
     4.68  0.82722  0.04813  -0.12843
     5.85  0.93740  0.04846  -0.12763
     7.03  1.04186  0.04902  -0.12572
     8.20  1.12763  0.04963  -0.12045
    10.81  1.16661  0.06093  -0.09361
    13.42  1.02106  0.13989  -0.08646
    16.03  0.98597  0.18877  -0.09405
    18.65  1.00848  0.23746  -0.10585
    21.26  1.00288  0.29858  -0.12506
    23.87  0.97293  0.34070  -0.14948
    26.49  0.94298  0.38282  -0.17389
    29.10  0.91303  0.42494  -0.19830
    31.71  0.89177  0.47307  -0.21627
    34.32  0.87499  0.52429  -0.23089
    36.94  0.85822  0.57552  -0.24552
    39.55  0.84145  0.62674  -0.26015
    42.16  0.81946  0.68037  -0.27270
    44.77  0.79640  0.73448  -0.28481
    47.39  0.77333  0.78860  -0.29692
    50.00  0.75027  0.84271  -0.30904
    60.00  0.61556  1.03469  -0.35034
    70.00  0.43536  1.18706  -0.38629
    80.00  0.22304  1.28011  -0.41582
    90.00  0.00001  1.30098  -0.43705
   100.00  -0.15611  1.28011  -0.45463
   110.00  -0.30509  1.18706  -0.45793
   120.00  -0.43088  1.03469  -0.44954
   130.00  -0.52544  0.84271  -0.43518
   140.00  -0.58699  0.63547  -0.42331
   150.00  -0.63249  0.43930  -0.43036
   160.00  -0.70386  0.27854  -0.49959
   170.00  -0.35148  0.17336  -0.44606
   180.00  0.00001  0.13670  -0.00001
EOT
