AeroDyn airfoil file.  Compatible with AeroDyn v13.0.
Interpolated thickness: 0.6

  1        Number of airfoil tables in this file
  9990     Reynolds number in millions.  For efficiency, make very large if only one table.
  0        Control setting
  10.7336  Stall angle (deg)
  -3.34952 Zero lift angle of attack (deg)
  3.61827  Cn slope for zero lift (dimensionless)
  0.889357 Cn at stall value for positive angle of attack
  -0.8     Cn at stall value for negative angle of attack
  -2.12    Angle of attack for minimum CD (deg)
  0.171316 Minimum CD value
  -180.00  0.00005  0.22416  -0.00005
  -170.00  0.20742  0.24579  0.21048
  -160.00  0.41531  0.30784  -0.07542
  -150.00  0.37321  0.40268  -0.03321
  -140.00  0.34636  0.51842  -0.00378
  -130.00  0.31005  0.64068  0.02469
  -120.00  0.25426  0.75395  0.05295
  -110.00  0.18005  0.84384  0.07916
  -100.00  0.09215  0.89874  0.10064
   -90.00  0.00005  0.91105  0.11474
   -80.00  -0.09206  0.89874  0.12516
   -70.00  -0.17995  0.84384  0.12706
   -60.00  -0.25416  0.75395  0.12216
   -50.00  -0.30995  0.64068  0.11364
   -40.00  -0.34627  0.51842  0.10669
   -30.00  -0.37311  0.40268  0.11085
   -20.00  -0.41416  0.30774  0.15127
   -10.00  -0.16943  0.22158  0.06685
    -4.17  -0.03785  0.17142  -0.07089
    -3.17  0.02215  0.17137  -0.07194
    -2.12  0.08426  0.17132  -0.07278
    -1.08  0.14689  0.17132  -0.07373
    -0.05  0.20899  0.17137  -0.07426
    -0.03  0.20914  0.17137  -0.07426
     1.16  0.28251  0.17148  -0.07494
     2.32  0.35161  0.17158  -0.07551
     3.48  0.42093  0.17176  -0.07591
     4.64  0.48807  0.17190  -0.07581
     5.80  0.55308  0.17210  -0.07534
     6.96  0.61471  0.17243  -0.07421
     8.12  0.66531  0.17279  -0.07110
    10.73  0.68831  0.17946  -0.05527
    13.35  0.60244  0.22604  -0.05105
    15.97  0.58174  0.25488  -0.05553
    18.59  0.59501  0.28361  -0.06249
    21.20  0.59171  0.31966  -0.07383
    23.82  0.57404  0.34451  -0.08823
    26.44  0.55637  0.36936  -0.10263
    29.06  0.53870  0.39421  -0.11703
    31.68  0.52616  0.42261  -0.12763
    34.29  0.51626  0.45283  -0.13626
    36.91  0.50637  0.48305  -0.14489
    39.53  0.49647  0.51327  -0.15352
    42.15  0.48350  0.54491  -0.16092
    44.76  0.46989  0.57683  -0.16807
    47.38  0.45628  0.60876  -0.17522
    50.00  0.44268  0.64068  -0.18236
    60.00  0.36321  0.75395  -0.20673
    70.00  0.25689  0.84384  -0.22794
    80.00  0.13163  0.89874  -0.24536
    90.00  0.00005  0.91105  -0.25789
   100.00  -0.09206  0.89874  -0.26826
   110.00  -0.17995  0.84384  -0.27021
   120.00  -0.25416  0.75395  -0.26526
   130.00  -0.30995  0.64068  -0.25678
   140.00  -0.34627  0.51842  -0.24978
   150.00  -0.37311  0.40268  -0.25394
   160.00  -0.41522  0.30784  -0.29478
   170.00  -0.20732  0.24579  -0.26321
   180.00  0.00005  0.22416  -0.00005
EOT
