AeroDyn airfoil file.  Compatible with AeroDyn v13.0.
Interpolated thickness: 0.982

  1        Number of airfoil tables in this file
  9990     Reynolds number in millions.  For efficiency, make very large if only one table.
  0        Control setting
  10.6299  Stall angle (deg)
  -1.11988 Zero lift angle of attack (deg)
  0.496943 Cn slope for zero lift (dimensionless)
  0.101909 Cn at stall value for positive angle of attack
  -0.8     Cn at stall value for negative angle of attack
  -2.12    Angle of attack for minimum CD (deg)
  0.341959 Minimum CD value
  -180.00  0.00010  0.34434  -0.00010
  -170.00  0.00943  0.34531  0.00938
  -160.00  0.01878  0.34810  -0.00349
  -150.00  0.01689  0.35237  -0.00159
  -140.00  0.01568  0.35758  -0.00027
  -130.00  0.01405  0.36308  0.00102
  -120.00  0.01154  0.36818  0.00229
  -110.00  0.00820  0.37222  0.00347
  -100.00  0.00424  0.37469  0.00443
   -90.00  0.00010  0.37525  0.00507
   -80.00  -0.00405  0.37469  0.00554
   -70.00  -0.00800  0.37222  0.00562
   -60.00  -0.01134  0.36818  0.00540
   -50.00  -0.01385  0.36308  0.00502
   -40.00  -0.01549  0.35758  0.00471
   -30.00  -0.01669  0.35237  0.00489
   -20.00  -0.01854  0.34810  0.00671
   -10.00  -0.00753  0.34422  0.00291
    -4.17  -0.00161  0.34196  -0.00329
    -3.17  0.00109  0.34196  -0.00333
    -2.12  0.00389  0.34196  -0.00337
    -1.08  0.00671  0.34196  -0.00341
    -0.05  0.00950  0.34196  -0.00344
    -0.00  0.00951  0.34196  -0.00344
     1.14  0.01281  0.34197  -0.00347
     2.29  0.01592  0.34197  -0.00349
     3.43  0.01904  0.34198  -0.00351
     4.57  0.02206  0.34199  -0.00351
     5.72  0.02498  0.34199  -0.00349
     6.86  0.02776  0.34201  -0.00343
     8.01  0.03003  0.34203  -0.00330
    10.63  0.03107  0.34233  -0.00258
    13.25  0.02721  0.34442  -0.00239
    15.88  0.02627  0.34572  -0.00259
    18.50  0.02687  0.34701  -0.00291
    21.13  0.02672  0.34863  -0.00342
    23.75  0.02593  0.34975  -0.00407
    26.38  0.02513  0.35087  -0.00471
    29.00  0.02434  0.35199  -0.00536
    31.63  0.02377  0.35327  -0.00584
    34.25  0.02333  0.35463  -0.00623
    36.88  0.02288  0.35599  -0.00662
    39.50  0.02244  0.35735  -0.00700
    42.13  0.02185  0.35877  -0.00734
    44.75  0.02124  0.36021  -0.00766
    47.38  0.02063  0.36164  -0.00798
    50.00  0.02002  0.36308  -0.00830
    60.00  0.01644  0.36818  -0.00940
    70.00  0.01166  0.37222  -0.01035
    80.00  0.00602  0.37469  -0.01114
    90.00  0.00010  0.37525  -0.01170
   100.00  -0.00405  0.37469  -0.01217
   110.00  -0.00800  0.37222  -0.01225
   120.00  -0.01134  0.36818  -0.01203
   130.00  -0.01385  0.36308  -0.01165
   140.00  -0.01549  0.35758  -0.01134
   150.00  -0.01669  0.35237  -0.01152
   160.00  -0.01859  0.34810  -0.01336
   170.00  -0.00923  0.34531  -0.01194
   180.00  0.00010  0.34434  -0.00010
EOT
