AeroDyn airfoil file.  Compatible with AeroDyn v13.0.
Interpolated thickness: 0.249

  1        Number of airfoil tables in this file
  9990     Reynolds number in millions.  For efficiency, make very large if only one table.
  0        Control setting
  10.8288  Stall angle (deg)
  -3.58592 Zero lift angle of attack (deg)
  6.37081  Cn slope for zero lift (dimensionless)
  1.6028   Cn at stall value for positive angle of attack
  -0.8     Cn at stall value for negative angle of attack
  -2.12    Angle of attack for minimum CD (deg)
  0.0145204 Minimum CD value
  -180.00  0.00000  0.11373  -0.00000
  -170.00  0.38934  0.15434  0.39526
  -160.00  0.77966  0.27085  -0.14151
  -150.00  0.70061  0.44891  -0.06226
  -140.00  0.65021  0.66621  -0.00702
  -130.00  0.58203  0.89576  0.04644
  -120.00  0.47728  1.10841  0.09951
  -110.00  0.33795  1.27719  0.14872
  -100.00  0.17293  1.38025  0.18903
   -90.00  0.00000  1.40338  0.21552
   -80.00  -0.17293  1.38025  0.23508
   -70.00  -0.33795  1.27719  0.23864
   -60.00  -0.47728  1.10841  0.22945
   -50.00  -0.58202  0.89576  0.21344
   -40.00  -0.65021  0.66621  0.20040
   -30.00  -0.70060  0.44891  0.20820
   -20.00  -0.77768  0.27065  0.28409
   -10.00  -0.31819  0.10889  0.12559
    -4.17  -0.07115  0.01472  -0.13301
    -3.17  0.04150  0.01462  -0.13498
    -2.12  0.15811  0.01452  -0.13656
    -1.08  0.27570  0.01452  -0.13834
    -0.05  0.39230  0.01462  -0.13933
    -0.05  0.39257  0.01462  -0.13933
     1.17  0.53032  0.01484  -0.14060
     2.35  0.66006  0.01501  -0.14169
     3.52  0.79021  0.01535  -0.14243
     4.70  0.91627  0.01563  -0.14224
     5.87  1.03831  0.01599  -0.14136
     7.04  1.15402  0.01661  -0.13924
     8.22  1.24903  0.01729  -0.13340
    10.83  1.29221  0.02981  -0.10368
    13.44  1.13098  0.11727  -0.09576
    16.05  1.09212  0.17141  -0.10416
    18.66  1.11705  0.22535  -0.11723
    21.27  1.11085  0.29304  -0.13852
    23.89  1.07768  0.33970  -0.16556
    26.50  1.04450  0.38636  -0.19260
    29.11  1.01132  0.43301  -0.21964
    31.72  0.98777  0.48632  -0.23954
    34.33  0.96919  0.54306  -0.25574
    36.94  0.95061  0.59980  -0.27195
    39.55  0.93204  0.65654  -0.28815
    42.17  0.90768  0.71594  -0.30205
    44.78  0.88213  0.77588  -0.31546
    47.39  0.85659  0.83582  -0.32888
    50.00  0.83104  0.89576  -0.34230
    60.00  0.68183  1.10841  -0.38805
    70.00  0.48222  1.27719  -0.42787
    80.00  0.24704  1.38025  -0.46058
    90.00  0.00000  1.40338  -0.48410
   100.00  -0.17293  1.38025  -0.50357
   110.00  -0.33795  1.27719  -0.50722
   120.00  -0.47728  1.10841  -0.49793
   130.00  -0.58202  0.89576  -0.48202
   140.00  -0.65021  0.66621  -0.46888
   150.00  -0.70060  0.44891  -0.47669
   160.00  -0.77966  0.27085  -0.55337
   170.00  -0.38933  0.15434  -0.49408
   180.00  0.00000  0.11373  -0.00000
EOT
