AeroDyn airfoil file.  Compatible with AeroDyn v13.0.
Interpolated thickness: 0.383

  1        Number of airfoil tables in this file
  9990     Reynolds number in millions.  For efficiency, make very large if only one table.
  0        Control setting
  10.7924  Stall angle (deg)
  -3.51443 Zero lift angle of attack (deg)
  5.33236  Cn slope for zero lift (dimensionless)
  1.3315   Cn at stall value for positive angle of attack
  -0.8     Cn at stall value for negative angle of attack
  -2.12    Angle of attack for minimum CD (deg)
  0.0743796 Minimum CD value
  -180.00  0.00002  0.15589  -0.00002
  -170.00  0.31988  0.18926  0.32472
  -160.00  0.64056  0.28497  -0.11627
  -150.00  0.57561  0.43127  -0.05116
  -140.00  0.53421  0.60979  -0.00578
  -130.00  0.47819  0.79838  0.03814
  -120.00  0.39214  0.97309  0.08173
  -110.00  0.27767  1.11175  0.12216
  -100.00  0.14209  1.19643  0.15529
   -90.00  0.00002  1.21542  0.17704
   -80.00  -0.14205  1.19643  0.19312
   -70.00  -0.27763  1.11175  0.19604
   -60.00  -0.39210  0.97309  0.18849
   -50.00  -0.47816  0.79838  0.17534
   -40.00  -0.53417  0.60979  0.16462
   -30.00  -0.57558  0.43127  0.17104
   -20.00  -0.63890  0.28481  0.23339
   -10.00  -0.26139  0.15191  0.10317
    -4.17  -0.05843  0.07454  -0.10929
    -3.17  0.03412  0.07446  -0.11092
    -2.12  0.12991  0.07438  -0.11222
    -1.08  0.22652  0.07438  -0.11368
    -0.05  0.32232  0.07446  -0.11449
    -0.04  0.32254  0.07446  -0.11449
     1.17  0.43571  0.07464  -0.11553
     2.34  0.54230  0.07478  -0.11642
     3.51  0.64923  0.07506  -0.11703
     4.67  0.75280  0.07529  -0.11688
     5.84  0.85307  0.07559  -0.11615
     7.01  0.94813  0.07610  -0.11441
     8.18  1.02619  0.07665  -0.10962
    10.79  1.06166  0.08694  -0.08520
    13.41  0.92920  0.15879  -0.07869
    16.02  0.89727  0.20328  -0.08560
    18.63  0.91775  0.24759  -0.09633
    21.25  0.91266  0.30321  -0.11382
    23.86  0.88541  0.34154  -0.13604
    26.48  0.85815  0.37987  -0.15825
    29.09  0.83089  0.41820  -0.18047
    31.70  0.81154  0.46199  -0.19682
    34.32  0.79628  0.50861  -0.21013
    36.93  0.78101  0.55523  -0.22344
    39.54  0.76575  0.60185  -0.23676
    42.16  0.74574  0.65064  -0.24817
    44.77  0.72475  0.69989  -0.25919
    47.39  0.70377  0.74913  -0.27022
    50.00  0.68278  0.79838  -0.28124
    60.00  0.56019  0.97309  -0.31883
    70.00  0.39620  1.11175  -0.35155
    80.00  0.20298  1.19643  -0.37842
    90.00  0.00002  1.21542  -0.39774
   100.00  -0.14205  1.19643  -0.41373
   110.00  -0.27763  1.11175  -0.41674
   120.00  -0.39210  0.97309  -0.40911
   130.00  -0.47816  0.79838  -0.39604
   140.00  -0.53417  0.60979  -0.38524
   150.00  -0.57558  0.43127  -0.39165
   160.00  -0.64052  0.28497  -0.45465
   170.00  -0.31985  0.18926  -0.40594
   180.00  0.00002  0.15589  -0.00002
EOT
