AeroDyn airfoil file.  Compatible with AeroDyn v13.0.
Interpolated thickness: 0.516

  1        Number of airfoil tables in this file
  9990     Reynolds number in millions.  For efficiency, make very large if only one table.
  0        Control setting
  10.7563  Stall angle (deg)
  -3.42423 Zero lift angle of attack (deg)
  4.2866   Cn slope for zero lift (dimensionless)
  1.06093  Cn at stall value for positive angle of attack
  -0.8     Cn at stall value for negative angle of attack
  -2.12    Angle of attack for minimum CD (deg)
  0.133792 Minimum CD value
  -180.00  0.00004  0.19773  -0.00004
  -170.00  0.25095  0.22391  0.25470
  -160.00  0.50250  0.29899  -0.09123
  -150.00  0.45156  0.41375  -0.04016
  -140.00  0.41908  0.55379  -0.00456
  -130.00  0.37514  0.70173  0.02990
  -120.00  0.30763  0.83878  0.06409
  -110.00  0.21784  0.94755  0.09581
  -100.00  0.11148  1.01397  0.12179
   -90.00  0.00004  1.02887  0.13886
   -80.00  -0.11141  1.01397  0.15147
   -70.00  -0.21776  0.94755  0.15376
   -60.00  -0.30756  0.83878  0.14784
   -50.00  -0.37506  0.70173  0.13752
   -40.00  -0.41901  0.55379  0.12912
   -30.00  -0.45148  0.41375  0.13415
   -20.00  -0.50116  0.29886  0.18306
   -10.00  -0.20503  0.19461  0.08091
    -4.17  -0.04582  0.13392  -0.08576
    -3.17  0.02678  0.13386  -0.08703
    -2.12  0.10193  0.13379  -0.08805
    -1.08  0.17772  0.13379  -0.08919
    -0.05  0.25286  0.13386  -0.08983
    -0.03  0.25304  0.13386  -0.08983
     1.16  0.34181  0.13400  -0.09065
     2.33  0.42542  0.13411  -0.09135
     3.49  0.50931  0.13432  -0.09183
     4.65  0.59055  0.13450  -0.09171
     5.81  0.66920  0.13474  -0.09114
     6.98  0.74377  0.13514  -0.08977
     8.14  0.80500  0.13558  -0.08601
    10.76  0.83283  0.14364  -0.06685
    13.37  0.72893  0.20001  -0.06175
    15.99  0.70388  0.23491  -0.06717
    18.61  0.71994  0.26966  -0.07559
    21.22  0.71595  0.31329  -0.08931
    23.84  0.69457  0.34336  -0.10674
    26.45  0.67319  0.37343  -0.12416
    29.07  0.65181  0.40350  -0.14159
    31.69  0.63663  0.43785  -0.15441
    34.30  0.62465  0.47442  -0.16486
    36.92  0.61268  0.51099  -0.17530
    39.54  0.60071  0.54756  -0.18574
    42.15  0.58501  0.58584  -0.19470
    44.77  0.56855  0.62447  -0.20334
    47.38  0.55208  0.66310  -0.21199
    50.00  0.53562  0.70173  -0.22064
    60.00  0.43946  0.83878  -0.25012
    70.00  0.31082  0.94755  -0.27579
    80.00  0.15925  1.01397  -0.29687
    90.00  0.00004  1.02887  -0.31203
   100.00  -0.11141  1.01397  -0.32457
   110.00  -0.21776  0.94755  -0.32693
   120.00  -0.30756  0.83878  -0.32094
   130.00  -0.37506  0.70173  -0.31069
   140.00  -0.41901  0.55379  -0.30222
   150.00  -0.45148  0.41375  -0.30725
   160.00  -0.50243  0.29899  -0.35667
   170.00  -0.25088  0.22391  -0.31846
   180.00  0.00004  0.19773  -0.00004
EOT
