AeroDyn airfoil file.  Compatible with AeroDyn v13.0.
Interpolated thickness: 0.669

  1        Number of airfoil tables in this file
  9990     Reynolds number in millions.  For efficiency, make very large if only one table.
  0        Control setting
  10.7148  Stall angle (deg)
  -3.26997 Zero lift angle of attack (deg)
  3.06468  Cn slope for zero lift (dimensionless)
  0.748028 Cn at stall value for positive angle of attack
  -0.8     Cn at stall value for negative angle of attack
  -2.12    Angle of attack for minimum CD (deg)
  0.202139 Minimum CD value
  -180.00  0.00006  0.24587  -0.00006
  -170.00  0.17165  0.26377  0.17415
  -160.00  0.34369  0.31511  -0.06242
  -150.00  0.30884  0.39360  -0.02749
  -140.00  0.28663  0.48937  -0.00315
  -130.00  0.25658  0.59054  0.02041
  -120.00  0.21042  0.68427  0.04380
  -110.00  0.14901  0.75865  0.06549
  -100.00  0.07627  0.80408  0.08326
   -90.00  0.00006  0.81427  0.09493
   -80.00  -0.07616  0.80408  0.10356
   -70.00  -0.14889  0.75865  0.10512
   -60.00  -0.21030  0.68427  0.10107
   -50.00  -0.25647  0.59054  0.09402
   -40.00  -0.28652  0.48937  0.08827
   -30.00  -0.30873  0.39360  0.09171
   -20.00  -0.34270  0.31503  0.12516
   -10.00  -0.14018  0.24373  0.05530
    -4.17  -0.03130  0.20223  -0.05868
    -3.17  0.01835  0.20218  -0.05955
    -2.12  0.06974  0.20214  -0.06025
    -1.08  0.12157  0.20214  -0.06103
    -0.05  0.17296  0.20218  -0.06147
    -0.02  0.17308  0.20218  -0.06147
     1.16  0.23379  0.20228  -0.06203
     2.31  0.29097  0.20235  -0.06250
     3.47  0.34834  0.20250  -0.06283
     4.63  0.40390  0.20263  -0.06275
     5.78  0.45769  0.20279  -0.06236
     6.94  0.50869  0.20306  -0.06143
     8.10  0.55056  0.20336  -0.05885
    10.71  0.56959  0.20888  -0.04575
    13.33  0.49853  0.24742  -0.04226
    15.95  0.48140  0.27129  -0.04597
    18.57  0.49239  0.29506  -0.05173
    21.19  0.48966  0.32490  -0.06111
    23.81  0.47504  0.34546  -0.07303
    26.43  0.46041  0.36602  -0.08494
    29.05  0.44579  0.38659  -0.09686
    31.67  0.43541  0.41008  -0.10563
    34.29  0.42722  0.43509  -0.11277
    36.90  0.41903  0.46010  -0.11992
    39.52  0.41085  0.48511  -0.12706
    42.14  0.40011  0.51128  -0.13318
    44.76  0.38885  0.53770  -0.13910
    47.38  0.37759  0.56412  -0.14501
    50.00  0.36633  0.59054  -0.15092
    60.00  0.30057  0.68427  -0.17109
    70.00  0.21259  0.75865  -0.18864
    80.00  0.10894  0.80408  -0.20306
    90.00  0.00006  0.81427  -0.21342
   100.00  -0.07616  0.80408  -0.22200
   110.00  -0.14889  0.75865  -0.22361
   120.00  -0.21030  0.68427  -0.21952
   130.00  -0.25647  0.59054  -0.21251
   140.00  -0.28652  0.48937  -0.20671
   150.00  -0.30873  0.39360  -0.21015
   160.00  -0.34357  0.31511  -0.24395
   170.00  -0.17154  0.26377  -0.21782
   180.00  0.00006  0.24587  -0.00006
EOT
