AeroDyn airfoil file.  Compatible with AeroDyn v13.0.
Interpolated thickness: 0.255

  1        Number of airfoil tables in this file
  9990     Reynolds number in millions.  For efficiency, make very large if only one table.
  0        Control setting
  10.8272  Stall angle (deg)
  -3.583   Zero lift angle of attack (deg)
  6.32463  Cn slope for zero lift (dimensionless)
  1.59068  Cn at stall value for positive angle of attack
  -0.8     Cn at stall value for negative angle of attack
  -2.12    Angle of attack for minimum CD (deg)
  0.0172007 Minimum CD value
  -180.00  0.00000  0.11562  -0.00000
  -170.00  0.38623  0.15591  0.39210
  -160.00  0.77343  0.27148  -0.14038
  -150.00  0.69501  0.44812  -0.06176
  -140.00  0.64502  0.66368  -0.00696
  -130.00  0.57738  0.89140  0.04607
  -120.00  0.47347  1.10235  0.09871
  -110.00  0.33525  1.26978  0.14753
  -100.00  0.17155  1.37202  0.18752
   -90.00  0.00000  1.39496  0.21379
   -80.00  -0.17154  1.37202  0.23320
   -70.00  -0.33525  1.26978  0.23673
   -60.00  -0.47347  1.10235  0.22762
   -50.00  -0.57737  0.89140  0.21173
   -40.00  -0.64501  0.66368  0.19880
   -30.00  -0.69500  0.44812  0.20654
   -20.00  -0.77147  0.27128  0.28182
   -10.00  -0.31564  0.11082  0.12459
    -4.17  -0.07058  0.01740  -0.13195
    -3.17  0.04117  0.01730  -0.13391
    -2.12  0.15684  0.01720  -0.13547
    -1.08  0.27350  0.01720  -0.13724
    -0.05  0.38917  0.01730  -0.13822
    -0.05  0.38944  0.01730  -0.13822
     1.17  0.52608  0.01751  -0.13948
     2.35  0.65478  0.01769  -0.14056
     3.52  0.78390  0.01802  -0.14129
     4.69  0.90895  0.01830  -0.14111
     5.87  1.03002  0.01866  -0.14023
     7.04  1.14480  0.01927  -0.13813
     8.22  1.23905  0.01995  -0.13234
    10.83  1.28189  0.03236  -0.10285
    13.44  1.12195  0.11913  -0.09499
    16.05  1.08340  0.17284  -0.10333
    18.66  1.10813  0.22634  -0.11630
    21.27  1.10198  0.29350  -0.13741
    23.88  1.06907  0.33978  -0.16424
    26.50  1.03616  0.38607  -0.19106
    29.11  1.00325  0.43235  -0.21789
    31.72  0.97988  0.48523  -0.23763
    34.33  0.96145  0.54152  -0.25370
    36.94  0.94302  0.59780  -0.26978
    39.55  0.92459  0.65409  -0.28585
    42.17  0.90043  0.71301  -0.29963
    44.78  0.87509  0.77248  -0.31294
    47.39  0.84974  0.83194  -0.32625
    50.00  0.82440  0.89140  -0.33957
    60.00  0.67638  1.10235  -0.38495
    70.00  0.47837  1.26978  -0.42446
    80.00  0.24507  1.37202  -0.45690
    90.00  0.00000  1.39496  -0.48023
   100.00  -0.17154  1.37202  -0.49954
   110.00  -0.33525  1.26978  -0.50317
   120.00  -0.47347  1.10235  -0.49396
   130.00  -0.57737  0.89140  -0.47817
   140.00  -0.64501  0.66368  -0.46514
   150.00  -0.69500  0.44812  -0.47288
   160.00  -0.77343  0.27148  -0.54895
   170.00  -0.38622  0.15591  -0.49013
   180.00  0.00000  0.11562  -0.00000
EOT
