AeroDyn airfoil file.  Compatible with AeroDyn v13.0.
Interpolated thickness: 0.627

  1        Number of airfoil tables in this file
  9990     Reynolds number in millions.  For efficiency, make very large if only one table.
  0        Control setting
  10.7262  Stall angle (deg)
  -3.32087 Zero lift angle of attack (deg)
  3.40215  Cn slope for zero lift (dimensionless)
  0.834097 Cn at stall value for positive angle of attack
  -0.8     Cn at stall value for negative angle of attack
  -2.12    Angle of attack for minimum CD (deg)
  0.183377 Minimum CD value
  -180.00  0.00005  0.23265  -0.00005
  -170.00  0.19342  0.25282  0.19626
  -160.00  0.38728  0.31069  -0.07033
  -150.00  0.34802  0.39913  -0.03097
  -140.00  0.32299  0.50705  -0.00354
  -130.00  0.28913  0.62106  0.02302
  -120.00  0.23710  0.72668  0.04937
  -110.00  0.16790  0.81051  0.07381
  -100.00  0.08594  0.86170  0.09384
   -90.00  0.00005  0.87318  0.10699
   -80.00  -0.08584  0.86170  0.11671
   -70.00  -0.16780  0.81051  0.11847
   -60.00  -0.23700  0.72668  0.11391
   -50.00  -0.28902  0.62106  0.10596
   -40.00  -0.32289  0.50705  0.09948
   -30.00  -0.34792  0.39913  0.10336
   -20.00  -0.38620  0.31059  0.14105
   -10.00  -0.15798  0.23025  0.06233
    -4.17  -0.03529  0.18348  -0.06611
    -3.17  0.02066  0.18343  -0.06709
    -2.12  0.07858  0.18338  -0.06788
    -1.08  0.13698  0.18338  -0.06876
    -0.05  0.19489  0.18343  -0.06925
    -0.02  0.19503  0.18343  -0.06925
     1.16  0.26344  0.18353  -0.06988
     2.32  0.32788  0.18362  -0.07042
     3.47  0.39252  0.18379  -0.07079
     4.63  0.45514  0.18393  -0.07070
     5.79  0.51575  0.18411  -0.07026
     6.95  0.57322  0.18442  -0.06921
     8.11  0.62041  0.18475  -0.06631
    10.73  0.64185  0.19097  -0.05154
    13.34  0.56178  0.23441  -0.04761
    15.96  0.54248  0.26130  -0.05179
    18.58  0.55486  0.28809  -0.05828
    21.20  0.55178  0.32171  -0.06885
    23.82  0.53530  0.34488  -0.08228
    26.44  0.51882  0.36806  -0.09571
    29.05  0.50235  0.39123  -0.10914
    31.67  0.49065  0.41770  -0.11902
    34.29  0.48142  0.44589  -0.12707
    36.91  0.47219  0.47407  -0.13512
    39.53  0.46297  0.50225  -0.14317
    42.15  0.45087  0.53175  -0.15007
    44.76  0.43818  0.56152  -0.15673
    47.38  0.42549  0.59129  -0.16340
    50.00  0.41280  0.62106  -0.17006
    60.00  0.33870  0.72668  -0.19278
    70.00  0.23956  0.81051  -0.21256
    80.00  0.12275  0.86170  -0.22881
    90.00  0.00005  0.87318  -0.24049
   100.00  -0.08584  0.86170  -0.25016
   110.00  -0.16780  0.81051  -0.25197
   120.00  -0.23700  0.72668  -0.24736
   130.00  -0.28902  0.62106  -0.23946
   140.00  -0.32289  0.50705  -0.23293
   150.00  -0.34792  0.39913  -0.23681
   160.00  -0.38718  0.31069  -0.27489
   170.00  -0.19332  0.25282  -0.24545
   180.00  0.00005  0.23265  -0.00005
EOT
