AeroDyn airfoil file.  Compatible with AeroDyn v13.0.
Interpolated thickness: 0.878

  1        Number of airfoil tables in this file
  9990     Reynolds number in millions.  For efficiency, make very large if only one table.
  0        Control setting
  10.6581  Stall angle (deg)
  -2.78086 Zero lift angle of attack (deg)
  1.34373  Cn slope for zero lift (dimensionless)
  0.315177 Cn at stall value for positive angle of attack
  -0.8     Cn at stall value for negative angle of attack
  -2.12    Angle of attack for minimum CD (deg)
  0.295501 Minimum CD value
  -180.00  0.00008  0.31162  -0.00008
  -170.00  0.06333  0.31822  0.06413
  -160.00  0.12674  0.33714  -0.02307
  -150.00  0.11390  0.36607  -0.01020
  -140.00  0.10571  0.40137  -0.00122
  -130.00  0.09463  0.43866  0.00746
  -120.00  0.07762  0.47320  0.01608
  -110.00  0.05498  0.50062  0.02408
  -100.00  0.02818  0.51736  0.03062
   -90.00  0.00008  0.52112  0.03493
   -80.00  -0.02801  0.51736  0.03811
   -70.00  -0.05482  0.50062  0.03868
   -60.00  -0.07745  0.47320  0.03719
   -50.00  -0.09447  0.43866  0.03459
   -40.00  -0.10554  0.40137  0.03247
   -30.00  -0.11373  0.36607  0.03374
   -20.00  -0.12625  0.33711  0.04607
   -10.00  -0.05161  0.31083  0.02032
    -4.17  -0.01147  0.29553  -0.02169
    -3.17  0.00683  0.29552  -0.02201
    -2.12  0.02577  0.29550  -0.02227
    -1.08  0.04487  0.29550  -0.02256
    -0.05  0.06381  0.29552  -0.02272
    -0.01  0.06386  0.29552  -0.02272
     1.15  0.08623  0.29555  -0.02292
     2.30  0.10731  0.29558  -0.02310
     3.44  0.12845  0.29564  -0.02322
     4.59  0.14893  0.29568  -0.02319
     5.74  0.16876  0.29574  -0.02305
     6.89  0.18755  0.29584  -0.02270
     8.04  0.20299  0.29595  -0.02175
    10.66  0.21000  0.29798  -0.01693
    13.28  0.18381  0.31219  -0.01564
    15.90  0.17750  0.32099  -0.01701
    18.53  0.18155  0.32975  -0.01913
    21.15  0.18054  0.34075  -0.02259
    23.77  0.17515  0.34833  -0.02698
    26.39  0.16976  0.35591  -0.03137
    29.02  0.16437  0.36349  -0.03576
    31.64  0.16055  0.37214  -0.03900
    34.26  0.15753  0.38136  -0.04163
    36.89  0.15451  0.39058  -0.04426
    39.51  0.15149  0.39980  -0.04689
    42.13  0.14754  0.40945  -0.04915
    44.75  0.14339  0.41918  -0.05133
    47.38  0.13924  0.42892  -0.05351
    50.00  0.13509  0.43866  -0.05569
    60.00  0.11085  0.47320  -0.06312
    70.00  0.07842  0.50062  -0.06959
    80.00  0.04022  0.51736  -0.07491
    90.00  0.00008  0.52112  -0.07873
   100.00  -0.02801  0.51736  -0.08189
   110.00  -0.05482  0.50062  -0.08248
   120.00  -0.07745  0.47320  -0.08097
   130.00  -0.09447  0.43866  -0.07839
   140.00  -0.10554  0.40137  -0.07625
   150.00  -0.11373  0.36607  -0.07752
   160.00  -0.12657  0.33714  -0.08998
   170.00  -0.06316  0.31822  -0.08035
   180.00  0.00008  0.31162  -0.00008
EOT
