AeroDyn airfoil file.  Compatible with AeroDyn v13.0.
Interpolated thickness: 0.507

  1        Number of airfoil tables in this file
  9990     Reynolds number in millions.  For efficiency, make very large if only one table.
  0        Control setting
  10.7588  Stall angle (deg)
  -3.43124 Zero lift angle of attack (deg)
  4.35785  Cn slope for zero lift (dimensionless)
  1.07928  Cn at stall value for positive angle of attack
  -0.8     Cn at stall value for negative angle of attack
  -2.12    Angle of attack for minimum CD (deg)
  0.129772 Minimum CD value
  -180.00  0.00004  0.19490  -0.00004
  -170.00  0.25562  0.22156  0.25944
  -160.00  0.51185  0.29804  -0.09293
  -150.00  0.45995  0.41493  -0.04090
  -140.00  0.42687  0.55758  -0.00464
  -130.00  0.38211  0.70827  0.03045
  -120.00  0.31335  0.84787  0.06529
  -110.00  0.22189  0.95866  0.09759
  -100.00  0.11355  1.02632  0.12406
   -90.00  0.00004  1.04150  0.14144
   -80.00  -0.11348  1.02632  0.15429
   -70.00  -0.22181  0.95866  0.15662
   -60.00  -0.31328  0.84787  0.15059
   -50.00  -0.38204  0.70827  0.14008
   -40.00  -0.42680  0.55758  0.13152
   -30.00  -0.45988  0.41493  0.13664
   -20.00  -0.51048  0.29791  0.18646
   -10.00  -0.20884  0.19172  0.08241
    -4.17  -0.04667  0.12990  -0.08735
    -3.17  0.02728  0.12984  -0.08865
    -2.12  0.10382  0.12977  -0.08968
    -1.08  0.18102  0.12977  -0.09085
    -0.05  0.25756  0.12984  -0.09150
    -0.03  0.25774  0.12984  -0.09150
     1.16  0.34816  0.12998  -0.09233
     2.33  0.43333  0.13009  -0.09305
     3.49  0.51877  0.13031  -0.09353
     4.65  0.60153  0.13050  -0.09341
     5.82  0.68164  0.13074  -0.09283
     6.98  0.75760  0.13114  -0.09144
     8.14  0.81997  0.13159  -0.08761
    10.76  0.84832  0.13981  -0.06809
    13.37  0.74248  0.19722  -0.06290
    15.99  0.71697  0.23277  -0.06841
    18.61  0.73333  0.26817  -0.07699
    21.22  0.72926  0.31261  -0.09097
    23.84  0.70748  0.34324  -0.10872
    26.46  0.68570  0.37387  -0.12647
    29.07  0.66393  0.40449  -0.14422
    31.69  0.64846  0.43949  -0.15728
    34.30  0.63627  0.47673  -0.16792
    36.92  0.62407  0.51398  -0.17856
    39.54  0.61188  0.55123  -0.18919
    42.15  0.59589  0.59022  -0.19831
    44.77  0.57912  0.62957  -0.20712
    47.38  0.56235  0.66892  -0.21593
    50.00  0.54558  0.70827  -0.22474
    60.00  0.44763  0.84787  -0.25477
    70.00  0.31659  0.95866  -0.28092
    80.00  0.16221  1.02632  -0.30239
    90.00  0.00004  1.04150  -0.31783
   100.00  -0.11348  1.02632  -0.33060
   110.00  -0.22181  0.95866  -0.33300
   120.00  -0.31328  0.84787  -0.32691
   130.00  -0.38204  0.70827  -0.31646
   140.00  -0.42680  0.55758  -0.30784
   150.00  -0.45988  0.41493  -0.31296
   160.00  -0.51178  0.29804  -0.36330
   170.00  -0.25555  0.22156  -0.32438
   180.00  0.00004  0.19490  -0.00004
EOT
