AeroDyn airfoil file.  Compatible with AeroDyn v13.0.
Interpolated thickness: 0.596

  1        Number of airfoil tables in this file
  9990     Reynolds number in millions.  For efficiency, make very large if only one table.
  0        Control setting
  10.7346  Stall angle (deg)
  -3.35354 Zero lift angle of attack (deg)
  3.65024  Cn slope for zero lift (dimensionless)
  0.897539 Cn at stall value for positive angle of attack
  -0.8     Cn at stall value for negative angle of attack
  -2.12    Angle of attack for minimum CD (deg)
  0.169529 Minimum CD value
  -180.00  0.00005  0.22290  -0.00005
  -170.00  0.20949  0.24475  0.21258
  -160.00  0.41946  0.30742  -0.07617
  -150.00  0.37694  0.40321  -0.03354
  -140.00  0.34983  0.52011  -0.00382
  -130.00  0.31315  0.64359  0.02494
  -120.00  0.25680  0.75799  0.05348
  -110.00  0.18185  0.84878  0.07996
  -100.00  0.09307  0.90422  0.10164
   -90.00  0.00005  0.91666  0.11589
   -80.00  -0.09298  0.90422  0.12642
   -70.00  -0.18175  0.84878  0.12833
   -60.00  -0.25671  0.75799  0.12339
   -50.00  -0.31305  0.64359  0.11477
   -40.00  -0.34973  0.52011  0.10776
   -30.00  -0.37684  0.40321  0.11196
   -20.00  -0.41831  0.30731  0.15278
   -10.00  -0.17112  0.22029  0.06752
    -4.17  -0.03823  0.16964  -0.07160
    -3.17  0.02237  0.16958  -0.07266
    -2.12  0.08510  0.16953  -0.07351
    -1.08  0.14836  0.16953  -0.07447
    -0.05  0.21108  0.16958  -0.07500
    -0.03  0.21123  0.16958  -0.07500
     1.16  0.28533  0.16970  -0.07568
     2.32  0.35512  0.16979  -0.07627
     3.48  0.42514  0.16997  -0.07667
     4.64  0.49295  0.17012  -0.07657
     5.80  0.55861  0.17032  -0.07609
     6.96  0.62085  0.17065  -0.07495
     8.12  0.67196  0.17102  -0.07181
    10.73  0.69519  0.17775  -0.05582
    13.35  0.60846  0.22480  -0.05156
    15.97  0.58755  0.25393  -0.05608
    18.59  0.60096  0.28294  -0.06311
    21.21  0.59763  0.31936  -0.07456
    23.82  0.57978  0.34446  -0.08911
    26.44  0.56193  0.36956  -0.10366
    29.06  0.54409  0.39466  -0.11820
    31.68  0.53142  0.42333  -0.12891
    34.29  0.52142  0.45386  -0.13762
    36.91  0.51143  0.48438  -0.14634
    39.53  0.50143  0.51490  -0.15506
    42.15  0.48833  0.54686  -0.16253
    44.76  0.47459  0.57910  -0.16975
    47.38  0.46085  0.61135  -0.17697
    50.00  0.44710  0.64359  -0.18419
    60.00  0.36684  0.75799  -0.20880
    70.00  0.25946  0.84878  -0.23022
    80.00  0.13294  0.90422  -0.24782
    90.00  0.00005  0.91666  -0.26047
   100.00  -0.09298  0.90422  -0.27094
   110.00  -0.18175  0.84878  -0.27291
   120.00  -0.25671  0.75799  -0.26791
   130.00  -0.31305  0.64359  -0.25935
   140.00  -0.34973  0.52011  -0.25228
   150.00  -0.37684  0.40321  -0.25648
   160.00  -0.41937  0.30742  -0.29773
   170.00  -0.20940  0.24475  -0.26584
   180.00  0.00005  0.22290  -0.00005
EOT
