AeroDyn airfoil file.  Compatible with AeroDyn v13.0.
Interpolated thickness: 0.254

  1        Number of airfoil tables in this file
  9990     Reynolds number in millions.  For efficiency, make very large if only one table.
  0        Control setting
  10.8275  Stall angle (deg)
  -3.58349 Zero lift angle of attack (deg)
  6.33233  Cn slope for zero lift (dimensionless)
  1.5927   Cn at stall value for positive angle of attack
  -0.8     Cn at stall value for negative angle of attack
  -2.12    Angle of attack for minimum CD (deg)
  0.0167539 Minimum CD value
  -180.00  0.00000  0.11530  -0.00000
  -170.00  0.38674  0.15565  0.39263
  -160.00  0.77447  0.27138  -0.14056
  -150.00  0.69594  0.44826  -0.06184
  -140.00  0.64588  0.66411  -0.00697
  -130.00  0.57815  0.89213  0.04613
  -120.00  0.47410  1.10336  0.09884
  -110.00  0.33570  1.27102  0.14773
  -100.00  0.17178  1.37339  0.18777
   -90.00  0.00000  1.39636  0.21408
   -80.00  -0.17177  1.37339  0.23352
   -70.00  -0.33570  1.27102  0.23705
   -60.00  -0.47410  1.10336  0.22792
   -50.00  -0.57815  0.89213  0.21202
   -40.00  -0.64588  0.66411  0.19906
   -30.00  -0.69594  0.44826  0.20682
   -20.00  -0.77250  0.27118  0.28220
   -10.00  -0.31607  0.11049  0.12476
    -4.17  -0.07067  0.01695  -0.13212
    -3.17  0.04123  0.01685  -0.13409
    -2.12  0.15705  0.01675  -0.13566
    -1.08  0.27386  0.01675  -0.13742
    -0.05  0.38969  0.01685  -0.13840
    -0.05  0.38996  0.01685  -0.13841
     1.17  0.52679  0.01707  -0.13967
     2.35  0.65566  0.01724  -0.14074
     3.52  0.78495  0.01757  -0.14148
     4.69  0.91017  0.01785  -0.14130
     5.87  1.03140  0.01822  -0.14042
     7.04  1.14634  0.01883  -0.13831
     8.22  1.24072  0.01950  -0.13251
    10.83  1.28361  0.03194  -0.10299
    13.44  1.12346  0.11882  -0.09512
    16.05  1.08485  0.17260  -0.10347
    18.66  1.10961  0.22618  -0.11645
    21.27  1.10346  0.29342  -0.13760
    23.88  1.07050  0.33977  -0.16446
    26.50  1.03755  0.38611  -0.19132
    29.11  1.00459  0.43246  -0.21818
    31.72  0.98120  0.48541  -0.23795
    34.33  0.96274  0.54177  -0.25404
    36.94  0.94429  0.59814  -0.27014
    39.55  0.92583  0.65450  -0.28624
    42.17  0.90164  0.71350  -0.30004
    44.78  0.87626  0.77304  -0.31336
    47.39  0.85088  0.83258  -0.32669
    50.00  0.82551  0.89213  -0.34002
    60.00  0.67729  1.10336  -0.38547
    70.00  0.47901  1.27102  -0.42503
    80.00  0.24540  1.37339  -0.45752
    90.00  0.00000  1.39636  -0.48088
   100.00  -0.17177  1.37339  -0.50021
   110.00  -0.33570  1.27102  -0.50385
   120.00  -0.47410  1.10336  -0.49462
   130.00  -0.57815  0.89213  -0.47882
   140.00  -0.64588  0.66411  -0.46576
   150.00  -0.69594  0.44826  -0.47352
   160.00  -0.77446  0.27138  -0.54969
   170.00  -0.38674  0.15565  -0.49079
   180.00  0.00000  0.11530  -0.00000
EOT
