AeroDyn airfoil file.  Compatible with AeroDyn v13.0.
Interpolated thickness: 0.761

  1        Number of airfoil tables in this file
  9990     Reynolds number in millions.  For efficiency, make very large if only one table.
  0        Control setting
  10.6899  Stall angle (deg)
  -3.11612 Zero lift angle of attack (deg)
  2.32     Cn slope for zero lift (dimensionless)
  0.559026 Cn at stall value for positive angle of attack
  -0.8     Cn at stall value for negative angle of attack
  -2.12    Angle of attack for minimum CD (deg)
  0.243236 Minimum CD value
  -180.00  0.00007  0.27481  -0.00007
  -170.00  0.12397  0.28773  0.12572
  -160.00  0.24819  0.32481  -0.04510
  -150.00  0.22303  0.38148  -0.01988
  -140.00  0.20699  0.45063  -0.00230
  -130.00  0.18529  0.52368  0.01471
  -120.00  0.15196  0.59136  0.03160
  -110.00  0.10762  0.64507  0.04726
  -100.00  0.05510  0.67787  0.06009
   -90.00  0.00007  0.68523  0.06852
   -80.00  -0.05496  0.67787  0.07474
   -70.00  -0.10748  0.64507  0.07588
   -60.00  -0.15182  0.59136  0.07295
   -50.00  -0.18516  0.52368  0.06786
   -40.00  -0.20686  0.45063  0.06371
   -30.00  -0.22289  0.38148  0.06619
   -20.00  -0.24742  0.32475  0.09034
   -10.00  -0.10119  0.27327  0.03990
    -4.17  -0.02257  0.24330  -0.04240
    -3.17  0.01328  0.24327  -0.04303
    -2.12  0.05038  0.24324  -0.04353
    -1.08  0.08781  0.24324  -0.04409
    -0.05  0.12491  0.24327  -0.04441
    -0.01  0.12500  0.24327  -0.04441
     1.15  0.16884  0.24334  -0.04481
     2.31  0.21013  0.24339  -0.04516
     3.46  0.25155  0.24350  -0.04540
     4.61  0.29166  0.24359  -0.04534
     5.76  0.33050  0.24370  -0.04505
     6.92  0.36733  0.24390  -0.04438
     8.07  0.39756  0.24412  -0.04252
    10.69  0.41130  0.24810  -0.03306
    13.31  0.36000  0.27593  -0.03054
    15.93  0.34763  0.29317  -0.03322
    18.55  0.35556  0.31033  -0.03738
    21.17  0.35359  0.33187  -0.04415
    23.79  0.34303  0.34672  -0.05276
    26.41  0.33247  0.36157  -0.06136
    29.03  0.32191  0.37642  -0.06997
    31.66  0.31442  0.39338  -0.07630
    34.28  0.30851  0.41144  -0.08146
    36.90  0.30259  0.42950  -0.08661
    39.52  0.29668  0.44755  -0.09177
    42.14  0.28893  0.46646  -0.09619
    44.76  0.28080  0.48553  -0.10046
    47.38  0.27267  0.50461  -0.10473
    50.00  0.26454  0.52368  -0.10900
    60.00  0.21706  0.59136  -0.12356
    70.00  0.15353  0.64507  -0.13624
    80.00  0.07869  0.67787  -0.14664
    90.00  0.00007  0.68523  -0.15413
   100.00  -0.05496  0.67787  -0.16032
   110.00  -0.10748  0.64507  -0.16149
   120.00  -0.15182  0.59136  -0.15853
   130.00  -0.18516  0.52368  -0.15347
   140.00  -0.20686  0.45063  -0.14929
   150.00  -0.22289  0.38148  -0.15177
   160.00  -0.24805  0.32481  -0.17617
   170.00  -0.12383  0.28773  -0.15731
   180.00  0.00007  0.27481  -0.00007
EOT
