AeroDyn airfoil file.  Compatible with AeroDyn v13.0.
Interpolated thickness: 0.64

  1        Number of airfoil tables in this file
  9990     Reynolds number in millions.  For efficiency, make very large if only one table.
  0        Control setting
  10.7227  Stall angle (deg)
  -3.30602 Zero lift angle of attack (deg)
  3.29786  Cn slope for zero lift (dimensionless)
  0.807471 Cn at stall value for positive angle of attack
  -0.8     Cn at stall value for negative angle of attack
  -2.12    Angle of attack for minimum CD (deg)
  0.189184 Minimum CD value
  -180.00  0.00005  0.23674  -0.00005
  -170.00  0.18668  0.25621  0.18942
  -160.00  0.37379  0.31206  -0.06788
  -150.00  0.33589  0.39742  -0.02989
  -140.00  0.31174  0.50158  -0.00342
  -130.00  0.27905  0.61162  0.02221
  -120.00  0.22884  0.71355  0.04765
  -110.00  0.16205  0.79446  0.07124
  -100.00  0.08295  0.84386  0.09056
   -90.00  0.00005  0.85495  0.10326
   -80.00  -0.08284  0.84386  0.11264
   -70.00  -0.16195  0.79446  0.11434
   -60.00  -0.22874  0.71355  0.10994
   -50.00  -0.27895  0.61162  0.10226
   -40.00  -0.31163  0.50158  0.09601
   -30.00  -0.33579  0.39742  0.09975
   -20.00  -0.37274  0.31196  0.13613
   -10.00  -0.15247  0.23442  0.06015
    -4.17  -0.03405  0.18928  -0.06381
    -3.17  0.01995  0.18923  -0.06476
    -2.12  0.07584  0.18918  -0.06552
    -1.08  0.13221  0.18918  -0.06637
    -0.05  0.18811  0.18923  -0.06684
    -0.02  0.18824  0.18923  -0.06684
     1.16  0.25426  0.18934  -0.06745
     2.32  0.31646  0.18942  -0.06797
     3.47  0.37885  0.18958  -0.06833
     4.63  0.43928  0.18971  -0.06824
     5.79  0.49778  0.18989  -0.06781
     6.95  0.55325  0.19019  -0.06680
     8.10  0.59879  0.19051  -0.06400
    10.72  0.61949  0.19651  -0.04975
    13.34  0.54220  0.23844  -0.04595
    15.96  0.52357  0.26439  -0.04998
    18.58  0.53552  0.29025  -0.05625
    21.20  0.53255  0.32270  -0.06645
    23.82  0.51665  0.34506  -0.07942
    26.43  0.50074  0.36743  -0.09238
    29.05  0.48484  0.38979  -0.10534
    31.67  0.47355  0.41534  -0.11488
    34.29  0.46464  0.44254  -0.12265
    36.91  0.45574  0.46974  -0.13041
    39.53  0.44683  0.49694  -0.13818
    42.14  0.43516  0.52542  -0.14484
    44.76  0.42291  0.55415  -0.15127
    47.38  0.41067  0.58288  -0.15770
    50.00  0.39842  0.61162  -0.16414
    60.00  0.32689  0.71355  -0.18607
    70.00  0.23121  0.79446  -0.20516
    80.00  0.11847  0.84386  -0.22084
    90.00  0.00005  0.85495  -0.23211
   100.00  -0.08284  0.84386  -0.24144
   110.00  -0.16195  0.79446  -0.24319
   120.00  -0.22874  0.71355  -0.23874
   130.00  -0.27895  0.61162  -0.23112
   140.00  -0.31163  0.50158  -0.22482
   150.00  -0.33579  0.39742  -0.22856
   160.00  -0.37368  0.31206  -0.26532
   170.00  -0.18658  0.25621  -0.23689
   180.00  0.00005  0.23674  -0.00005
EOT
