AeroDyn airfoil file.  Compatible with AeroDyn v13.0.
Interpolated thickness: 0.537

  1        Number of airfoil tables in this file
  9990     Reynolds number in millions.  For efficiency, make very large if only one table.
  0        Control setting
  10.7506  Stall angle (deg)
  -3.40724 Zero lift angle of attack (deg)
  4.12009  Cn slope for zero lift (dimensionless)
  1.01808  Cn at stall value for positive angle of attack
  -0.8     Cn at stall value for negative angle of attack
  -2.12    Angle of attack for minimum CD (deg)
  0.143173 Minimum CD value
  -180.00  0.00004  0.20434  -0.00004
  -170.00  0.24007  0.22938  0.24365
  -160.00  0.48071  0.30120  -0.08728
  -150.00  0.43197  0.41098  -0.03842
  -140.00  0.40090  0.54495  -0.00436
  -130.00  0.35886  0.68647  0.02859
  -120.00  0.29429  0.81757  0.06131
  -110.00  0.20839  0.92162  0.09165
  -100.00  0.10665  0.98516  0.11650
   -90.00  0.00004  0.99942  0.13283
   -80.00  -0.10657  0.98516  0.14489
   -70.00  -0.20831  0.92162  0.14709
   -60.00  -0.29421  0.81757  0.14142
   -50.00  -0.35879  0.68647  0.13155
   -40.00  -0.40082  0.54495  0.12351
   -30.00  -0.43189  0.41098  0.12832
   -20.00  -0.47941  0.30108  0.17511
   -10.00  -0.19613  0.20135  0.07739
    -4.17  -0.04382  0.14329  -0.08204
    -3.17  0.02563  0.14323  -0.08326
    -2.12  0.09751  0.14317  -0.08423
    -1.08  0.17001  0.14317  -0.08533
    -0.05  0.24190  0.14323  -0.08594
    -0.03  0.24206  0.14323  -0.08594
     1.16  0.32698  0.14337  -0.08672
     2.32  0.40697  0.14347  -0.08739
     3.49  0.48721  0.14368  -0.08785
     4.65  0.56493  0.14385  -0.08773
     5.81  0.64017  0.14408  -0.08719
     6.97  0.71151  0.14446  -0.08588
     8.13  0.77008  0.14488  -0.08228
    10.75  0.79670  0.15260  -0.06396
    13.37  0.69730  0.20652  -0.05907
    15.98  0.67334  0.23990  -0.06426
    18.60  0.68871  0.27315  -0.07231
    21.22  0.68489  0.31489  -0.08544
    23.83  0.66444  0.34365  -0.10211
    26.45  0.64398  0.37241  -0.11878
    29.07  0.62353  0.40118  -0.13545
    31.68  0.60901  0.43404  -0.14772
    34.30  0.59756  0.46902  -0.15771
    36.92  0.58610  0.50400  -0.16770
    39.53  0.57465  0.53899  -0.17769
    42.15  0.55963  0.57560  -0.18625
    44.77  0.54388  0.61256  -0.19453
    47.38  0.52813  0.64951  -0.20280
    50.00  0.51239  0.68647  -0.21107
    60.00  0.42039  0.81757  -0.23928
    70.00  0.29733  0.92162  -0.26383
    80.00  0.15234  0.98516  -0.28399
    90.00  0.00004  0.99942  -0.29849
   100.00  -0.10657  0.98516  -0.31049
   110.00  -0.20831  0.92162  -0.31275
   120.00  -0.29421  0.81757  -0.30702
   130.00  -0.35879  0.68647  -0.29721
   140.00  -0.40082  0.54495  -0.28911
   150.00  -0.43189  0.41098  -0.29392
   160.00  -0.48063  0.30120  -0.34120
   170.00  -0.23999  0.22938  -0.30464
   180.00  0.00004  0.20434  -0.00004
EOT
