AeroDyn airfoil file.  Compatible with AeroDyn v13.0.
Interpolated thickness: 0.221

  1        Number of airfoil tables in this file
  9990     Reynolds number in millions.  For efficiency, make very large if only one table.
  0        Control setting
  9.23116  Stall angle (deg)
  -4.05337 Zero lift angle of attack (deg)
  6.41642  Cn slope for zero lift (dimensionless)
  1.4877   Cn at stall value for positive angle of attack
  -0.8     Cn at stall value for negative angle of attack
  -2.02    Angle of attack for minimum CD (deg)
  0.00949571 Minimum CD value
  -180.00  0.00000  0.13264  0.00000
  -170.00  0.39590  0.17339  0.40000
  -160.00  0.79280  0.29031  -0.14168
  -150.00  0.70954  0.46891  -0.06270
  -140.00  0.65854  0.68664  -0.00705
  -130.00  0.58927  0.91625  0.04681
  -120.00  0.48327  1.12836  0.09999
  -110.00  0.34200  1.29574  0.14887
  -100.00  0.17500  1.39637  0.18845
   -90.00  0.00000  1.41600  0.21376
   -80.00  -0.17500  1.39637  0.23391
   -70.00  -0.34200  1.29574  0.23792
   -60.00  -0.48327  1.12836  0.22894
   -50.00  -0.58927  0.91625  0.21291
   -40.00  -0.65854  0.68664  0.19954
   -30.00  -0.70954  0.46891  0.20671
   -20.00  -0.79107  0.29008  0.28264
   -10.00  -0.30626  0.10565  0.10663
    -6.04  -0.13069  0.03270  -0.07648
    -5.04  -0.06580  0.02000  -0.11204
    -4.09  -0.00320  0.00958  -0.14126
    -3.02  0.11671  0.00953  -0.14309
    -2.02  0.22751  0.00950  -0.14438
    -1.03  0.33854  0.00953  -0.14571
    -0.03  0.44986  0.00965  -0.14667
     1.18  0.58705  0.00988  -0.14760
     2.36  0.71825  0.01015  -0.14855
     3.54  0.84881  0.01053  -0.14917
     4.72  0.97315  0.01086  -0.14836
     5.90  1.09319  0.01142  -0.14671
     7.09  1.19587  0.01208  -0.14198
     9.23  1.27599  0.01934  -0.12140
    11.38  1.22099  0.05973  -0.10672
    13.52  1.22558  0.10593  -0.10726
    15.67  1.21967  0.15083  -0.10974
    17.81  1.18814  0.21675  -0.12214
    19.96  1.16287  0.28038  -0.13604
    22.11  1.11561  0.32788  -0.16106
    24.25  1.08778  0.36628  -0.18308
    26.40  1.05996  0.40468  -0.20510
    28.54  1.03213  0.44308  -0.22711
    30.69  1.00925  0.48489  -0.24546
    32.83  0.99264  0.53088  -0.25946
    34.98  0.97712  0.57757  -0.27277
    37.13  0.96161  0.62425  -0.28607
    39.27  0.94610  0.67094  -0.29938
    41.42  0.92674  0.71934  -0.31117
    43.56  0.90537  0.76857  -0.32220
    45.71  0.88401  0.81780  -0.33324
    47.85  0.86264  0.86702  -0.34427
    50.00  0.84127  0.91625  -0.35530
    60.00  0.69027  1.12836  -0.40084
    70.00  0.48827  1.29574  -0.44014
    80.00  0.25000  1.39637  -0.47194
    90.00  0.00000  1.41600  -0.49424
   100.00  -0.17500  1.39637  -0.51432
   110.00  -0.34200  1.29574  -0.51840
   120.00  -0.48327  1.12836  -0.50936
   130.00  -0.58927  0.91625  -0.49339
   140.00  -0.65854  0.68664  -0.47996
   150.00  -0.70954  0.46891  -0.48712
   160.00  -0.79280  0.29031  -0.56372
   170.00  -0.39590  0.17339  -0.50000
   180.00  0.00000  0.13264  0.00000
EOT
