AeroDyn airfoil file.  Compatible with AeroDyn v13.0.
Interpolated thickness: 0.325

  1        Number of airfoil tables in this file
  9990     Reynolds number in millions.  For efficiency, make very large if only one table.
  0        Control setting
  10.8082  Stall angle (deg)
  -3.54713 Zero lift angle of attack (deg)
  5.78369  Cn slope for zero lift (dimensionless)
  1.44909  Cn at stall value for positive angle of attack
  -0.8     Cn at stall value for negative angle of attack
  -2.12    Angle of attack for minimum CD (deg)
  0.0484704 Minimum CD value
  -180.00  0.00001  0.13764  -0.00001
  -170.00  0.34995  0.17414  0.35525
  -160.00  0.70077  0.27886  -0.12720
  -150.00  0.62972  0.43890  -0.05597
  -140.00  0.58442  0.63421  -0.00632
  -130.00  0.52314  0.84053  0.04173
  -120.00  0.42899  1.03166  0.08943
  -110.00  0.30376  1.18336  0.13366
  -100.00  0.15544  1.27599  0.16989
   -90.00  0.00001  1.29678  0.19370
   -80.00  -0.15542  1.27599  0.21128
   -70.00  -0.30374  1.18336  0.21448
   -60.00  -0.42897  1.03166  0.20622
   -50.00  -0.52311  0.84053  0.19183
   -40.00  -0.58440  0.63421  0.18011
   -30.00  -0.62969  0.43890  0.18712
   -20.00  -0.69897  0.27868  0.25533
   -10.00  -0.28598  0.13329  0.11287
    -4.17  -0.06394  0.04865  -0.11956
    -3.17  0.03731  0.04856  -0.12133
    -2.12  0.14212  0.04847  -0.12275
    -1.08  0.24781  0.04847  -0.12435
    -0.05  0.35261  0.04856  -0.12524
    -0.04  0.35285  0.04856  -0.12524
     1.17  0.47666  0.04875  -0.12638
     2.34  0.59327  0.04891  -0.12736
     3.51  0.71025  0.04921  -0.12803
     4.68  0.82356  0.04946  -0.12786
     5.85  0.93325  0.04979  -0.12706
     7.02  1.03725  0.05035  -0.12516
     8.20  1.12264  0.05096  -0.11991
    10.81  1.16145  0.06221  -0.09319
    13.42  1.01654  0.14082  -0.08608
    16.03  0.98161  0.18949  -0.09363
    18.65  1.00402  0.23796  -0.10538
    21.26  0.99844  0.29881  -0.12451
    23.87  0.96863  0.34074  -0.14882
    26.48  0.93881  0.38268  -0.17312
    29.10  0.90899  0.42461  -0.19742
    31.71  0.88782  0.47252  -0.21531
    34.32  0.87112  0.52352  -0.22987
    36.94  0.85442  0.57452  -0.24444
    39.55  0.83773  0.62552  -0.25900
    42.16  0.81583  0.67890  -0.27149
    44.77  0.79287  0.73278  -0.28355
    47.39  0.76991  0.78665  -0.29561
    50.00  0.74695  0.84053  -0.30767
    60.00  0.61284  1.03166  -0.34879
    70.00  0.43343  1.18336  -0.38458
    80.00  0.22205  1.27599  -0.41398
    90.00  0.00001  1.29678  -0.43512
   100.00  -0.15542  1.27599  -0.45262
   110.00  -0.30374  1.18336  -0.45590
   120.00  -0.42897  1.03166  -0.44755
   130.00  -0.52311  0.84053  -0.43325
   140.00  -0.58440  0.63421  -0.42144
   150.00  -0.62969  0.43890  -0.42846
   160.00  -0.70075  0.27886  -0.49738
   170.00  -0.34992  0.17414  -0.44409
   180.00  0.00001  0.13764  -0.00001
EOT
