AeroDyn airfoil file.  Compatible with AeroDyn v13.0.
Interpolated thickness: 0.553

  1        Number of airfoil tables in this file
  9990     Reynolds number in millions.  For efficiency, make very large if only one table.
  0        Control setting
  10.7463  Stall angle (deg)
  -3.39361 Zero lift angle of attack (deg)
  3.99297  Cn slope for zero lift (dimensionless)
  0.985419 Cn at stall value for positive angle of attack
  -0.8     Cn at stall value for negative angle of attack
  -2.12    Angle of attack for minimum CD (deg)
  0.15032  Minimum CD value
  -180.00  0.00004  0.20937  -0.00004
  -170.00  0.23178  0.23354  0.23522
  -160.00  0.46410  0.30289  -0.08427
  -150.00  0.41705  0.40887  -0.03710
  -140.00  0.38705  0.53821  -0.00422
  -130.00  0.34647  0.67484  0.02760
  -120.00  0.28412  0.80141  0.05919
  -110.00  0.20119  0.90187  0.08848
  -100.00  0.10297  0.96321  0.11247
   -90.00  0.00004  0.97698  0.12824
   -80.00  -0.10289  0.96321  0.13988
   -70.00  -0.20111  0.90187  0.14200
   -60.00  -0.28404  0.80141  0.13653
   -50.00  -0.34638  0.67484  0.12700
   -40.00  -0.38697  0.53821  0.11924
   -30.00  -0.41696  0.40887  0.12388
   -20.00  -0.46284  0.30277  0.16905
   -10.00  -0.18935  0.20649  0.07471
    -4.17  -0.04231  0.15044  -0.07921
    -3.17  0.02474  0.15038  -0.08038
    -2.12  0.09415  0.15032  -0.08132
    -1.08  0.16414  0.15032  -0.08238
    -0.05  0.23354  0.15038  -0.08297
    -0.03  0.23370  0.15038  -0.08297
     1.16  0.31569  0.15051  -0.08373
     2.32  0.39291  0.15061  -0.08437
     3.48  0.47038  0.15081  -0.08482
     4.65  0.54541  0.15098  -0.08470
     5.81  0.61805  0.15120  -0.08418
     6.97  0.68692  0.15156  -0.08292
     8.13  0.74347  0.15197  -0.07944
    10.75  0.76917  0.15942  -0.06175
    13.36  0.67321  0.21148  -0.05704
    15.98  0.65008  0.24370  -0.06204
    18.60  0.66492  0.27580  -0.06982
    21.21  0.66123  0.31610  -0.08249
    23.83  0.64148  0.34387  -0.09858
    26.45  0.62173  0.37164  -0.11468
    29.06  0.60199  0.39941  -0.13077
    31.68  0.58797  0.43114  -0.14262
    34.30  0.57691  0.46491  -0.15226
    36.92  0.56585  0.49868  -0.16191
    39.53  0.55479  0.53246  -0.17155
    42.15  0.54030  0.56781  -0.17982
    44.77  0.52509  0.60349  -0.18781
    47.38  0.50989  0.63916  -0.19579
    50.00  0.49468  0.67484  -0.20378
    60.00  0.40587  0.80141  -0.23101
    70.00  0.28706  0.90187  -0.25471
    80.00  0.14708  0.96321  -0.27418
    90.00  0.00004  0.97698  -0.28818
   100.00  -0.10289  0.96321  -0.29977
   110.00  -0.20111  0.90187  -0.30194
   120.00  -0.28404  0.80141  -0.29641
   130.00  -0.34638  0.67484  -0.28694
   140.00  -0.38697  0.53821  -0.27912
   150.00  -0.41696  0.40887  -0.28377
   160.00  -0.46402  0.30289  -0.32941
   170.00  -0.23169  0.23354  -0.29412
   180.00  0.00004  0.20937  -0.00004
EOT
