AeroDyn airfoil file.  Compatible with AeroDyn v13.0.
Interpolated thickness: 0.259

  1        Number of airfoil tables in this file
  9990     Reynolds number in millions.  For efficiency, make very large if only one table.
  0        Control setting
  10.8261  Stall angle (deg)
  -3.58104 Zero lift angle of attack (deg)
  6.29383  Cn slope for zero lift (dimensionless)
  1.5826   Cn at stall value for positive angle of attack
  -0.8     Cn at stall value for negative angle of attack
  -2.12    Angle of attack for minimum CD (deg)
  0.0189875 Minimum CD value
  -180.00  0.00000  0.11688  -0.00000
  -170.00  0.38415  0.15695  0.39000
  -160.00  0.76928  0.27190  -0.13962
  -150.00  0.69128  0.44760  -0.06143
  -140.00  0.64155  0.66200  -0.00692
  -130.00  0.57428  0.88849  0.04582
  -120.00  0.47093  1.09831  0.09818
  -110.00  0.33345  1.26484  0.14674
  -100.00  0.17063  1.36654  0.18652
   -90.00  0.00000  1.38935  0.21265
   -80.00  -0.17062  1.36654  0.23195
   -70.00  -0.33345  1.26484  0.23546
   -60.00  -0.47092  1.09831  0.22639
   -50.00  -0.57427  0.88849  0.21060
   -40.00  -0.64155  0.66200  0.19773
   -30.00  -0.69127  0.44760  0.20543
   -20.00  -0.76732  0.27171  0.28031
   -10.00  -0.31395  0.11210  0.12392
    -4.17  -0.07020  0.01918  -0.13124
    -3.17  0.04095  0.01909  -0.13319
    -2.12  0.15600  0.01899  -0.13475
    -1.08  0.27203  0.01899  -0.13650
    -0.05  0.38708  0.01909  -0.13748
    -0.05  0.38734  0.01909  -0.13748
     1.17  0.52326  0.01930  -0.13873
     2.35  0.65127  0.01947  -0.13980
     3.52  0.77969  0.01980  -0.14053
     4.69  0.90407  0.02008  -0.14035
     5.87  1.02449  0.02044  -0.13948
     7.04  1.13866  0.02105  -0.13739
     8.21  1.23240  0.02172  -0.13163
    10.83  1.27501  0.03407  -0.10230
    13.44  1.11593  0.12037  -0.09448
    16.05  1.07758  0.17379  -0.10278
    18.66  1.10218  0.22701  -0.11567
    21.27  1.09606  0.29380  -0.13668
    23.88  1.06333  0.33984  -0.16336
    26.50  1.03059  0.38587  -0.19004
    29.11  0.99786  0.43191  -0.21672
    31.72  0.97462  0.48450  -0.23635
    34.33  0.95629  0.54049  -0.25234
    36.94  0.93796  0.59647  -0.26833
    39.55  0.91963  0.65246  -0.28432
    42.17  0.89559  0.71106  -0.29803
    44.78  0.87039  0.77021  -0.31126
    47.39  0.84518  0.82935  -0.32450
    50.00  0.81998  0.88849  -0.33774
    60.00  0.67275  1.09831  -0.38288
    70.00  0.47580  1.26484  -0.42218
    80.00  0.24375  1.36654  -0.45445
    90.00  0.00000  1.38935  -0.47766
   100.00  -0.17062  1.36654  -0.49686
   110.00  -0.33345  1.26484  -0.50047
   120.00  -0.47092  1.09831  -0.49130
   130.00  -0.57427  0.88849  -0.47561
   140.00  -0.64155  0.66200  -0.46264
   150.00  -0.69127  0.44760  -0.47034
   160.00  -0.76927  0.27190  -0.54600
   170.00  -0.38415  0.15695  -0.48750
   180.00  0.00000  0.11688  -0.00000
EOT
