AeroDyn airfoil file.  Compatible with AeroDyn v13.0.
Interpolated thickness: 0.515

  1        Number of airfoil tables in this file
  9990     Reynolds number in millions.  For efficiency, make very large if only one table.
  0        Control setting
  10.7566  Stall angle (deg)
  -3.42502 Zero lift angle of attack (deg)
  4.29452  Cn slope for zero lift (dimensionless)
  1.06296  Cn at stall value for positive angle of attack
  -0.8     Cn at stall value for negative angle of attack
  -2.12    Angle of attack for minimum CD (deg)
  0.133345 Minimum CD value
  -180.00  0.00004  0.19742  -0.00004
  -170.00  0.25147  0.22364  0.25523
  -160.00  0.50354  0.29888  -0.09142
  -150.00  0.45249  0.41388  -0.04024
  -140.00  0.41994  0.55421  -0.00457
  -130.00  0.37591  0.70245  0.02996
  -120.00  0.30827  0.83979  0.06423
  -110.00  0.21829  0.94878  0.09601
  -100.00  0.11171  1.01534  0.12204
   -90.00  0.00004  1.03028  0.13915
   -80.00  -0.11164  1.01534  0.15178
   -70.00  -0.21821  0.94878  0.15408
   -60.00  -0.30819  0.83979  0.14814
   -50.00  -0.37584  0.70245  0.13781
   -40.00  -0.41987  0.55421  0.12938
   -30.00  -0.45242  0.41388  0.13442
   -20.00  -0.50219  0.29876  0.18343
   -10.00  -0.20545  0.19429  0.08107
    -4.17  -0.04591  0.13347  -0.08593
    -3.17  0.02684  0.13341  -0.08721
    -2.12  0.10214  0.13335  -0.08823
    -1.08  0.17808  0.13335  -0.08938
    -0.05  0.25338  0.13341  -0.09002
    -0.03  0.25356  0.13341  -0.09002
     1.16  0.34252  0.13355  -0.09084
     2.33  0.42630  0.13366  -0.09154
     3.49  0.51036  0.13388  -0.09202
     4.65  0.59177  0.13406  -0.09190
     5.81  0.67058  0.13430  -0.09132
     6.98  0.74531  0.13470  -0.08996
     8.14  0.80667  0.13513  -0.08619
    10.76  0.83455  0.14322  -0.06699
    13.37  0.73043  0.19970  -0.06188
    15.99  0.70533  0.23467  -0.06730
    18.61  0.72143  0.26950  -0.07574
    21.22  0.71743  0.31322  -0.08949
    23.84  0.69600  0.34335  -0.10696
    26.45  0.67458  0.37348  -0.12442
    29.07  0.65315  0.40361  -0.14188
    31.69  0.63794  0.43803  -0.15473
    34.30  0.62595  0.47468  -0.16520
    36.92  0.61395  0.51132  -0.17566
    39.54  0.60195  0.54797  -0.18613
    42.15  0.58622  0.58632  -0.19510
    44.77  0.56972  0.62503  -0.20376
    47.38  0.55322  0.66374  -0.21243
    50.00  0.53673  0.70245  -0.22109
    60.00  0.44037  0.83979  -0.25064
    70.00  0.31146  0.94878  -0.27636
    80.00  0.15958  1.01534  -0.29748
    90.00  0.00004  1.03028  -0.31267
   100.00  -0.11164  1.01534  -0.32524
   110.00  -0.21821  0.94878  -0.32760
   120.00  -0.30819  0.83979  -0.32160
   130.00  -0.37584  0.70245  -0.31133
   140.00  -0.41987  0.55421  -0.30284
   150.00  -0.45242  0.41388  -0.30788
   160.00  -0.50347  0.29888  -0.35740
   170.00  -0.25140  0.22364  -0.31912
   180.00  0.00004  0.19742  -0.00004
EOT
