AeroDyn airfoil file.  Compatible with AeroDyn v13.0.
Interpolated thickness: 0.48

  1        Number of airfoil tables in this file
  9990     Reynolds number in millions.  For efficiency, make very large if only one table.
  0        Control setting
  10.7661  Stall angle (deg)
  -3.45132 Zero lift angle of attack (deg)
  4.57116  Cn slope for zero lift (dimensionless)
  1.13429  Cn at stall value for positive angle of attack
  -0.8     Cn at stall value for negative angle of attack
  -2.12    Angle of attack for minimum CD (deg)
  0.117711 Minimum CD value
  -180.00  0.00003  0.18641  -0.00003
  -170.00  0.26961  0.21453  0.27365
  -160.00  0.53987  0.29519  -0.09801
  -150.00  0.48514  0.41849  -0.04314
  -140.00  0.45024  0.56895  -0.00489
  -130.00  0.40303  0.72789  0.03213
  -120.00  0.33051  0.87513  0.06887
  -110.00  0.23403  0.99199  0.10294
  -100.00  0.11977  1.06336  0.13086
   -90.00  0.00003  1.07937  0.14919
   -80.00  -0.11971  1.06336  0.16274
   -70.00  -0.23397  0.99199  0.16521
   -60.00  -0.33044  0.87513  0.15884
   -50.00  -0.40297  0.72789  0.14776
   -40.00  -0.45018  0.56895  0.13873
   -30.00  -0.48507  0.41849  0.14413
   -20.00  -0.53844  0.29506  0.19668
   -10.00  -0.22028  0.18305  0.08693
    -4.17  -0.04923  0.11785  -0.09213
    -3.17  0.02877  0.11778  -0.09349
    -2.12  0.10951  0.11771  -0.09459
    -1.08  0.19093  0.11771  -0.09582
    -0.05  0.27166  0.11778  -0.09651
    -0.03  0.27185  0.11778  -0.09651
     1.16  0.36723  0.11793  -0.09739
     2.33  0.45706  0.11805  -0.09814
     3.49  0.54718  0.11828  -0.09865
     4.66  0.63447  0.11848  -0.09852
     5.82  0.71897  0.11873  -0.09791
     6.99  0.79909  0.11916  -0.09644
     8.15  0.86487  0.11963  -0.09240
    10.77  0.89477  0.12829  -0.07182
    13.38  0.78314  0.18885  -0.06633
    16.00  0.75623  0.22635  -0.07215
    18.61  0.77349  0.26369  -0.08120
    21.23  0.76920  0.31056  -0.09594
    23.84  0.74622  0.34287  -0.11467
    26.46  0.72325  0.37517  -0.13339
    29.08  0.70028  0.40748  -0.15211
    31.69  0.68397  0.44439  -0.16589
    34.31  0.67111  0.48368  -0.17711
    36.92  0.65825  0.52296  -0.18833
    39.54  0.64538  0.56225  -0.19955
    42.15  0.62852  0.60338  -0.20917
    44.77  0.61083  0.64488  -0.21846
    47.38  0.59314  0.68639  -0.22775
    50.00  0.57545  0.72789  -0.23704
    60.00  0.47214  0.87513  -0.26872
    70.00  0.33393  0.99199  -0.29629
    80.00  0.17108  1.06336  -0.31894
    90.00  0.00003  1.07937  -0.33523
   100.00  -0.11971  1.06336  -0.34871
   110.00  -0.23397  0.99199  -0.35124
   120.00  -0.33044  0.87513  -0.34481
   130.00  -0.40297  0.72789  -0.33379
   140.00  -0.45018  0.56895  -0.32469
   150.00  -0.48507  0.41849  -0.33009
   160.00  -0.53981  0.29519  -0.38319
   170.00  -0.26955  0.21453  -0.34214
   180.00  0.00003  0.18641  -0.00003
EOT
