AeroDyn airfoil file.  Compatible with AeroDyn v13.0.
Interpolated thickness: 0.357

  1        Number of airfoil tables in this file
  9990     Reynolds number in millions.  For efficiency, make very large if only one table.
  0        Control setting
  10.7995  Stall angle (deg)
  -3.52947 Zero lift angle of attack (deg)
  5.53503  Cn slope for zero lift (dimensionless)
  1.38424  Cn at stall value for positive angle of attack
  -0.8     Cn at stall value for negative angle of attack
  -2.12    Angle of attack for minimum CD (deg)
  0.0627651 Minimum CD value
  -180.00  0.00002  0.14771  -0.00002
  -170.00  0.33336  0.18248  0.33841
  -160.00  0.66755  0.28223  -0.12117
  -150.00  0.59987  0.43469  -0.05332
  -140.00  0.55672  0.62074  -0.00602
  -130.00  0.49834  0.81727  0.03975
  -120.00  0.40866  0.99935  0.08518
  -110.00  0.28937  1.14385  0.12732
  -100.00  0.14807  1.23209  0.16183
   -90.00  0.00002  1.25189  0.18451
   -80.00  -0.14804  1.23209  0.20126
   -70.00  -0.28933  1.14385  0.20431
   -60.00  -0.40863  0.99935  0.19644
   -50.00  -0.49831  0.81727  0.18273
   -40.00  -0.55669  0.62074  0.17156
   -30.00  -0.59984  0.43469  0.17825
   -20.00  -0.66583  0.28206  0.24322
   -10.00  -0.27241  0.14356  0.10752
    -4.17  -0.06090  0.06293  -0.11389
    -3.17  0.03555  0.06285  -0.11559
    -2.12  0.13538  0.06277  -0.11694
    -1.08  0.23606  0.06277  -0.11846
    -0.05  0.33590  0.06285  -0.11931
    -0.04  0.33613  0.06285  -0.11931
     1.17  0.45407  0.06303  -0.12040
     2.34  0.56515  0.06318  -0.12133
     3.51  0.67659  0.06347  -0.12196
     4.68  0.78452  0.06371  -0.12180
     5.85  0.88901  0.06402  -0.12104
     7.02  0.98808  0.06456  -0.11923
     8.19  1.06943  0.06513  -0.11423
    10.80  1.10640  0.07585  -0.08878
    13.41  0.96835  0.15074  -0.08200
    16.03  0.93508  0.19710  -0.08920
    18.64  0.95642  0.24327  -0.10039
    21.25  0.95112  0.30123  -0.11861
    23.87  0.92271  0.34118  -0.14177
    26.48  0.89431  0.38113  -0.16492
    29.09  0.86590  0.42107  -0.18807
    31.71  0.84574  0.46671  -0.20511
    34.32  0.82983  0.51529  -0.21898
    36.93  0.81392  0.56388  -0.23285
    39.55  0.79802  0.61246  -0.24673
    42.16  0.77716  0.66331  -0.25862
    44.77  0.75529  0.71463  -0.27011
    47.39  0.73342  0.76595  -0.28160
    50.00  0.71155  0.81727  -0.29309
    60.00  0.58379  0.99935  -0.33226
    70.00  0.41289  1.14385  -0.36636
    80.00  0.21153  1.23209  -0.39436
    90.00  0.00002  1.25189  -0.41450
   100.00  -0.14804  1.23209  -0.43116
   110.00  -0.28933  1.14385  -0.43429
   120.00  -0.40863  0.99935  -0.42634
   130.00  -0.49831  0.81727  -0.41272
   140.00  -0.55669  0.62074  -0.40147
   150.00  -0.59984  0.43469  -0.40815
   160.00  -0.66752  0.28223  -0.47380
   170.00  -0.33333  0.18248  -0.42304
   180.00  0.00002  0.14771  -0.00002
EOT
