AeroDyn airfoil file.  Compatible with AeroDyn v13.0.
Interpolated thickness: 0.728

  1        Number of airfoil tables in this file
  9990     Reynolds number in millions.  For efficiency, make very large if only one table.
  0        Control setting
  10.6988  Stall angle (deg)
  -3.18015 Zero lift angle of attack (deg)
  2.58798  Cn slope for zero lift (dimensionless)
  0.626895 Cn at stall value for positive angle of attack
  -0.8     Cn at stall value for negative angle of attack
  -2.12    Angle of attack for minimum CD (deg)
  0.228495 Minimum CD value
  -180.00  0.00006  0.26443  -0.00006
  -170.00  0.14107  0.27914  0.14309
  -160.00  0.28244  0.32133  -0.05131
  -150.00  0.25381  0.38583  -0.02261
  -140.00  0.23556  0.46453  -0.00261
  -130.00  0.21086  0.54767  0.01676
  -120.00  0.17293  0.62468  0.03598
  -110.00  0.12246  0.68581  0.05380
  -100.00  0.06270  0.72314  0.06840
   -90.00  0.00006  0.73152  0.07799
   -80.00  -0.06257  0.72314  0.08508
   -70.00  -0.12234  0.68581  0.08637
   -60.00  -0.17280  0.62468  0.08304
   -50.00  -0.21074  0.54767  0.07724
   -40.00  -0.23543  0.46453  0.07252
   -30.00  -0.25368  0.38583  0.07534
   -20.00  -0.28160  0.32126  0.10283
   -10.00  -0.11518  0.26267  0.04542
    -4.17  -0.02570  0.22857  -0.04824
    -3.17  0.01510  0.22853  -0.04895
    -2.12  0.05733  0.22849  -0.04953
    -1.08  0.09992  0.22849  -0.05017
    -0.05  0.14215  0.22853  -0.05053
    -0.02  0.14225  0.22853  -0.05053
     1.15  0.19214  0.22861  -0.05099
     2.31  0.23913  0.22867  -0.05138
     3.46  0.28626  0.22879  -0.05165
     4.62  0.33192  0.22889  -0.05158
     5.77  0.37612  0.22903  -0.05126
     6.92  0.41803  0.22925  -0.05049
     8.08  0.45244  0.22950  -0.04838
    10.70  0.46808  0.23403  -0.03761
    13.32  0.40969  0.26571  -0.03475
    15.94  0.39561  0.28532  -0.03779
    18.56  0.40464  0.30485  -0.04252
    21.18  0.40240  0.32937  -0.05023
    23.80  0.39038  0.34627  -0.06003
    26.42  0.37836  0.36317  -0.06982
    29.04  0.36635  0.38007  -0.07961
    31.66  0.35782  0.39937  -0.08682
    34.28  0.35109  0.41992  -0.09269
    36.90  0.34436  0.44047  -0.09856
    39.52  0.33763  0.46102  -0.10443
    42.14  0.32881  0.48254  -0.10946
    44.76  0.31956  0.50425  -0.11432
    47.38  0.31031  0.52596  -0.11918
    50.00  0.30105  0.54767  -0.12404
    60.00  0.24701  0.62468  -0.14061
    70.00  0.17472  0.68581  -0.15503
    80.00  0.08954  0.72314  -0.16688
    90.00  0.00006  0.73152  -0.17540
   100.00  -0.06257  0.72314  -0.18245
   110.00  -0.12234  0.68581  -0.18377
   120.00  -0.17280  0.62468  -0.18041
   130.00  -0.21074  0.54767  -0.17465
   140.00  -0.23543  0.46453  -0.16989
   150.00  -0.25368  0.38583  -0.17271
   160.00  -0.28231  0.32133  -0.20049
   170.00  -0.14095  0.27914  -0.17901
   180.00  0.00006  0.26443  -0.00006
EOT
