AeroDyn airfoil file.  Compatible with AeroDyn v13.0.
Interpolated thickness: 0.261

  1        Number of airfoil tables in this file
  9990     Reynolds number in millions.  For efficiency, make very large if only one table.
  0        Control setting
  10.8256  Stall angle (deg)
  -3.58005 Zero lift angle of attack (deg)
  6.27843  Cn slope for zero lift (dimensionless)
  1.57856  Cn at stall value for positive angle of attack
  -0.8     Cn at stall value for negative angle of attack
  -2.12    Angle of attack for minimum CD (deg)
  0.0198809 Minimum CD value
  -180.00  0.00000  0.11751  -0.00000
  -170.00  0.38312  0.15747  0.38894
  -160.00  0.76720  0.27211  -0.13925
  -150.00  0.68941  0.44733  -0.06126
  -140.00  0.63982  0.66116  -0.00691
  -130.00  0.57273  0.88704  0.04570
  -120.00  0.46966  1.09629  0.09791
  -110.00  0.33255  1.26237  0.14634
  -100.00  0.17017  1.36379  0.18601
   -90.00  0.00000  1.38654  0.21207
   -80.00  -0.17016  1.36379  0.23132
   -70.00  -0.33255  1.26237  0.23482
   -60.00  -0.46965  1.09629  0.22578
   -50.00  -0.57272  0.88704  0.21003
   -40.00  -0.63982  0.66116  0.19719
   -30.00  -0.68941  0.44733  0.20488
   -20.00  -0.76525  0.27192  0.27955
   -10.00  -0.31310  0.11274  0.12359
    -4.17  -0.07001  0.02008  -0.13088
    -3.17  0.04084  0.01998  -0.13283
    -2.12  0.15558  0.01988  -0.13438
    -1.08  0.27129  0.01988  -0.13613
    -0.05  0.38603  0.01998  -0.13711
    -0.05  0.38630  0.01998  -0.13711
     1.17  0.52184  0.02019  -0.13836
     2.35  0.64951  0.02036  -0.13943
     3.52  0.77758  0.02069  -0.14015
     4.69  0.90163  0.02097  -0.13997
     5.87  1.02172  0.02133  -0.13910
     7.04  1.13558  0.02194  -0.13702
     8.21  1.22908  0.02260  -0.13127
    10.83  1.27157  0.03492  -0.10202
    13.44  1.11291  0.12099  -0.09423
    16.05  1.07467  0.17427  -0.10250
    18.66  1.09920  0.22734  -0.11536
    21.27  1.09310  0.29395  -0.13631
    23.88  1.06046  0.33986  -0.16292
    26.50  1.02781  0.38578  -0.18953
    29.11  0.99517  0.43169  -0.21613
    31.72  0.97199  0.48414  -0.23571
    34.33  0.95371  0.53997  -0.25166
    36.94  0.93543  0.59581  -0.26761
    39.55  0.91714  0.65164  -0.28355
    42.17  0.89318  0.71009  -0.29722
    44.78  0.86804  0.76907  -0.31042
    47.39  0.84290  0.82806  -0.32363
    50.00  0.81776  0.88704  -0.33683
    60.00  0.67094  1.09629  -0.38185
    70.00  0.47452  1.26237  -0.42104
    80.00  0.24309  1.36379  -0.45322
    90.00  0.00000  1.38654  -0.47637
   100.00  -0.17016  1.36379  -0.49552
   110.00  -0.33255  1.26237  -0.49912
   120.00  -0.46965  1.09629  -0.48998
   130.00  -0.57272  0.88704  -0.47432
   140.00  -0.63982  0.66116  -0.46139
   150.00  -0.68941  0.44733  -0.46907
   160.00  -0.76720  0.27211  -0.54453
   170.00  -0.38311  0.15747  -0.48619
   180.00  0.00000  0.11751  -0.00000
EOT
