AeroDyn airfoil file.  Compatible with AeroDyn v13.0.
Interpolated thickness: 0.202

  1        Number of airfoil tables in this file
  9990     Reynolds number in millions.  For efficiency, make very large if only one table.
  0        Control setting
  14.7607  Stall angle (deg)
  -4.59773 Zero lift angle of attack (deg)
  6.30005  Cn slope for zero lift (dimensionless)
  2.12859  Cn at stall value for positive angle of attack
  -0.8     Cn at stall value for negative angle of attack
  -4.09    Angle of attack for minimum CD (deg)
  0.00847063 Minimum CD value
  -180.00  0.00000  0.15438  0.00000
  -170.00  0.39780  0.19478  0.40000
  -160.00  0.79660  0.31072  -0.14016
  -150.00  0.71009  0.48772  -0.06240
  -140.00  0.65909  0.70328  -0.00699
  -130.00  0.58954  0.93020  0.04662
  -120.00  0.48354  1.13921  0.09929
  -110.00  0.34200  1.30317  0.14724
  -100.00  0.17500  1.40015  0.18560
   -90.00  0.00000  1.41600  0.20941
   -80.00  -0.17500  1.40015  0.22992
   -70.00  -0.34200  1.30317  0.23433
   -60.00  -0.48354  1.13921  0.22569
   -50.00  -0.58954  0.93020  0.20981
   -40.00  -0.65909  0.70328  0.19629
   -30.00  -0.71009  0.48772  0.20272
   -20.00  -0.79514  0.31047  0.27778
   -10.00  -0.29051  0.10529  0.08617
    -6.04  -0.10920  0.02413  -0.10231
    -5.04  -0.02228  0.01508  -0.12853
    -4.09  0.05648  0.00847  -0.14776
    -3.02  0.17456  0.00848  -0.14935
    -2.02  0.28357  0.00849  -0.15038
    -1.03  0.39236  0.00855  -0.15137
    -0.02  0.50244  0.00870  -0.15235
     0.99  0.61559  0.00892  -0.15273
     1.98  0.72449  0.00919  -0.15338
     2.98  0.83250  0.00955  -0.15406
     3.97  0.93657  0.00988  -0.15333
     4.96  1.03773  0.01034  -0.15210
     5.95  1.12774  0.01086  -0.14895
     8.15  1.24583  0.01679  -0.13251
    10.36  1.27029  0.04382  -0.11888
    12.56  1.32602  0.07530  -0.11497
    14.76  1.34000  0.11456  -0.11255
    16.96  1.24584  0.20965  -0.12564
    19.17  1.19486  0.27784  -0.13738
    21.37  1.12720  0.33507  -0.16552
    23.57  1.09841  0.37409  -0.18766
    25.77  1.06962  0.41312  -0.20981
    27.98  1.04082  0.45215  -0.23195
    30.18  1.01513  0.49332  -0.25180
    32.38  0.99695  0.53936  -0.26667
    34.58  0.98096  0.58680  -0.28016
    36.79  0.96498  0.63423  -0.29366
    38.99  0.94900  0.68166  -0.30715
    41.19  0.92976  0.73049  -0.31939
    43.39  0.90770  0.78042  -0.33060
    45.60  0.88565  0.83035  -0.34180
    47.80  0.86360  0.88027  -0.35300
    50.00  0.84154  0.93020  -0.36421
    60.00  0.69054  1.13921  -0.40899
    70.00  0.48854  1.30317  -0.44728
    80.00  0.25000  1.40015  -0.47777
    90.00  0.00000  1.41600  -0.49859
   100.00  -0.17500  1.40015  -0.51905
   110.00  -0.34200  1.30317  -0.52351
   120.00  -0.48354  1.13921  -0.51481
   130.00  -0.58954  0.93020  -0.49898
   140.00  -0.65909  0.70328  -0.48541
   150.00  -0.71009  0.48772  -0.49185
   160.00  -0.79660  0.31072  -0.56744
   170.00  -0.39780  0.19478  -0.50000
   180.00  0.00000  0.15438  0.00000
EOT
