AeroDyn airfoil file.  Compatible with AeroDyn v13.0.
Interpolated thickness: 0.655

  1        Number of airfoil tables in this file
  9990     Reynolds number in millions.  For efficiency, make very large if only one table.
  0        Control setting
  10.7186  Stall angle (deg)
  -3.28791 Zero lift angle of attack (deg)
  3.17734  Cn slope for zero lift (dimensionless)
  0.776733 Cn at stall value for positive angle of attack
  -0.8     Cn at stall value for negative angle of attack
  -2.12    Angle of attack for minimum CD (deg)
  0.195885 Minimum CD value
  -180.00  0.00005  0.24146  -0.00005
  -170.00  0.17891  0.26012  0.18152
  -160.00  0.35822  0.31364  -0.06506
  -150.00  0.32190  0.39544  -0.02865
  -140.00  0.29875  0.49526  -0.00328
  -130.00  0.26743  0.60072  0.02128
  -120.00  0.21931  0.69840  0.04566
  -110.00  0.15530  0.77594  0.06826
  -100.00  0.07950  0.82329  0.08679
   -90.00  0.00005  0.83391  0.09895
   -80.00  -0.07939  0.82329  0.10794
   -70.00  -0.15520  0.77594  0.10957
   -60.00  -0.21920  0.69840  0.10535
   -50.00  -0.26732  0.60072  0.09800
   -40.00  -0.29864  0.49526  0.09201
   -30.00  -0.32179  0.39544  0.09559
   -20.00  -0.35720  0.31355  0.13046
   -10.00  -0.14612  0.23924  0.05764
    -4.17  -0.03263  0.19598  -0.06116
    -3.17  0.01912  0.19593  -0.06206
    -2.12  0.07269  0.19588  -0.06279
    -1.08  0.12671  0.19588  -0.06361
    -0.05  0.18027  0.19593  -0.06406
    -0.02  0.18040  0.19593  -0.06406
     1.16  0.24367  0.19603  -0.06465
     2.31  0.30328  0.19611  -0.06514
     3.47  0.36307  0.19626  -0.06548
     4.63  0.42098  0.19639  -0.06540
     5.79  0.47704  0.19656  -0.06499
     6.94  0.53020  0.19685  -0.06402
     8.10  0.57384  0.19716  -0.06134
    10.72  0.59368  0.20291  -0.04768
    13.34  0.51961  0.24309  -0.04404
    15.96  0.50176  0.26796  -0.04791
    18.57  0.51321  0.29274  -0.05391
    21.19  0.51037  0.32383  -0.06369
    23.81  0.49512  0.34527  -0.07611
    26.43  0.47988  0.36670  -0.08853
    29.05  0.46464  0.38813  -0.10095
    31.67  0.45382  0.41262  -0.11010
    34.29  0.44529  0.43869  -0.11754
    36.91  0.43675  0.46475  -0.12498
    39.52  0.42822  0.49082  -0.13243
    42.14  0.41703  0.51811  -0.13881
    44.76  0.40529  0.54564  -0.14497
    47.38  0.39356  0.57318  -0.15114
    50.00  0.38182  0.60072  -0.15730
    60.00  0.31328  0.69840  -0.17832
    70.00  0.22158  0.77594  -0.19661
    80.00  0.11354  0.82329  -0.21164
    90.00  0.00005  0.83391  -0.22244
   100.00  -0.07939  0.82329  -0.23139
   110.00  -0.15520  0.77594  -0.23307
   120.00  -0.21920  0.69840  -0.22880
   130.00  -0.26732  0.60072  -0.22149
   140.00  -0.29864  0.49526  -0.21545
   150.00  -0.32179  0.39544  -0.21904
   160.00  -0.35811  0.31364  -0.25427
   170.00  -0.17880  0.26012  -0.22703
   180.00  0.00005  0.24146  -0.00005
EOT
