AeroDyn airfoil file.  Compatible with AeroDyn v13.0.
Interpolated thickness: 0.243

  1        Number of airfoil tables in this file
  9990     Reynolds number in millions.  For efficiency, make very large if only one table.
  0        Control setting
  10.8304  Stall angle (deg)
  -3.58882 Zero lift angle of attack (deg)
  6.41696  Cn slope for zero lift (dimensionless)
  1.61491  Cn at stall value for positive angle of attack
  -0.8     Cn at stall value for negative angle of attack
  -2.12    Angle of attack for minimum CD (deg)
  0.0118401 Minimum CD value
  -180.00  0.00000  0.11184  -0.00000
  -170.00  0.39245  0.15278  0.39842
  -160.00  0.78589  0.27022  -0.14264
  -150.00  0.70620  0.44970  -0.06275
  -140.00  0.65540  0.66874  -0.00707
  -130.00  0.58668  0.90012  0.04681
  -120.00  0.48109  1.11447  0.10030
  -110.00  0.34065  1.28460  0.14991
  -100.00  0.17431  1.38848  0.19054
   -90.00  0.00000  1.41179  0.21724
   -80.00  -0.17431  1.38848  0.23696
   -70.00  -0.34065  1.28460  0.24055
   -60.00  -0.48109  1.11447  0.23128
   -50.00  -0.58667  0.90012  0.21515
   -40.00  -0.65540  0.66874  0.20200
   -30.00  -0.70620  0.44970  0.20987
   -20.00  -0.78389  0.27002  0.28636
   -10.00  -0.32073  0.10696  0.12660
    -4.17  -0.07172  0.01204  -0.13407
    -3.17  0.04183  0.01194  -0.13606
    -2.12  0.15937  0.01184  -0.13765
    -1.08  0.27790  0.01184  -0.13945
    -0.05  0.39543  0.01194  -0.14044
    -0.05  0.39571  0.01194  -0.14045
     1.17  0.53455  0.01216  -0.14173
     2.35  0.66533  0.01233  -0.14282
     3.52  0.79652  0.01267  -0.14357
     4.70  0.92359  0.01295  -0.14338
     5.87  1.04661  0.01332  -0.14249
     7.04  1.16324  0.01395  -0.14035
     8.22  1.25901  0.01463  -0.13447
    10.83  1.30254  0.02725  -0.10450
    13.44  1.14002  0.11541  -0.09652
    16.05  1.10085  0.16999  -0.10500
    18.66  1.12597  0.22435  -0.11817
    21.28  1.11973  0.29259  -0.13963
    23.89  1.08628  0.33962  -0.16688
    26.50  1.05284  0.38665  -0.19414
    29.11  1.01940  0.43368  -0.22140
    31.72  0.99566  0.48741  -0.24145
    34.33  0.97693  0.54460  -0.25779
    36.94  0.95821  0.60180  -0.27412
    39.55  0.93948  0.65899  -0.29045
    42.17  0.91493  0.71886  -0.30446
    44.78  0.88918  0.77928  -0.31798
    47.39  0.86343  0.83970  -0.33151
    50.00  0.83768  0.90012  -0.34503
    60.00  0.68728  1.11447  -0.39115
    70.00  0.48607  1.28460  -0.43129
    80.00  0.24901  1.38848  -0.46426
    90.00  0.00000  1.41179  -0.48797
   100.00  -0.17431  1.38848  -0.50759
   110.00  -0.34065  1.28460  -0.51127
   120.00  -0.48109  1.11447  -0.50191
   130.00  -0.58667  0.90012  -0.48587
   140.00  -0.65540  0.66874  -0.47263
   150.00  -0.70620  0.44970  -0.48050
   160.00  -0.78589  0.27022  -0.55779
   170.00  -0.39244  0.15278  -0.49803
   180.00  0.00000  0.11184  -0.00000
EOT
