AeroDyn airfoil file.  Compatible with AeroDyn v13.0.
Interpolated thickness: 0.337

  1        Number of airfoil tables in this file
  9990     Reynolds number in millions.  For efficiency, make very large if only one table.
  0        Control setting
  10.8049  Stall angle (deg)
  -3.54061 Zero lift angle of attack (deg)
  5.69054  Cn slope for zero lift (dimensionless)
  1.42478  Cn at stall value for positive angle of attack
  -0.8     Cn at stall value for negative angle of attack
  -2.12    Angle of attack for minimum CD (deg)
  0.0538309 Minimum CD value
  -180.00  0.00001  0.14142  -0.00001
  -170.00  0.34373  0.17727  0.34893
  -160.00  0.68831  0.28012  -0.12494
  -150.00  0.61852  0.43732  -0.05497
  -140.00  0.57403  0.62916  -0.00621
  -130.00  0.51384  0.83181  0.04099
  -120.00  0.42137  1.01954  0.08783
  -110.00  0.29836  1.16854  0.13128
  -100.00  0.15268  1.25953  0.16687
   -90.00  0.00001  1.27994  0.19025
   -80.00  -0.15265  1.25953  0.20752
   -70.00  -0.29834  1.16854  0.21066
   -60.00  -0.42134  1.01954  0.20255
   -50.00  -0.51381  0.83181  0.18842
   -40.00  -0.57401  0.62916  0.17690
   -30.00  -0.61850  0.43732  0.18380
   -20.00  -0.68654  0.27995  0.25079
   -10.00  -0.28089  0.13714  0.11087
    -4.17  -0.06280  0.05401  -0.11743
    -3.17  0.03665  0.05392  -0.11918
    -2.12  0.13959  0.05383  -0.12057
    -1.08  0.24340  0.05383  -0.12214
    -0.05  0.34634  0.05392  -0.12302
    -0.04  0.34658  0.05392  -0.12302
     1.17  0.46819  0.05411  -0.12414
     2.34  0.58272  0.05426  -0.12510
     3.51  0.69763  0.05456  -0.12575
     4.68  0.80892  0.05481  -0.12559
     5.85  0.91666  0.05513  -0.12480
     7.02  1.01881  0.05568  -0.12294
     8.19  1.10269  0.05627  -0.11778
    10.80  1.14081  0.06732  -0.09154
    13.42  0.99847  0.14454  -0.08455
    16.03  0.96416  0.19234  -0.09197
    18.64  0.98617  0.23995  -0.10351
    21.26  0.98070  0.29972  -0.12230
    23.87  0.95141  0.34091  -0.14617
    26.48  0.92212  0.38210  -0.17004
    29.10  0.89283  0.42329  -0.19392
    31.71  0.87204  0.47034  -0.21148
    34.32  0.85564  0.52044  -0.22579
    36.93  0.83924  0.57053  -0.24009
    39.55  0.82283  0.62062  -0.25440
    42.16  0.80133  0.67306  -0.26666
    44.77  0.77878  0.72597  -0.27851
    47.39  0.75623  0.77889  -0.29036
    50.00  0.73367  0.83181  -0.30220
    60.00  0.60195  1.01954  -0.34259
    70.00  0.42573  1.16854  -0.37775
    80.00  0.21810  1.25953  -0.40662
    90.00  0.00001  1.27994  -0.42739
   100.00  -0.15265  1.25953  -0.44457
   110.00  -0.29834  1.16854  -0.44780
   120.00  -0.42134  1.01954  -0.43960
   130.00  -0.51381  0.83181  -0.42555
   140.00  -0.57401  0.62916  -0.41395
   150.00  -0.61850  0.43732  -0.42084
   160.00  -0.68829  0.28012  -0.48854
   170.00  -0.34370  0.17727  -0.43620
   180.00  0.00001  0.14142  -0.00001
EOT
