AeroDyn airfoil file.  Compatible with AeroDyn v13.0.
Interpolated thickness: 0.531

  1        Number of airfoil tables in this file
  9990     Reynolds number in millions.  For efficiency, make very large if only one table.
  0        Control setting
  10.7523  Stall angle (deg)
  -3.41219 Zero lift angle of attack (deg)
  4.16771  Cn slope for zero lift (dimensionless)
  1.03033  Cn at stall value for positive angle of attack
  -0.8     Cn at stall value for negative angle of attack
  -2.12    Angle of attack for minimum CD (deg)
  0.140493 Minimum CD value
  -180.00  0.00004  0.20245  -0.00004
  -170.00  0.24318  0.22781  0.24680
  -160.00  0.48693  0.30057  -0.08841
  -150.00  0.43757  0.41177  -0.03892
  -140.00  0.40609  0.54747  -0.00442
  -130.00  0.36351  0.69083  0.02897
  -120.00  0.29810  0.82363  0.06210
  -110.00  0.21109  0.92903  0.09284
  -100.00  0.10803  0.99339  0.11801
   -90.00  0.00004  1.00783  0.13455
   -80.00  -0.10796  0.99339  0.14677
   -70.00  -0.21101  0.92903  0.14899
   -60.00  -0.29802  0.82363  0.14325
   -50.00  -0.36344  0.69083  0.13326
   -40.00  -0.40602  0.54747  0.12511
   -30.00  -0.43749  0.41177  0.12999
   -20.00  -0.48562  0.30045  0.17738
   -10.00  -0.19867  0.19943  0.07840
    -4.17  -0.04439  0.14062  -0.08310
    -3.17  0.02596  0.14055  -0.08433
    -2.12  0.09878  0.14049  -0.08532
    -1.08  0.17221  0.14049  -0.08643
    -0.05  0.24503  0.14055  -0.08705
    -0.03  0.24520  0.14055  -0.08705
     1.16  0.33122  0.14069  -0.08784
     2.32  0.41224  0.14080  -0.08852
     3.49  0.49352  0.14101  -0.08898
     4.65  0.57225  0.14118  -0.08887
     5.81  0.64847  0.14141  -0.08832
     6.97  0.72073  0.14180  -0.08699
     8.14  0.78006  0.14222  -0.08335
    10.75  0.80702  0.15004  -0.06478
    13.37  0.70634  0.20466  -0.05984
    15.99  0.68207  0.23847  -0.06509
    18.60  0.69764  0.27215  -0.07325
    21.22  0.69376  0.31443  -0.08654
    23.83  0.67305  0.34357  -0.10343
    26.45  0.65233  0.37270  -0.12032
    29.07  0.63161  0.40184  -0.13720
    31.68  0.61690  0.43513  -0.14963
    34.30  0.60530  0.47056  -0.15975
    36.92  0.59370  0.50600  -0.16987
    39.53  0.58209  0.54143  -0.17999
    42.15  0.56688  0.57853  -0.18867
    44.77  0.55093  0.61596  -0.19704
    47.38  0.53498  0.65339  -0.20542
    50.00  0.51902  0.69083  -0.21380
    60.00  0.42584  0.82363  -0.24238
    70.00  0.30119  0.92903  -0.26724
    80.00  0.15431  0.99339  -0.28767
    90.00  0.00004  1.00783  -0.30236
   100.00  -0.10796  0.99339  -0.31452
   110.00  -0.21101  0.92903  -0.31680
   120.00  -0.29802  0.82363  -0.31100
   130.00  -0.36344  0.69083  -0.30106
   140.00  -0.40602  0.54747  -0.29285
   150.00  -0.43749  0.41177  -0.29773
   160.00  -0.48686  0.30057  -0.34562
   170.00  -0.24310  0.22781  -0.30859
   180.00  0.00004  0.20245  -0.00004
EOT
