AeroDyn airfoil file.  Compatible with AeroDyn v13.0.
Interpolated thickness: 0.407

  1        Number of airfoil tables in this file
  9990     Reynolds number in millions.  For efficiency, make very large if only one table.
  0        Control setting
  10.7859  Stall angle (deg)
  -3.49993 Zero lift angle of attack (deg)
  5.14476  Cn slope for zero lift (dimensionless)
  1.28277  Cn at stall value for positive angle of attack
  -0.8     Cn at stall value for negative angle of attack
  -2.12    Angle of attack for minimum CD (deg)
  0.0851007 Minimum CD value
  -180.00  0.00002  0.16344  -0.00002
  -170.00  0.30745  0.19551  0.31208
  -160.00  0.61565  0.28750  -0.11176
  -150.00  0.55323  0.42810  -0.04918
  -140.00  0.51344  0.59968  -0.00556
  -130.00  0.45960  0.78094  0.03665
  -120.00  0.37689  0.94885  0.07855
  -110.00  0.26687  1.08212  0.11741
  -100.00  0.13657  1.16350  0.14924
   -90.00  0.00002  1.18176  0.17015
   -80.00  -0.13652  1.16350  0.18560
   -70.00  -0.26683  1.08212  0.18841
   -60.00  -0.37685  0.94885  0.18116
   -50.00  -0.45955  0.78094  0.16851
   -40.00  -0.51339  0.59968  0.15822
   -30.00  -0.55318  0.42810  0.16438
   -20.00  -0.61405  0.28734  0.22430
   -10.00  -0.25122  0.15962  0.09915
    -4.17  -0.05616  0.08526  -0.10505
    -3.17  0.03279  0.08518  -0.10661
    -2.12  0.12486  0.08510  -0.10785
    -1.08  0.21772  0.08510  -0.10926
    -0.05  0.30979  0.08518  -0.11004
    -0.04  0.31000  0.08518  -0.11004
     1.17  0.41877  0.08535  -0.11104
     2.33  0.52121  0.08549  -0.11190
     3.50  0.62398  0.08575  -0.11249
     4.67  0.72352  0.08597  -0.11234
     5.84  0.81989  0.08626  -0.11164
     7.00  0.91125  0.08675  -0.10997
     8.17  0.98627  0.08729  -0.10536
    10.79  1.02037  0.09717  -0.08189
    13.40  0.89306  0.16623  -0.07563
    16.01  0.86238  0.20899  -0.08227
    18.63  0.88206  0.25157  -0.09259
    21.24  0.87716  0.30503  -0.10940
    23.86  0.85097  0.34187  -0.13075
    26.47  0.82477  0.37871  -0.15210
    29.09  0.79858  0.41555  -0.17345
    31.70  0.77998  0.45764  -0.18917
    34.31  0.76531  0.50244  -0.20196
    36.93  0.75064  0.54725  -0.21476
    39.54  0.73597  0.59205  -0.22755
    42.16  0.71674  0.63895  -0.23852
    44.77  0.69657  0.68628  -0.24912
    47.39  0.67639  0.73361  -0.25971
    50.00  0.65622  0.78094  -0.27031
    60.00  0.53840  0.94885  -0.30643
    70.00  0.38079  1.08212  -0.33788
    80.00  0.19509  1.16350  -0.36370
    90.00  0.00002  1.18176  -0.38227
   100.00  -0.13652  1.16350  -0.39764
   110.00  -0.26683  1.08212  -0.40053
   120.00  -0.37685  0.94885  -0.39320
   130.00  -0.45955  0.78094  -0.38063
   140.00  -0.51339  0.59968  -0.37026
   150.00  -0.55318  0.42810  -0.37642
   160.00  -0.61561  0.28750  -0.43697
   170.00  -0.30740  0.19551  -0.39015
   180.00  0.00002  0.16344  -0.00002
EOT
