AeroDyn airfoil file.  Compatible with AeroDyn v13.0.
Interpolated thickness: 0.606

  1        Number of airfoil tables in this file
  9990     Reynolds number in millions.  For efficiency, make very large if only one table.
  0        Control setting
  10.7319  Stall angle (deg)
  -3.34339 Zero lift angle of attack (deg)
  3.5703   Cn slope for zero lift (dimensionless)
  0.877082 Cn at stall value for positive angle of attack
  -0.8     Cn at stall value for negative angle of attack
  -2.12    Angle of attack for minimum CD (deg)
  0.173996 Minimum CD value
  -180.00  0.00005  0.22605  -0.00005
  -170.00  0.20431  0.24735  0.20732
  -160.00  0.40908  0.30847  -0.07429
  -150.00  0.36761  0.40189  -0.03271
  -140.00  0.34117  0.51589  -0.00373
  -130.00  0.30540  0.63632  0.02432
  -120.00  0.25045  0.74789  0.05216
  -110.00  0.17735  0.83643  0.07797
  -100.00  0.09077  0.89051  0.09913
   -90.00  0.00005  0.90264  0.11302
   -80.00  -0.09068  0.89051  0.12328
   -70.00  -0.17725  0.83643  0.12515
   -60.00  -0.25035  0.74789  0.12033
   -50.00  -0.30530  0.63632  0.11193
   -40.00  -0.34107  0.51589  0.10509
   -30.00  -0.36751  0.40189  0.10918
   -20.00  -0.40795  0.30837  0.14900
   -10.00  -0.16688  0.22351  0.06584
    -4.17  -0.03728  0.17410  -0.06983
    -3.17  0.02182  0.17405  -0.07086
    -2.12  0.08300  0.17400  -0.07169
    -1.08  0.14469  0.17400  -0.07263
    -0.05  0.20586  0.17405  -0.07315
    -0.02  0.20600  0.17405  -0.07315
     1.16  0.27827  0.17416  -0.07381
     2.32  0.34633  0.17425  -0.07438
     3.48  0.41462  0.17443  -0.07477
     4.64  0.48075  0.17458  -0.07467
     5.80  0.54478  0.17477  -0.07421
     6.95  0.60549  0.17509  -0.07310
     8.11  0.65533  0.17545  -0.07004
    10.73  0.67799  0.18202  -0.05444
    13.35  0.59340  0.22790  -0.05029
    15.97  0.57301  0.25631  -0.05470
    18.59  0.58609  0.28460  -0.06155
    21.20  0.58284  0.32012  -0.07272
    23.82  0.56543  0.34460  -0.08691
    26.44  0.54803  0.36907  -0.10109
    29.06  0.53062  0.39355  -0.11528
    31.67  0.51827  0.42152  -0.12572
    34.29  0.50852  0.45128  -0.13422
    36.91  0.49877  0.48105  -0.14272
    39.53  0.48902  0.51082  -0.15122
    42.15  0.47625  0.54198  -0.15851
    44.76  0.46284  0.57343  -0.16555
    47.38  0.44944  0.60488  -0.17259
    50.00  0.43604  0.63632  -0.17963
    60.00  0.35776  0.74789  -0.20363
    70.00  0.25304  0.83643  -0.22452
    80.00  0.12965  0.89051  -0.24168
    90.00  0.00005  0.90264  -0.25402
   100.00  -0.09068  0.89051  -0.26424
   110.00  -0.17725  0.83643  -0.26615
   120.00  -0.25035  0.74789  -0.26128
   130.00  -0.30530  0.63632  -0.25293
   140.00  -0.34107  0.51589  -0.24604
   150.00  -0.36751  0.40189  -0.25013
   160.00  -0.40899  0.30847  -0.29036
   170.00  -0.20421  0.24735  -0.25926
   180.00  0.00005  0.22605  -0.00005
EOT
