AeroDyn airfoil file.  Compatible with AeroDyn v13.0.
Interpolated thickness: 0.251

  1        Number of airfoil tables in this file
  9990     Reynolds number in millions.  For efficiency, make very large if only one table.
  0        Control setting
  10.8283  Stall angle (deg)
  -3.58495 Zero lift angle of attack (deg)
  6.35542  Cn slope for zero lift (dimensionless)
  1.59876  Cn at stall value for positive angle of attack
  -0.8     Cn at stall value for negative angle of attack
  -2.12    Angle of attack for minimum CD (deg)
  0.0154138 Minimum CD value
  -180.00  0.00000  0.11436  -0.00000
  -170.00  0.38830  0.15487  0.39421
  -160.00  0.77758  0.27106  -0.14113
  -150.00  0.69874  0.44865  -0.06209
  -140.00  0.64848  0.66537  -0.00700
  -130.00  0.58048  0.89431  0.04632
  -120.00  0.47601  1.10639  0.09924
  -110.00  0.33705  1.27472  0.14832
  -100.00  0.17247  1.37751  0.18853
   -90.00  0.00000  1.40057  0.21494
   -80.00  -0.17247  1.37751  0.23446
   -70.00  -0.33705  1.27472  0.23800
   -60.00  -0.47601  1.10639  0.22884
   -50.00  -0.58047  0.89431  0.21287
   -40.00  -0.64847  0.66537  0.19986
   -30.00  -0.69874  0.44865  0.20765
   -20.00  -0.77561  0.27086  0.28334
   -10.00  -0.31734  0.10953  0.12526
    -4.17  -0.07096  0.01561  -0.13265
    -3.17  0.04139  0.01551  -0.13462
    -2.12  0.15769  0.01541  -0.13620
    -1.08  0.27496  0.01541  -0.13798
    -0.05  0.39126  0.01551  -0.13896
    -0.05  0.39153  0.01551  -0.13896
     1.17  0.52890  0.01573  -0.14023
     2.35  0.65830  0.01590  -0.14131
     3.52  0.78811  0.01624  -0.14205
     4.70  0.91383  0.01652  -0.14186
     5.87  1.03555  0.01688  -0.14098
     7.04  1.15095  0.01750  -0.13887
     8.22  1.24571  0.01817  -0.13305
    10.83  1.28877  0.03066  -0.10340
    13.44  1.12797  0.11789  -0.09550
    16.05  1.08921  0.17189  -0.10389
    18.66  1.11407  0.22568  -0.11692
    21.27  1.10789  0.29319  -0.13815
    23.89  1.07481  0.33973  -0.16512
    26.50  1.04172  0.38626  -0.19209
    29.11  1.00863  0.43279  -0.21906
    31.72  0.98514  0.48595  -0.23890
    34.33  0.96661  0.54254  -0.25506
    36.94  0.94808  0.59913  -0.27122
    39.55  0.92955  0.65572  -0.28739
    42.17  0.90526  0.71496  -0.30124
    44.78  0.87978  0.77474  -0.31462
    47.39  0.85431  0.83452  -0.32801
    50.00  0.82883  0.89431  -0.34139
    60.00  0.68001  1.10639  -0.38702
    70.00  0.48094  1.27472  -0.42673
    80.00  0.24638  1.37751  -0.45936
    90.00  0.00000  1.40057  -0.48281
   100.00  -0.17247  1.37751  -0.50223
   110.00  -0.33705  1.27472  -0.50587
   120.00  -0.47601  1.10639  -0.49661
   130.00  -0.58047  0.89431  -0.48074
   140.00  -0.64847  0.66537  -0.46763
   150.00  -0.69874  0.44865  -0.47542
   160.00  -0.77758  0.27106  -0.55190
   170.00  -0.38830  0.15487  -0.49276
   180.00  0.00000  0.11436  -0.00000
EOT
