AeroDyn airfoil file.  Compatible with AeroDyn v13.0.
Interpolated thickness: 0.242

  1        Number of airfoil tables in this file
  9990     Reynolds number in millions.  For efficiency, make very large if only one table.
  0        Control setting
  10.8307  Stall angle (deg)
  -3.5358  Zero lift angle of attack (deg)
  6.4872   Cn slope for zero lift (dimensionless)
  1.62662  Cn at stall value for positive angle of attack
  -0.8     Cn at stall value for negative angle of attack
  -2.12    Angle of attack for minimum CD (deg)
  0.0113934 Minimum CD value
  -180.00  0.00000  0.11153  -0.00000
  -170.00  0.39296  0.15252  0.39895
  -160.00  0.78692  0.27011  -0.14282
  -150.00  0.70713  0.44984  -0.06283
  -140.00  0.65627  0.66916  -0.00708
  -130.00  0.58745  0.90085  0.04688
  -120.00  0.48173  1.11548  0.10043
  -110.00  0.34110  1.28583  0.15010
  -100.00  0.17454  1.38986  0.19080
   -90.00  0.00000  1.41319  0.21753
   -80.00  -0.17454  1.38986  0.23727
   -70.00  -0.34110  1.28583  0.24086
   -60.00  -0.48173  1.11548  0.23159
   -50.00  -0.58745  0.90085  0.21543
   -40.00  -0.65627  0.66916  0.20227
   -30.00  -0.70713  0.44984  0.21015
   -20.00  -0.78493  0.26991  0.28674
   -10.00  -0.32115  0.10664  0.12677
    -4.17  -0.07181  0.01159  -0.13425
    -3.17  0.04189  0.01149  -0.13624
    -2.12  0.15958  0.01139  -0.13784
    -1.08  0.27827  0.01139  -0.13963
    -0.05  0.39596  0.01149  -0.14063
    -0.05  0.39623  0.01149  -0.14063
     1.17  0.53526  0.01171  -0.14191
     2.35  0.66621  0.01189  -0.14301
     3.52  0.79757  0.01223  -0.14376
     4.70  0.92481  0.01251  -0.14357
     5.87  1.04799  0.01288  -0.14267
     7.05  1.16478  0.01350  -0.14054
     8.22  1.26067  0.01419  -0.13464
    10.83  1.30426  0.02682  -0.10464
    13.44  1.14153  0.11510  -0.09665
    16.05  1.10230  0.16975  -0.10513
    18.66  1.12746  0.22418  -0.11832
    21.28  1.12120  0.29251  -0.13981
    23.89  1.08772  0.33960  -0.16710
    26.50  1.05423  0.38669  -0.19440
    29.11  1.02075  0.43379  -0.22169
    31.72  0.99698  0.48759  -0.24177
    34.33  0.97823  0.54486  -0.25813
    36.94  0.95947  0.60213  -0.27448
    39.55  0.94072  0.65940  -0.29084
    42.17  0.91614  0.71935  -0.30486
    44.78  0.89035  0.77985  -0.31840
    47.39  0.86457  0.84035  -0.33195
    50.00  0.83879  0.90085  -0.34549
    60.00  0.68818  1.11548  -0.39167
    70.00  0.48672  1.28583  -0.43186
    80.00  0.24934  1.38986  -0.46487
    90.00  0.00000  1.41319  -0.48861
   100.00  -0.17454  1.38986  -0.50826
   110.00  -0.34110  1.28583  -0.51195
   120.00  -0.48173  1.11548  -0.50257
   130.00  -0.58745  0.90085  -0.48652
   140.00  -0.65627  0.66916  -0.47325
   150.00  -0.70713  0.44984  -0.48113
   160.00  -0.78692  0.27011  -0.55853
   170.00  -0.39296  0.15252  -0.49868
   180.00  0.00000  0.11153  -0.00000
EOT
