AeroDyn airfoil file.  Compatible with AeroDyn v13.0.
Interpolated thickness: 0.586

  1        Number of airfoil tables in this file
  9990     Reynolds number in millions.  For efficiency, make very large if only one table.
  0        Control setting
  10.7374  Stall angle (deg)
  -3.36335 Zero lift angle of attack (deg)
  3.73009  Cn slope for zero lift (dimensionless)
  0.917988 Cn at stall value for positive angle of attack
  -0.8     Cn at stall value for negative angle of attack
  -2.12    Angle of attack for minimum CD (deg)
  0.165062 Minimum CD value
  -180.00  0.00005  0.21975  -0.00005
  -170.00  0.21467  0.24214  0.21785
  -160.00  0.42984  0.30637  -0.07805
  -150.00  0.38626  0.40453  -0.03436
  -140.00  0.35848  0.52432  -0.00391
  -130.00  0.32090  0.65086  0.02556
  -120.00  0.26315  0.76809  0.05481
  -110.00  0.18635  0.86113  0.08194
  -100.00  0.09537  0.91794  0.10416
   -90.00  0.00005  0.93069  0.11876
   -80.00  -0.09528  0.91794  0.12955
   -70.00  -0.18625  0.86113  0.13151
   -60.00  -0.26306  0.76809  0.12644
   -50.00  -0.32080  0.65086  0.11762
   -40.00  -0.35839  0.52432  0.11043
   -30.00  -0.38617  0.40453  0.11473
   -20.00  -0.42866  0.30626  0.15657
   -10.00  -0.17536  0.21708  0.06919
    -4.17  -0.03918  0.16517  -0.07337
    -3.17  0.02292  0.16512  -0.07446
    -2.12  0.08720  0.16506  -0.07533
    -1.08  0.15203  0.16506  -0.07631
    -0.05  0.21631  0.16512  -0.07685
    -0.03  0.21646  0.16512  -0.07685
     1.16  0.29239  0.16524  -0.07755
     2.32  0.36391  0.16533  -0.07815
     3.48  0.43566  0.16552  -0.07856
     4.64  0.50515  0.16567  -0.07846
     5.80  0.57243  0.16587  -0.07797
     6.96  0.63622  0.16621  -0.07680
     8.12  0.68859  0.16659  -0.07358
    10.74  0.71240  0.17349  -0.05720
    13.35  0.62352  0.22170  -0.05283
    15.97  0.60209  0.25155  -0.05747
    18.59  0.61583  0.28128  -0.06467
    21.21  0.61242  0.31860  -0.07641
    23.82  0.59413  0.34432  -0.09131
    26.44  0.57584  0.37004  -0.10622
    29.06  0.55755  0.39576  -0.12113
    31.68  0.54457  0.42515  -0.13209
    34.29  0.53433  0.45643  -0.14103
    36.91  0.52409  0.48771  -0.14996
    39.53  0.51384  0.51899  -0.15889
    42.15  0.50042  0.55173  -0.16655
    44.76  0.48633  0.58477  -0.17395
    47.38  0.47225  0.61781  -0.18135
    50.00  0.45817  0.65086  -0.18874
    60.00  0.37591  0.76809  -0.21396
    70.00  0.26588  0.86113  -0.23592
    80.00  0.13623  0.91794  -0.25395
    90.00  0.00005  0.93069  -0.26691
   100.00  -0.09528  0.91794  -0.27764
   110.00  -0.18625  0.86113  -0.27966
   120.00  -0.26306  0.76809  -0.27454
   130.00  -0.32080  0.65086  -0.26577
   140.00  -0.35839  0.52432  -0.25852
   150.00  -0.38617  0.40453  -0.26283
   160.00  -0.42975  0.30637  -0.30510
   170.00  -0.21458  0.24214  -0.27241
   180.00  0.00005  0.21975  -0.00005
EOT
