AeroDyn airfoil file.  Compatible with AeroDyn v13.0.
Interpolated thickness: 0.394

  1        Number of airfoil tables in this file
  9990     Reynolds number in millions.  For efficiency, make very large if only one table.
  0        Control setting
  10.7895  Stall angle (deg)
  -3.50786 Zero lift angle of attack (deg)
  5.24644  Cn slope for zero lift (dimensionless)
  1.30917  Cn at stall value for positive angle of attack
  -0.8     Cn at stall value for negative angle of attack
  -2.12    Angle of attack for minimum CD (deg)
  0.0792934 Minimum CD value
  -180.00  0.00002  0.15935  -0.00002
  -170.00  0.31418  0.19212  0.31893
  -160.00  0.62914  0.28613  -0.11420
  -150.00  0.56535  0.42982  -0.05025
  -140.00  0.52469  0.60516  -0.00568
  -130.00  0.46967  0.79039  0.03746
  -120.00  0.38515  0.96198  0.08027
  -110.00  0.27272  1.09817  0.11998
  -100.00  0.13956  1.18134  0.15252
   -90.00  0.00002  1.19999  0.17389
   -80.00  -0.13952  1.18134  0.18967
   -70.00  -0.27268  1.09817  0.19254
   -60.00  -0.38511  0.96198  0.18513
   -50.00  -0.46963  0.79039  0.17221
   -40.00  -0.52465  0.60516  0.16169
   -30.00  -0.56531  0.42982  0.16799
   -20.00  -0.62751  0.28597  0.22922
   -10.00  -0.25673  0.15544  0.10133
    -4.17  -0.05739  0.07945  -0.10735
    -3.17  0.03351  0.07937  -0.10894
    -2.12  0.12760  0.07929  -0.11022
    -1.08  0.22249  0.07929  -0.11165
    -0.05  0.31658  0.07937  -0.11245
    -0.04  0.31679  0.07937  -0.11245
     1.17  0.42794  0.07955  -0.11348
     2.34  0.53263  0.07969  -0.11435
     3.50  0.63766  0.07996  -0.11495
     4.67  0.73938  0.08018  -0.11480
     5.84  0.83786  0.08048  -0.11408
     7.01  0.93123  0.08098  -0.11238
     8.18  1.00789  0.08153  -0.10767
    10.79  1.04274  0.09163  -0.08368
    13.40  0.91264  0.16220  -0.07729
    16.02  0.88128  0.20589  -0.08407
    18.63  0.90139  0.24941  -0.09462
    21.25  0.89639  0.30404  -0.11179
    23.86  0.86962  0.34169  -0.13361
    26.47  0.84285  0.37934  -0.15543
    29.09  0.81608  0.41698  -0.17725
    31.70  0.79708  0.46000  -0.19331
    34.32  0.78208  0.50578  -0.20639
    36.93  0.76709  0.55157  -0.21946
    39.54  0.75210  0.59736  -0.23254
    42.16  0.73245  0.64528  -0.24375
    44.77  0.71183  0.69365  -0.25457
    47.39  0.69122  0.74202  -0.26540
    50.00  0.67061  0.79039  -0.27623
    60.00  0.55020  0.96198  -0.31315
    70.00  0.38914  1.09817  -0.34528
    80.00  0.19936  1.18134  -0.37167
    90.00  0.00002  1.19999  -0.39065
   100.00  -0.13952  1.18134  -0.40636
   110.00  -0.27268  1.09817  -0.40931
   120.00  -0.38511  0.96198  -0.40181
   130.00  -0.46963  0.79039  -0.38898
   140.00  -0.52465  0.60516  -0.37837
   150.00  -0.56531  0.42982  -0.38467
   160.00  -0.62910  0.28613  -0.44655
   170.00  -0.31414  0.19212  -0.39870
   180.00  0.00002  0.15935  -0.00002
EOT
