AeroDyn airfoil file.  Compatible with AeroDyn v13.0.
Interpolated thickness: 0.309

  1        Number of airfoil tables in this file
  9990     Reynolds number in millions.  For efficiency, make very large if only one table.
  0        Control setting
  10.8125  Stall angle (deg)
  -3.55564 Zero lift angle of attack (deg)
  5.90769  Cn slope for zero lift (dimensionless)
  1.48148  Cn at stall value for positive angle of attack
  -0.8     Cn at stall value for negative angle of attack
  -2.12    Angle of attack for minimum CD (deg)
  0.041323 Minimum CD value
  -180.00  0.00001  0.13261  -0.00001
  -170.00  0.35824  0.16998  0.36368
  -160.00  0.71738  0.27717  -0.13021
  -150.00  0.64464  0.44101  -0.05729
  -140.00  0.59827  0.64095  -0.00646
  -130.00  0.53553  0.85216  0.04272
  -120.00  0.43916  1.04782  0.09155
  -110.00  0.31096  1.20311  0.13683
  -100.00  0.15912  1.29794  0.17392
   -90.00  0.00001  1.31922  0.19829
   -80.00  -0.15910  1.29794  0.21629
   -70.00  -0.31094  1.20311  0.21957
   -60.00  -0.43914  1.04782  0.21111
   -50.00  -0.53552  0.85216  0.19638
   -40.00  -0.59825  0.64095  0.18438
   -30.00  -0.64462  0.44101  0.19156
   -20.00  -0.71554  0.27699  0.26139
   -10.00  -0.29276  0.12815  0.11555
    -4.17  -0.06545  0.04150  -0.12239
    -3.17  0.03820  0.04141  -0.12421
    -2.12  0.14548  0.04132  -0.12566
    -1.08  0.25368  0.04132  -0.12730
    -0.05  0.36097  0.04141  -0.12821
    -0.04  0.36122  0.04141  -0.12821
     1.17  0.48796  0.04161  -0.12938
     2.34  0.60733  0.04177  -0.13038
     3.51  0.72708  0.04208  -0.13106
     4.69  0.84308  0.04234  -0.13089
     5.86  0.95537  0.04268  -0.13007
     7.03  1.06183  0.04325  -0.12812
     8.20  1.14925  0.04387  -0.12275
    10.81  1.18898  0.05539  -0.09540
    13.43  1.04063  0.13586  -0.08811
    16.04  1.00488  0.18568  -0.09585
    18.65  1.02781  0.23530  -0.10787
    21.26  1.02211  0.29759  -0.12746
    23.88  0.99158  0.34052  -0.15234
    26.49  0.96106  0.38345  -0.17722
    29.10  0.93053  0.42638  -0.20210
    31.71  0.90886  0.47543  -0.22041
    34.33  0.89177  0.52763  -0.23532
    36.94  0.87467  0.57984  -0.25023
    39.55  0.85758  0.63205  -0.26514
    42.16  0.83517  0.68670  -0.27792
    44.78  0.81166  0.74185  -0.29027
    47.39  0.78816  0.79700  -0.30261
    50.00  0.76466  0.85216  -0.31496
    60.00  0.62736  1.04782  -0.35706
    70.00  0.44370  1.20311  -0.39370
    80.00  0.22731  1.29794  -0.42379
    90.00  0.00001  1.31922  -0.44543
   100.00  -0.15910  1.29794  -0.46334
   110.00  -0.31094  1.20311  -0.46671
   120.00  -0.43914  1.04782  -0.45816
   130.00  -0.53552  0.85216  -0.44352
   140.00  -0.59825  0.64095  -0.43143
   150.00  -0.64462  0.44101  -0.43861
   160.00  -0.71736  0.27717  -0.50917
   170.00  -0.35822  0.16998  -0.45461
   180.00  0.00001  0.13261  -0.00001
EOT
