AeroDyn airfoil file.  Compatible with AeroDyn v13.0.
Interpolated thickness: 0.967

  1        Number of airfoil tables in this file
  9990     Reynolds number in millions.  For efficiency, make very large if only one table.
  0        Control setting
  10.634   Stall angle (deg)
  -1.63875 Zero lift angle of attack (deg)
  0.619494 Cn slope for zero lift (dimensionless)
  0.132695 Cn at stall value for positive angle of attack
  -0.8     Cn at stall value for negative angle of attack
  -2.12    Angle of attack for minimum CD (deg)
  0.335259 Minimum CD value
  -180.00  0.00010  0.33962  -0.00010
  -170.00  0.01720  0.34140  0.01727
  -160.00  0.03435  0.34652  -0.00631
  -150.00  0.03088  0.35435  -0.00283
  -140.00  0.02867  0.36389  -0.00040
  -130.00  0.02567  0.37398  0.00195
  -120.00  0.02107  0.38333  0.00428
  -110.00  0.01495  0.39074  0.00644
  -100.00  0.00769  0.39527  0.00821
   -90.00  0.00010  0.39629  0.00937
   -80.00  -0.00750  0.39527  0.01023
   -70.00  -0.01475  0.39074  0.01039
   -60.00  -0.02088  0.38333  0.00999
   -50.00  -0.02548  0.37398  0.00928
   -40.00  -0.02848  0.36389  0.00871
   -30.00  -0.03069  0.35435  0.00905
   -20.00  -0.03408  0.34651  0.01239
   -10.00  -0.01389  0.33941  0.00542
    -4.17  -0.00303  0.33527  -0.00594
    -3.17  0.00192  0.33526  -0.00603
    -2.12  0.00704  0.33526  -0.00610
    -1.08  0.01221  0.33526  -0.00617
    -0.05  0.01733  0.33526  -0.00622
    -0.00  0.01735  0.33526  -0.00622
     1.14  0.02340  0.33527  -0.00627
     2.29  0.02910  0.33528  -0.00632
     3.43  0.03482  0.33529  -0.00635
     4.58  0.04036  0.33531  -0.00635
     5.72  0.04572  0.33532  -0.00631
     6.87  0.05081  0.33535  -0.00621
     8.01  0.05498  0.33538  -0.00596
    10.63  0.05688  0.33593  -0.00465
    13.26  0.04979  0.33977  -0.00430
    15.88  0.04809  0.34215  -0.00467
    18.51  0.04918  0.34452  -0.00525
    21.13  0.04891  0.34750  -0.00618
    23.76  0.04745  0.34955  -0.00737
    26.38  0.04599  0.35160  -0.00856
    29.00  0.04453  0.35365  -0.00975
    31.63  0.04350  0.35599  -0.01062
    34.25  0.04268  0.35848  -0.01133
    36.88  0.04187  0.36098  -0.01205
    39.50  0.04105  0.36347  -0.01276
    42.13  0.03998  0.36608  -0.01337
    44.75  0.03886  0.36871  -0.01396
    47.38  0.03774  0.37135  -0.01455
    50.00  0.03661  0.37398  -0.01514
    60.00  0.03006  0.38333  -0.01715
    70.00  0.02129  0.39074  -0.01890
    80.00  0.01095  0.39527  -0.02033
    90.00  0.00010  0.39629  -0.02137
   100.00  -0.00750  0.39527  -0.02222
   110.00  -0.01475  0.39074  -0.02238
   120.00  -0.02088  0.38333  -0.02198
   130.00  -0.02548  0.37398  -0.02128
   140.00  -0.02848  0.36389  -0.02070
   150.00  -0.03069  0.35435  -0.02104
   160.00  -0.03416  0.34652  -0.02441
   170.00  -0.01701  0.34140  -0.02181
   180.00  0.00010  0.33962  -0.00010
EOT
