AeroDyn airfoil file.  Compatible with AeroDyn v13.0.
Interpolated thickness: 0.37

  1        Number of airfoil tables in this file
  9990     Reynolds number in millions.  For efficiency, make very large if only one table.
  0        Control setting
  10.796   Stall angle (deg)
  -3.52203 Zero lift angle of attack (deg)
  5.43376  Cn slope for zero lift (dimensionless)
  1.35788  Cn at stall value for positive angle of attack
  -0.8     Cn at stall value for negative angle of attack
  -2.12    Angle of attack for minimum CD (deg)
  0.0685724 Minimum CD value
  -180.00  0.00002  0.15180  -0.00002
  -170.00  0.32662  0.18587  0.33156
  -160.00  0.65406  0.28360  -0.11872
  -150.00  0.58774  0.43298  -0.05224
  -140.00  0.54546  0.61526  -0.00590
  -130.00  0.48827  0.80783  0.03894
  -120.00  0.40040  0.98622  0.08346
  -110.00  0.28352  1.12780  0.12474
  -100.00  0.14508  1.21426  0.15856
   -90.00  0.00002  1.23366  0.18078
   -80.00  -0.14505  1.21426  0.19719
   -70.00  -0.28348  1.12780  0.20017
   -60.00  -0.40036  0.98622  0.19246
   -50.00  -0.48823  0.80783  0.17904
   -40.00  -0.54543  0.61526  0.16809
   -30.00  -0.58771  0.43298  0.17464
   -20.00  -0.65236  0.28344  0.23831
   -10.00  -0.26690  0.14774  0.10534
    -4.17  -0.05967  0.06874  -0.11159
    -3.17  0.03483  0.06866  -0.11325
    -2.12  0.13265  0.06857  -0.11458
    -1.08  0.23129  0.06857  -0.11607
    -0.05  0.32911  0.06866  -0.11690
    -0.04  0.32934  0.06866  -0.11690
     1.17  0.44489  0.06884  -0.11797
     2.34  0.55372  0.06898  -0.11888
     3.51  0.66291  0.06926  -0.11950
     4.68  0.76866  0.06950  -0.11934
     5.84  0.87104  0.06981  -0.11860
     7.01  0.96810  0.07033  -0.11682
     8.18  1.04781  0.07089  -0.11193
    10.80  1.08403  0.08139  -0.08699
    13.41  0.94878  0.15477  -0.08035
    16.02  0.91618  0.20019  -0.08740
    18.64  0.93709  0.24543  -0.09836
    21.25  0.93189  0.30222  -0.11622
    23.86  0.90406  0.34136  -0.13890
    26.48  0.87623  0.38050  -0.16159
    29.09  0.84840  0.41964  -0.18427
    31.70  0.82864  0.46435  -0.20096
    34.32  0.81305  0.51195  -0.21456
    36.93  0.79747  0.55955  -0.22815
    39.55  0.78188  0.60715  -0.24174
    42.16  0.76145  0.65698  -0.25340
    44.77  0.74002  0.70726  -0.26465
    47.39  0.71859  0.75754  -0.27591
    50.00  0.69716  0.80783  -0.28716
    60.00  0.57199  0.98622  -0.32554
    70.00  0.40454  1.12780  -0.35895
    80.00  0.20725  1.21426  -0.38639
    90.00  0.00002  1.23366  -0.40612
   100.00  -0.14505  1.21426  -0.42245
   110.00  -0.28348  1.12780  -0.42552
   120.00  -0.40036  0.98622  -0.41772
   130.00  -0.48823  0.80783  -0.40438
   140.00  -0.54543  0.61526  -0.39335
   150.00  -0.58771  0.43298  -0.39990
   160.00  -0.65402  0.28360  -0.46423
   170.00  -0.32659  0.18587  -0.41449
   180.00  0.00002  0.15180  -0.00002
EOT
