AeroDyn airfoil file.  Compatible with AeroDyn v13.0.
Interpolated thickness: 0.957

  1        Number of airfoil tables in this file
  9990     Reynolds number in millions.  For efficiency, make very large if only one table.
  0        Control setting
  10.6367  Stall angle (deg)
  -1.88411 Zero lift angle of attack (deg)
  0.701116 Cn slope for zero lift (dimensionless)
  0.153214 Cn at stall value for positive angle of attack
  -0.8     Cn at stall value for negative angle of attack
  -2.12    Angle of attack for minimum CD (deg)
  0.330791 Minimum CD value
  -180.00  0.00009  0.33647  -0.00009
  -170.00  0.02239  0.33880  0.02254
  -160.00  0.04474  0.34547  -0.00820
  -150.00  0.04021  0.35566  -0.00366
  -140.00  0.03732  0.36811  -0.00050
  -130.00  0.03342  0.38125  0.00256
  -120.00  0.02742  0.39342  0.00560
  -110.00  0.01944  0.40309  0.00842
  -100.00  0.01000  0.40899  0.01073
   -90.00  0.00009  0.41031  0.01225
   -80.00  -0.00981  0.40899  0.01337
   -70.00  -0.01926  0.40309  0.01357
   -60.00  -0.02723  0.39342  0.01304
   -50.00  -0.03323  0.38125  0.01213
   -40.00  -0.03713  0.36811  0.01138
   -30.00  -0.04002  0.35566  0.01183
   -20.00  -0.04443  0.34546  0.01617
   -10.00  -0.01812  0.33619  0.00710
    -4.17  -0.00398  0.33080  -0.00771
    -3.17  0.00247  0.33080  -0.00782
    -2.12  0.00915  0.33079  -0.00791
    -1.08  0.01588  0.33079  -0.00802
    -0.05  0.02256  0.33080  -0.00807
    -0.00  0.02257  0.33080  -0.00807
     1.14  0.03046  0.33081  -0.00814
     2.29  0.03789  0.33082  -0.00821
     3.43  0.04534  0.33084  -0.00825
     4.58  0.05256  0.33085  -0.00824
     5.72  0.05954  0.33088  -0.00819
     6.87  0.06617  0.33091  -0.00807
     8.01  0.07161  0.33095  -0.00773
    10.64  0.07408  0.33167  -0.00603
    13.26  0.06485  0.33667  -0.00558
    15.89  0.06263  0.33977  -0.00606
    18.51  0.06405  0.34286  -0.00681
    21.13  0.06370  0.34674  -0.00803
    23.76  0.06180  0.34941  -0.00957
    26.38  0.05990  0.35208  -0.01112
    29.01  0.05800  0.35475  -0.01267
    31.63  0.05665  0.35781  -0.01381
    34.25  0.05559  0.36105  -0.01474
    36.88  0.05452  0.36430  -0.01567
    39.50  0.05346  0.36755  -0.01659
    42.13  0.05207  0.37095  -0.01739
    44.75  0.05060  0.37438  -0.01816
    47.38  0.04914  0.37782  -0.01893
    50.00  0.04768  0.38125  -0.01969
    60.00  0.03913  0.39342  -0.02231
    70.00  0.02770  0.40309  -0.02459
    80.00  0.01424  0.40899  -0.02647
    90.00  0.00009  0.41031  -0.02781
   100.00  -0.00981  0.40899  -0.02893
   110.00  -0.01926  0.40309  -0.02914
   120.00  -0.02723  0.39342  -0.02860
   130.00  -0.03323  0.38125  -0.02769
   140.00  -0.03713  0.36811  -0.02694
   150.00  -0.04002  0.35566  -0.02739
   160.00  -0.04455  0.34547  -0.03178
   170.00  -0.02220  0.33880  -0.02838
   180.00  0.00009  0.33647  -0.00009
EOT
