AeroDyn airfoil file.  Compatible with AeroDyn v13.0.
Interpolated thickness: 0.527

  1        Number of airfoil tables in this file
  9990     Reynolds number in millions.  For efficiency, make very large if only one table.
  0        Control setting
  10.7534  Stall angle (deg)
  -3.41545 Zero lift angle of attack (deg)
  4.19943  Cn slope for zero lift (dimensionless)
  1.03849  Cn at stall value for positive angle of attack
  -0.8     Cn at stall value for negative angle of attack
  -2.12    Angle of attack for minimum CD (deg)
  0.138706 Minimum CD value
  -180.00  0.00004  0.20119  -0.00004
  -170.00  0.24525  0.22677  0.24891
  -160.00  0.49109  0.30015  -0.08916
  -150.00  0.44130  0.41230  -0.03925
  -140.00  0.40956  0.54916  -0.00446
  -130.00  0.36661  0.69373  0.02921
  -120.00  0.30064  0.82767  0.06263
  -110.00  0.21289  0.93397  0.09363
  -100.00  0.10895  0.99888  0.11902
   -90.00  0.00004  1.01344  0.13570
   -80.00  -0.10888  0.99888  0.14802
   -70.00  -0.21281  0.93397  0.15026
   -60.00  -0.30057  0.82767  0.14448
   -50.00  -0.36654  0.69373  0.13439
   -40.00  -0.40948  0.54916  0.12618
   -30.00  -0.44122  0.41230  0.13110
   -20.00  -0.48977  0.30002  0.17889
   -10.00  -0.20036  0.19814  0.07907
    -4.17  -0.04477  0.13883  -0.08381
    -3.17  0.02618  0.13877  -0.08505
    -2.12  0.09962  0.13871  -0.08605
    -1.08  0.17368  0.13871  -0.08717
    -0.05  0.24712  0.13877  -0.08779
    -0.03  0.24729  0.13877  -0.08779
     1.16  0.33404  0.13890  -0.08859
     2.32  0.41576  0.13901  -0.08928
     3.49  0.49773  0.13923  -0.08974
     4.65  0.57713  0.13940  -0.08963
     5.81  0.65399  0.13963  -0.08907
     6.97  0.72687  0.14002  -0.08773
     8.14  0.78671  0.14045  -0.08406
    10.75  0.81391  0.14833  -0.06534
    13.37  0.71236  0.20342  -0.06035
    15.99  0.68789  0.23752  -0.06564
    18.60  0.70358  0.27149  -0.07387
    21.22  0.69968  0.31413  -0.08728
    23.84  0.67879  0.34351  -0.10431
    26.45  0.65789  0.37290  -0.12134
    29.07  0.63700  0.40228  -0.13837
    31.68  0.62216  0.43586  -0.15091
    34.30  0.61046  0.47159  -0.16111
    36.92  0.59876  0.50733  -0.17132
    39.53  0.58706  0.54307  -0.18152
    42.15  0.57172  0.58048  -0.19027
    44.77  0.55563  0.61823  -0.19872
    47.38  0.53954  0.65598  -0.20718
    50.00  0.52345  0.69373  -0.21563
    60.00  0.42947  0.82767  -0.24444
    70.00  0.30375  0.93397  -0.26952
    80.00  0.15563  0.99888  -0.29012
    90.00  0.00004  1.01344  -0.30494
   100.00  -0.10888  0.99888  -0.31720
   110.00  -0.21281  0.93397  -0.31950
   120.00  -0.30057  0.82767  -0.31365
   130.00  -0.36654  0.69373  -0.30363
   140.00  -0.40948  0.54916  -0.29535
   150.00  -0.44122  0.41230  -0.30027
   160.00  -0.49101  0.30015  -0.34856
   170.00  -0.24518  0.22677  -0.31122
   180.00  0.00004  0.20119  -0.00004
EOT
