AeroDyn airfoil file.  Compatible with AeroDyn v13.0.
Interpolated thickness: 0.395

  1        Number of airfoil tables in this file
  9990     Reynolds number in millions.  For efficiency, make very large if only one table.
  0        Control setting
  10.7892  Stall angle (deg)
  -3.50726 Zero lift angle of attack (deg)
  5.23862  Cn slope for zero lift (dimensionless)
  1.30714  Cn at stall value for positive angle of attack
  -0.8     Cn at stall value for negative angle of attack
  -2.12    Angle of attack for minimum CD (deg)
  0.0797401 Minimum CD value
  -180.00  0.00002  0.15966  -0.00002
  -170.00  0.31367  0.19238  0.31840
  -160.00  0.62811  0.28624  -0.11402
  -150.00  0.56442  0.42968  -0.05017
  -140.00  0.52382  0.60474  -0.00567
  -130.00  0.46890  0.78966  0.03739
  -120.00  0.38451  0.96097  0.08014
  -110.00  0.27227  1.09694  0.11979
  -100.00  0.13933  1.17996  0.15226
   -90.00  0.00002  1.19859  0.17360
   -80.00  -0.13929  1.17996  0.18936
   -70.00  -0.27223  1.09694  0.19223
   -60.00  -0.38447  0.96097  0.18482
   -50.00  -0.46885  0.78966  0.17193
   -40.00  -0.52378  0.60474  0.16142
   -30.00  -0.56438  0.42968  0.16771
   -20.00  -0.62647  0.28608  0.22884
   -10.00  -0.25631  0.15576  0.10116
    -4.17  -0.05730  0.07990  -0.10717
    -3.17  0.03345  0.07982  -0.10876
    -2.12  0.12739  0.07974  -0.11003
    -1.08  0.22212  0.07974  -0.11147
    -0.05  0.31605  0.07982  -0.11226
    -0.04  0.31627  0.07982  -0.11227
     1.17  0.42724  0.07999  -0.11329
     2.34  0.53176  0.08013  -0.11416
     3.50  0.63661  0.08040  -0.11476
     4.67  0.73816  0.08063  -0.11461
     5.84  0.83648  0.08093  -0.11390
     7.01  0.92969  0.08142  -0.11219
     8.18  1.00623  0.08197  -0.10749
    10.79  1.04102  0.09205  -0.08354
    13.40  0.91113  0.16251  -0.07716
    16.02  0.87983  0.20613  -0.08393
    18.63  0.89991  0.24958  -0.09446
    21.25  0.89491  0.30412  -0.11161
    23.86  0.86819  0.34170  -0.13339
    26.47  0.84146  0.37929  -0.15518
    29.09  0.81473  0.41687  -0.17696
    31.70  0.79576  0.45982  -0.19299
    34.32  0.78079  0.50553  -0.20605
    36.93  0.76583  0.55124  -0.21910
    39.54  0.75086  0.59695  -0.23215
    42.16  0.73124  0.64480  -0.24335
    44.77  0.71066  0.69308  -0.25415
    47.39  0.69008  0.74137  -0.26496
    50.00  0.66950  0.78966  -0.27577
    60.00  0.54930  0.96097  -0.31263
    70.00  0.38849  1.09694  -0.34471
    80.00  0.19903  1.17996  -0.37106
    90.00  0.00002  1.19859  -0.39001
   100.00  -0.13929  1.17996  -0.40569
   110.00  -0.27223  1.09694  -0.40863
   120.00  -0.38447  0.96097  -0.40115
   130.00  -0.46885  0.78966  -0.38833
   140.00  -0.52378  0.60474  -0.37775
   150.00  -0.56438  0.42968  -0.38404
   160.00  -0.62807  0.28624  -0.44581
   170.00  -0.31362  0.19238  -0.39805
   180.00  0.00002  0.15966  -0.00002
EOT
