AeroDyn airfoil file.  Compatible with AeroDyn v13.0.
Interpolated thickness: 0.268

  1        Number of airfoil tables in this file
  9990     Reynolds number in millions.  For efficiency, make very large if only one table.
  0        Control setting
  10.8237  Stall angle (deg)
  -3.57659 Zero lift angle of attack (deg)
  6.22448  Cn slope for zero lift (dimensionless)
  1.56441  Cn at stall value for positive angle of attack
  -0.8     Cn at stall value for negative angle of attack
  -2.12    Angle of attack for minimum CD (deg)
  0.0230079 Minimum CD value
  -180.00  0.00000  0.11971  -0.00000
  -170.00  0.37949  0.15929  0.38526
  -160.00  0.75994  0.27285  -0.13793
  -150.00  0.68288  0.44641  -0.06068
  -140.00  0.63376  0.65821  -0.00684
  -130.00  0.56730  0.88195  0.04526
  -120.00  0.46521  1.08922  0.09699
  -110.00  0.32940  1.25373  0.14495
  -100.00  0.16856  1.35419  0.18425
   -90.00  0.00000  1.37673  0.21006
   -80.00  -0.16855  1.35419  0.22913
   -70.00  -0.32940  1.25373  0.23260
   -60.00  -0.46520  1.08922  0.22364
   -50.00  -0.56730  0.88195  0.20804
   -40.00  -0.63375  0.65821  0.19532
   -30.00  -0.68288  0.44641  0.20293
   -20.00  -0.75800  0.27266  0.27690
   -10.00  -0.31013  0.11499  0.12241
    -4.17  -0.06934  0.02320  -0.12964
    -3.17  0.04046  0.02310  -0.13157
    -2.12  0.15411  0.02301  -0.13311
    -1.08  0.26872  0.02301  -0.13485
    -0.05  0.38238  0.02310  -0.13581
    -0.05  0.38264  0.02310  -0.13581
     1.17  0.51690  0.02331  -0.13705
     2.35  0.64336  0.02348  -0.13811
     3.52  0.77022  0.02381  -0.13883
     4.69  0.89309  0.02408  -0.13865
     5.87  1.01205  0.02444  -0.13778
     7.04  1.12483  0.02505  -0.13572
     8.21  1.21744  0.02570  -0.13003
    10.82  1.25952  0.03791  -0.10106
    13.44  1.10237  0.12316  -0.09334
    16.05  1.06450  0.17593  -0.10153
    18.66  1.08879  0.22850  -0.11427
    21.27  1.08275  0.29448  -0.13502
    23.88  1.05041  0.33996  -0.16137
    26.49  1.01808  0.38544  -0.18773
    29.11  0.98574  0.43091  -0.21409
    31.72  0.96278  0.48287  -0.23348
    34.33  0.94467  0.53817  -0.24928
    36.94  0.92657  0.59348  -0.26507
    39.55  0.90846  0.64879  -0.28087
    42.16  0.88472  0.70668  -0.29441
    44.78  0.85982  0.76510  -0.30749
    47.39  0.83492  0.82353  -0.32056
    50.00  0.81002  0.88195  -0.33364
    60.00  0.66458  1.08922  -0.37824
    70.00  0.47002  1.25373  -0.41705
    80.00  0.24079  1.35419  -0.44893
    90.00  0.00000  1.37673  -0.47185
   100.00  -0.16855  1.35419  -0.49083
   110.00  -0.32940  1.25373  -0.49439
   120.00  -0.46520  1.08922  -0.48534
   130.00  -0.56730  0.88195  -0.46983
   140.00  -0.63375  0.65821  -0.45702
   150.00  -0.68288  0.44641  -0.46463
   160.00  -0.75993  0.27285  -0.53937
   170.00  -0.37948  0.15929  -0.48158
   180.00  0.00000  0.11971  -0.00000
EOT
