AeroDyn airfoil file.  Compatible with AeroDyn v13.0.
Interpolated thickness: 0.97

  1        Number of airfoil tables in this file
  9990     Reynolds number in millions.  For efficiency, make very large if only one table.
  0        Control setting
  10.6331  Stall angle (deg)
  -1.55205 Zero lift angle of attack (deg)
  0.594995 Cn slope for zero lift (dimensionless)
  0.126539 Cn at stall value for positive angle of attack
  -0.8     Cn at stall value for negative angle of attack
  -2.12    Angle of attack for minimum CD (deg)
  0.336599 Minimum CD value
  -180.00  0.00010  0.34056  -0.00010
  -170.00  0.01565  0.34218  0.01569
  -160.00  0.03124  0.34684  -0.00575
  -150.00  0.02808  0.35395  -0.00258
  -140.00  0.02607  0.36263  -0.00038
  -130.00  0.02335  0.37180  0.00176
  -120.00  0.01916  0.38030  0.00388
  -110.00  0.01360  0.38704  0.00584
  -100.00  0.00700  0.39116  0.00746
   -90.00  0.00010  0.39208  0.00851
   -80.00  -0.00681  0.39116  0.00929
   -70.00  -0.01340  0.38704  0.00944
   -60.00  -0.01897  0.38030  0.00907
   -50.00  -0.02315  0.37180  0.00843
   -40.00  -0.02588  0.36263  0.00791
   -30.00  -0.02789  0.35395  0.00822
   -20.00  -0.03097  0.34683  0.01125
   -10.00  -0.01261  0.34037  0.00492
    -4.17  -0.00275  0.33661  -0.00541
    -3.17  0.00175  0.33660  -0.00549
    -2.12  0.00641  0.33660  -0.00555
    -1.08  0.01111  0.33660  -0.00562
    -0.05  0.01577  0.33660  -0.00566
    -0.00  0.01578  0.33660  -0.00566
     1.14  0.02128  0.33661  -0.00571
     2.29  0.02646  0.33662  -0.00576
     3.43  0.03166  0.33663  -0.00579
     4.58  0.03670  0.33664  -0.00578
     5.72  0.04157  0.33666  -0.00574
     6.86  0.04620  0.33668  -0.00566
     8.01  0.04999  0.33671  -0.00543
    10.63  0.05172  0.33721  -0.00424
    13.26  0.04528  0.34070  -0.00392
    15.88  0.04372  0.34287  -0.00426
    18.51  0.04472  0.34502  -0.00478
    21.13  0.04447  0.34772  -0.00563
    23.76  0.04315  0.34959  -0.00671
    26.38  0.04182  0.35145  -0.00779
    29.00  0.04050  0.35332  -0.00887
    31.63  0.03955  0.35545  -0.00966
    34.25  0.03881  0.35771  -0.01031
    36.88  0.03807  0.35998  -0.01096
    39.50  0.03733  0.36225  -0.01161
    42.13  0.03635  0.36462  -0.01216
    44.75  0.03533  0.36701  -0.01270
    47.38  0.03431  0.36941  -0.01323
    50.00  0.03329  0.37180  -0.01377
    60.00  0.02733  0.38030  -0.01560
    70.00  0.01936  0.38704  -0.01719
    80.00  0.00996  0.39116  -0.01849
    90.00  0.00010  0.39208  -0.01943
   100.00  -0.00681  0.39116  -0.02021
   110.00  -0.01340  0.38704  -0.02036
   120.00  -0.01897  0.38030  -0.01999
   130.00  -0.02315  0.37180  -0.01935
   140.00  -0.02588  0.36263  -0.01883
   150.00  -0.02789  0.35395  -0.01914
   160.00  -0.03105  0.34684  -0.02220
   170.00  -0.01546  0.34218  -0.01983
   180.00  0.00010  0.34056  -0.00010
EOT
