AeroDyn airfoil file.  Compatible with AeroDyn v13.0.
Interpolated thickness: 0.382

  1        Number of airfoil tables in this file
  9990     Reynolds number in millions.  For efficiency, make very large if only one table.
  0        Control setting
  10.7927  Stall angle (deg)
  -3.51502 Zero lift angle of attack (deg)
  5.34016  Cn slope for zero lift (dimensionless)
  1.33353  Cn at stall value for positive angle of attack
  -0.8     Cn at stall value for negative angle of attack
  -2.12    Angle of attack for minimum CD (deg)
  0.0739329 Minimum CD value
  -180.00  0.00002  0.15557  -0.00002
  -170.00  0.32040  0.18899  0.32524
  -160.00  0.64160  0.28487  -0.11646
  -150.00  0.57655  0.43140  -0.05125
  -140.00  0.53508  0.61021  -0.00579
  -130.00  0.47897  0.79911  0.03820
  -120.00  0.39277  0.97410  0.08187
  -110.00  0.27812  1.11299  0.12236
  -100.00  0.14232  1.19780  0.15554
   -90.00  0.00002  1.21683  0.17733
   -80.00  -0.14228  1.19780  0.19343
   -70.00  -0.27808  1.11299  0.19636
   -60.00  -0.39274  0.97410  0.18880
   -50.00  -0.47893  0.79911  0.17562
   -40.00  -0.53504  0.61021  0.16489
   -30.00  -0.57651  0.43140  0.17131
   -20.00  -0.63994  0.28470  0.23376
   -10.00  -0.26182  0.15159  0.10333
    -4.17  -0.05853  0.07410  -0.10947
    -3.17  0.03417  0.07401  -0.11110
    -2.12  0.13012  0.07393  -0.11240
    -1.08  0.22689  0.07393  -0.11386
    -0.05  0.32284  0.07401  -0.11467
    -0.04  0.32307  0.07401  -0.11468
     1.17  0.43642  0.07419  -0.11572
     2.34  0.54318  0.07434  -0.11661
     3.51  0.65028  0.07461  -0.11722
     4.67  0.75402  0.07484  -0.11707
     5.84  0.85445  0.07514  -0.11634
     7.01  0.94967  0.07565  -0.11460
     8.18  1.02785  0.07621  -0.10980
    10.79  1.06338  0.08651  -0.08533
    13.41  0.93071  0.15848  -0.07882
    16.02  0.89873  0.20304  -0.08573
    18.63  0.91924  0.24742  -0.09649
    21.25  0.91414  0.30313  -0.11401
    23.86  0.88684  0.34152  -0.13626
    26.48  0.85954  0.37992  -0.15851
    29.09  0.83224  0.41831  -0.18076
    31.70  0.81286  0.46218  -0.19714
    34.32  0.79757  0.50887  -0.21047
    36.93  0.78228  0.55556  -0.22381
    39.54  0.76699  0.60225  -0.23714
    42.16  0.74695  0.65113  -0.24857
    44.77  0.72593  0.70046  -0.25961
    47.39  0.70491  0.74978  -0.27066
    50.00  0.68388  0.79911  -0.28170
    60.00  0.56110  0.97410  -0.31935
    70.00  0.39684  1.11299  -0.35212
    80.00  0.20331  1.19780  -0.37903
    90.00  0.00002  1.21683  -0.39838
   100.00  -0.14228  1.19780  -0.41440
   110.00  -0.27808  1.11299  -0.41741
   120.00  -0.39274  0.97410  -0.40977
   130.00  -0.47893  0.79911  -0.39668
   140.00  -0.53504  0.61021  -0.38586
   150.00  -0.57651  0.43140  -0.39229
   160.00  -0.64156  0.28487  -0.45539
   170.00  -0.32037  0.18899  -0.40660
   180.00  0.00002  0.15557  -0.00002
EOT
