AeroDyn airfoil file.  Compatible with AeroDyn v13.0.
Interpolated thickness: 0.544

  1        Number of airfoil tables in this file
  9990     Reynolds number in millions.  For efficiency, make very large if only one table.
  0        Control setting
  10.7488  Stall angle (deg)
  -3.40135 Zero lift angle of attack (deg)
  4.06451  Cn slope for zero lift (dimensionless)
  1.00379  Cn at stall value for positive angle of attack
  -0.8     Cn at stall value for negative angle of attack
  -2.12    Angle of attack for minimum CD (deg)
  0.1463   Minimum CD value
  -180.00  0.00004  0.20654  -0.00004
  -170.00  0.23644  0.23120  0.23996
  -160.00  0.47344  0.30194  -0.08596
  -150.00  0.42544  0.41006  -0.03784
  -140.00  0.39484  0.54200  -0.00430
  -130.00  0.35344  0.68138  0.02816
  -120.00  0.28984  0.81050  0.06038
  -110.00  0.20524  0.91298  0.09026
  -100.00  0.10504  0.97556  0.11474
   -90.00  0.00004  0.98960  0.13082
   -80.00  -0.10496  0.97556  0.14270
   -70.00  -0.20516  0.91298  0.14486
   -60.00  -0.28976  0.81050  0.13928
   -50.00  -0.35336  0.68138  0.12956
   -40.00  -0.39476  0.54200  0.12164
   -30.00  -0.42536  0.41006  0.12638
   -20.00  -0.47216  0.30182  0.17246
   -10.00  -0.19316  0.20360  0.07622
    -4.17  -0.04316  0.14642  -0.08080
    -3.17  0.02524  0.14636  -0.08200
    -2.12  0.09604  0.14630  -0.08296
    -1.08  0.16744  0.14630  -0.08404
    -0.05  0.23824  0.14636  -0.08464
    -0.03  0.23840  0.14636  -0.08464
     1.16  0.32204  0.14649  -0.08541
     2.32  0.40082  0.14660  -0.08607
     3.49  0.47985  0.14680  -0.08652
     4.65  0.55639  0.14697  -0.08641
     5.81  0.63049  0.14719  -0.08587
     6.97  0.70075  0.14757  -0.08458
     8.13  0.75844  0.14798  -0.08104
    10.75  0.78466  0.15558  -0.06299
    13.37  0.68676  0.20869  -0.05818
    15.98  0.66317  0.24156  -0.06329
    18.60  0.67830  0.27431  -0.07122
    21.22  0.67454  0.31542  -0.08415
    23.83  0.65439  0.34375  -0.10057
    26.45  0.63425  0.37208  -0.11698
    29.07  0.61411  0.40040  -0.13340
    31.68  0.59980  0.43277  -0.14549
    34.30  0.58852  0.46722  -0.15532
    36.92  0.57724  0.50168  -0.16516
    39.53  0.56596  0.53613  -0.17500
    42.15  0.55117  0.57219  -0.18344
    44.77  0.53566  0.60859  -0.19159
    47.38  0.52015  0.64498  -0.19973
    50.00  0.50464  0.68138  -0.20788
    60.00  0.41404  0.81050  -0.23566
    70.00  0.29284  0.91298  -0.25984
    80.00  0.15004  0.97556  -0.27970
    90.00  0.00004  0.98960  -0.29398
   100.00  -0.10496  0.97556  -0.30580
   110.00  -0.20516  0.91298  -0.30802
   120.00  -0.28976  0.81050  -0.30238
   130.00  -0.35336  0.68138  -0.29272
   140.00  -0.39476  0.54200  -0.28474
   150.00  -0.42536  0.41006  -0.28948
   160.00  -0.47336  0.30194  -0.33604
   170.00  -0.23636  0.23120  -0.30004
   180.00  0.00004  0.20654  -0.00004
EOT
