AeroDyn airfoil file.  Compatible with AeroDyn v13.0.
Interpolated thickness: 0.973

  1        Number of airfoil tables in this file
  9990     Reynolds number in millions.  For efficiency, make very large if only one table.
  0        Control setting
  10.6323  Stall angle (deg)
  -1.45791 Zero lift angle of attack (deg)
  0.57049  Cn slope for zero lift (dimensionless)
  0.120382 Cn at stall value for positive angle of attack
  -0.8     Cn at stall value for negative angle of attack
  -2.12    Angle of attack for minimum CD (deg)
  0.337939 Minimum CD value
  -180.00  0.00010  0.34151  -0.00010
  -170.00  0.01409  0.34297  0.01411
  -160.00  0.02813  0.34715  -0.00518
  -150.00  0.02528  0.35356  -0.00233
  -140.00  0.02347  0.36137  -0.00035
  -130.00  0.02102  0.36962  0.00157
  -120.00  0.01726  0.37727  0.00348
  -110.00  0.01225  0.38333  0.00525
  -100.00  0.00631  0.38704  0.00670
   -90.00  0.00010  0.38787  0.00765
   -80.00  -0.00612  0.38704  0.00836
   -70.00  -0.01205  0.38333  0.00848
   -60.00  -0.01706  0.37727  0.00815
   -50.00  -0.02083  0.36962  0.00758
   -40.00  -0.02328  0.36137  0.00711
   -30.00  -0.02509  0.35356  0.00739
   -20.00  -0.02786  0.34715  0.01012
   -10.00  -0.01134  0.34133  0.00442
    -4.17  -0.00246  0.33795  -0.00488
    -3.17  0.00159  0.33794  -0.00495
    -2.12  0.00578  0.33794  -0.00501
    -1.08  0.01001  0.33794  -0.00507
    -0.05  0.01420  0.33794  -0.00511
    -0.00  0.01421  0.33794  -0.00511
     1.14  0.01916  0.33795  -0.00515
     2.29  0.02383  0.33796  -0.00519
     3.43  0.02851  0.33797  -0.00522
     4.58  0.03304  0.33798  -0.00521
     5.72  0.03743  0.33799  -0.00518
     6.86  0.04159  0.33801  -0.00510
     8.01  0.04500  0.33804  -0.00489
    10.63  0.04655  0.33849  -0.00382
    13.26  0.04076  0.34163  -0.00354
    15.88  0.03936  0.34358  -0.00384
    18.51  0.04026  0.34552  -0.00431
    21.13  0.04003  0.34795  -0.00508
    23.75  0.03884  0.34963  -0.00605
    26.38  0.03765  0.35131  -0.00702
    29.00  0.03646  0.35298  -0.00799
    31.63  0.03561  0.35490  -0.00871
    34.25  0.03494  0.35694  -0.00929
    36.88  0.03427  0.35898  -0.00987
    39.50  0.03361  0.36102  -0.01046
    42.13  0.03273  0.36316  -0.01096
    44.75  0.03181  0.36531  -0.01144
    47.38  0.03089  0.36747  -0.01192
    50.00  0.02997  0.36962  -0.01240
    60.00  0.02461  0.37727  -0.01405
    70.00  0.01743  0.38333  -0.01548
    80.00  0.00898  0.38704  -0.01666
    90.00  0.00010  0.38787  -0.01750
   100.00  -0.00612  0.38704  -0.01820
   110.00  -0.01205  0.38333  -0.01833
   120.00  -0.01706  0.37727  -0.01800
   130.00  -0.02083  0.36962  -0.01743
   140.00  -0.02328  0.36137  -0.01695
   150.00  -0.02509  0.35356  -0.01723
   160.00  -0.02793  0.34715  -0.01999
   170.00  -0.01390  0.34297  -0.01786
   180.00  0.00010  0.34151  -0.00010
EOT
