AeroDyn airfoil file.  Compatible with AeroDyn v13.0.
Interpolated thickness: 0.287

  1        Number of airfoil tables in this file
  9990     Reynolds number in millions.  For efficiency, make very large if only one table.
  0        Control setting
  10.8185  Stall angle (deg)
  -3.56702 Zero lift angle of attack (deg)
  6.07785  Cn slope for zero lift (dimensionless)
  1.52599  Cn at stall value for positive angle of attack
  -0.8     Cn at stall value for negative angle of attack
  -2.12    Angle of attack for minimum CD (deg)
  0.0314954 Minimum CD value
  -180.00  0.00001  0.12569  -0.00001
  -170.00  0.36964  0.16424  0.37526
  -160.00  0.74021  0.27485  -0.13435
  -150.00  0.66516  0.44391  -0.05911
  -140.00  0.61731  0.65021  -0.00667
  -130.00  0.55258  0.86814  0.04409
  -120.00  0.45314  1.07004  0.09447
  -110.00  0.32086  1.23027  0.14119
  -100.00  0.16418  1.32812  0.17946
   -90.00  0.00001  1.35008  0.20461
   -80.00  -0.16417  1.32812  0.22318
   -70.00  -0.32084  1.23027  0.22656
   -60.00  -0.45312  1.07004  0.21783
   -50.00  -0.55257  0.86814  0.20264
   -40.00  -0.61730  0.65021  0.19025
   -30.00  -0.66515  0.44391  0.19766
   -20.00  -0.73832  0.27467  0.26971
   -10.00  -0.30208  0.12109  0.11923
    -4.17  -0.06754  0.03168  -0.12628
    -3.17  0.03941  0.03159  -0.12816
    -2.12  0.15011  0.03150  -0.12966
    -1.08  0.26175  0.03150  -0.13135
    -0.05  0.37245  0.03159  -0.13229
    -0.04  0.37271  0.03159  -0.13229
     1.17  0.50349  0.03179  -0.13349
     2.34  0.62666  0.03196  -0.13452
     3.52  0.75023  0.03228  -0.13523
     4.69  0.86991  0.03254  -0.13505
     5.86  0.98578  0.03289  -0.13421
     7.03  1.09564  0.03348  -0.13220
     8.21  1.18584  0.03412  -0.12666
    10.82  1.22683  0.04601  -0.09844
    13.43  1.07376  0.12904  -0.09092
    16.04  1.03687  0.18045  -0.09890
    18.65  1.06053  0.23165  -0.11131
    21.27  1.05465  0.29592  -0.13152
    23.88  1.02315  0.34022  -0.15719
    26.49  0.99165  0.38452  -0.18286
    29.10  0.96016  0.42881  -0.20853
    31.72  0.93780  0.47942  -0.22742
    34.33  0.92016  0.53329  -0.24281
    36.94  0.90252  0.58716  -0.25819
    39.55  0.88488  0.64103  -0.27358
    42.16  0.86175  0.69742  -0.28677
    44.78  0.83750  0.75433  -0.29951
    47.39  0.81325  0.81124  -0.31225
    50.00  0.78900  0.86814  -0.32498
    60.00  0.64734  1.07004  -0.36842
    70.00  0.45783  1.23027  -0.40623
    80.00  0.23455  1.32812  -0.43728
    90.00  0.00001  1.35008  -0.45961
   100.00  -0.16417  1.32812  -0.47809
   110.00  -0.32084  1.23027  -0.48156
   120.00  -0.45312  1.07004  -0.47274
   130.00  -0.55257  0.86814  -0.45764
   140.00  -0.61730  0.65021  -0.44516
   150.00  -0.66515  0.44391  -0.45257
   160.00  -0.74020  0.27485  -0.52537
   170.00  -0.36963  0.16424  -0.46909
   180.00  0.00001  0.12569  -0.00001
EOT
