AeroDyn airfoil file.  Compatible with AeroDyn v13.0.
Interpolated thickness: 0.722

  1        Number of airfoil tables in this file
  9990     Reynolds number in millions.  For efficiency, make very large if only one table.
  0        Control setting
  10.7004  Stall angle (deg)
  -3.19055 Zero lift angle of attack (deg)
  2.6366   Cn slope for zero lift (dimensionless)
  0.639226 Cn at stall value for positive angle of attack
  -0.8     Cn at stall value for negative angle of attack
  -2.12    Angle of attack for minimum CD (deg)
  0.225814 Minimum CD value
  -180.00  0.00006  0.26254  -0.00006
  -170.00  0.14418  0.27757  0.14625
  -160.00  0.28867  0.32070  -0.05244
  -150.00  0.25941  0.38662  -0.02311
  -140.00  0.24075  0.46705  -0.00266
  -130.00  0.21551  0.55203  0.01713
  -120.00  0.17674  0.63074  0.03677
  -110.00  0.12516  0.69322  0.05499
  -100.00  0.06408  0.73137  0.06991
   -90.00  0.00006  0.73993  0.07972
   -80.00  -0.06395  0.73137  0.08696
   -70.00  -0.12504  0.69322  0.08827
   -60.00  -0.17661  0.63074  0.08487
   -50.00  -0.21539  0.55203  0.07895
   -40.00  -0.24063  0.46705  0.07412
   -30.00  -0.25928  0.38662  0.07701
   -20.00  -0.28781  0.32063  0.10510
   -10.00  -0.11772  0.26075  0.04643
    -4.17  -0.02627  0.22589  -0.04930
    -3.17  0.01543  0.22585  -0.05003
    -2.12  0.05859  0.22581  -0.05062
    -1.08  0.10212  0.22581  -0.05127
    -0.05  0.14528  0.22585  -0.05164
    -0.02  0.14538  0.22585  -0.05164
     1.15  0.19637  0.22593  -0.05211
     2.31  0.24440  0.22600  -0.05251
     3.46  0.29258  0.22612  -0.05279
     4.62  0.33924  0.22622  -0.05272
     5.77  0.38442  0.22636  -0.05239
     6.93  0.42725  0.22659  -0.05161
     8.08  0.46242  0.22684  -0.04945
    10.70  0.47841  0.23147  -0.03844
    13.32  0.41872  0.26385  -0.03551
    15.94  0.40434  0.28389  -0.03862
    18.56  0.41356  0.30386  -0.04346
    21.18  0.41127  0.32892  -0.05134
    23.80  0.39899  0.34619  -0.06135
    26.42  0.38671  0.36346  -0.07136
    29.04  0.37443  0.38073  -0.08137
    31.66  0.36571  0.40046  -0.08873
    34.28  0.35883  0.42146  -0.09473
    36.90  0.35195  0.44247  -0.10073
    39.52  0.34508  0.46347  -0.10673
    42.14  0.33606  0.48546  -0.11187
    44.76  0.32660  0.50765  -0.11684
    47.38  0.31715  0.52984  -0.12181
    50.00  0.30769  0.55203  -0.12677
    60.00  0.25246  0.63074  -0.14371
    70.00  0.17857  0.69322  -0.15845
    80.00  0.09151  0.73137  -0.17056
    90.00  0.00006  0.73993  -0.17926
   100.00  -0.06395  0.73137  -0.18647
   110.00  -0.12504  0.69322  -0.18782
   120.00  -0.17661  0.63074  -0.18438
   130.00  -0.21539  0.55203  -0.17850
   140.00  -0.24063  0.46705  -0.17363
   150.00  -0.25928  0.38662  -0.17652
   160.00  -0.28854  0.32070  -0.20491
   170.00  -0.14406  0.27757  -0.18296
   180.00  0.00006  0.26254  -0.00006
EOT
