AeroDyn airfoil file.  Compatible with AeroDyn v13.0.
Interpolated thickness: 0.264

  1        Number of airfoil tables in this file
  9990     Reynolds number in millions.  For efficiency, make very large if only one table.
  0        Control setting
  10.8247  Stall angle (deg)
  -3.57857 Zero lift angle of attack (deg)
  6.25531  Cn slope for zero lift (dimensionless)
  1.57249  Cn at stall value for positive angle of attack
  -0.8     Cn at stall value for negative angle of attack
  -2.12    Angle of attack for minimum CD (deg)
  0.0212211 Minimum CD value
  -180.00  0.00000  0.11845  -0.00000
  -170.00  0.38156  0.15825  0.38737
  -160.00  0.76409  0.27243  -0.13868
  -150.00  0.68661  0.44694  -0.06101
  -140.00  0.63722  0.65989  -0.00688
  -130.00  0.57040  0.88486  0.04551
  -120.00  0.46775  1.09326  0.09752
  -110.00  0.33120  1.25867  0.14574
  -100.00  0.16948  1.35968  0.18526
   -90.00  0.00000  1.38234  0.21121
   -80.00  -0.16947  1.35968  0.23038
   -70.00  -0.33120  1.25867  0.23387
   -60.00  -0.46774  1.09326  0.22486
   -50.00  -0.57040  0.88486  0.20918
   -40.00  -0.63722  0.65989  0.19639
   -30.00  -0.68661  0.44694  0.20404
   -20.00  -0.76214  0.27224  0.27842
   -10.00  -0.31183  0.11371  0.12308
    -4.17  -0.06972  0.02141  -0.13035
    -3.17  0.04068  0.02132  -0.13229
    -2.12  0.15495  0.02122  -0.13384
    -1.08  0.27019  0.02122  -0.13558
    -0.05  0.38447  0.02132  -0.13655
    -0.05  0.38473  0.02132  -0.13655
     1.17  0.51973  0.02153  -0.13780
     2.35  0.64687  0.02170  -0.13886
     3.52  0.77443  0.02203  -0.13959
     4.69  0.89797  0.02230  -0.13940
     5.87  1.01758  0.02266  -0.13854
     7.04  1.13098  0.02327  -0.13646
     8.21  1.22409  0.02393  -0.13074
    10.82  1.26640  0.03620  -0.10161
    13.44  1.10840  0.12192  -0.09385
    16.05  1.07031  0.17498  -0.10209
    18.66  1.09474  0.22784  -0.11489
    21.27  1.08867  0.29418  -0.13576
    23.88  1.05615  0.33991  -0.16226
    26.49  1.02364  0.38563  -0.18876
    29.11  0.99113  0.43135  -0.21526
    31.72  0.96804  0.48359  -0.23476
    34.33  0.94984  0.53920  -0.25064
    36.94  0.93163  0.59481  -0.26652
    39.55  0.91342  0.65042  -0.28240
    42.16  0.88955  0.70863  -0.29602
    44.78  0.86452  0.76737  -0.30916
    47.39  0.83948  0.82612  -0.32231
    50.00  0.81445  0.88486  -0.33546
    60.00  0.66821  1.09326  -0.38030
    70.00  0.47259  1.25867  -0.41933
    80.00  0.24211  1.35968  -0.45138
    90.00  0.00000  1.38234  -0.47443
   100.00  -0.16947  1.35968  -0.49351
   110.00  -0.33120  1.25867  -0.49709
   120.00  -0.46774  1.09326  -0.48799
   130.00  -0.57040  0.88486  -0.47240
   140.00  -0.63722  0.65989  -0.45952
   150.00  -0.68661  0.44694  -0.46717
   160.00  -0.76408  0.27243  -0.54232
   170.00  -0.38155  0.15825  -0.48421
   180.00  0.00000  0.11845  -0.00000
EOT
