AeroDyn airfoil file.  Compatible with AeroDyn v13.0.
Interpolated thickness: 0.341

  1        Number of airfoil tables in this file
  9990     Reynolds number in millions.  For efficiency, make very large if only one table.
  0        Control setting
  10.8038  Stall angle (deg)
  -3.53841 Zero lift angle of attack (deg)
  5.65946  Cn slope for zero lift (dimensionless)
  1.41667  Cn at stall value for positive angle of attack
  -0.8     Cn at stall value for negative angle of attack
  -2.12    Angle of attack for minimum CD (deg)
  0.0556178 Minimum CD value
  -180.00  0.00001  0.14268  -0.00001
  -170.00  0.34165  0.17831  0.34683
  -160.00  0.68416  0.28054  -0.12418
  -150.00  0.61479  0.43680  -0.05464
  -140.00  0.57057  0.62747  -0.00617
  -130.00  0.51074  0.82890  0.04074
  -120.00  0.41883  1.01550  0.08730
  -110.00  0.29656  1.16360  0.13049
  -100.00  0.15176  1.25404  0.16586
   -90.00  0.00001  1.27433  0.18910
   -80.00  -0.15173  1.25404  0.20627
   -70.00  -0.29654  1.16360  0.20939
   -60.00  -0.41880  1.01550  0.20133
   -50.00  -0.51071  0.82890  0.18728
   -40.00  -0.57054  0.62747  0.17584
   -30.00  -0.61476  0.43680  0.18269
   -20.00  -0.68240  0.28037  0.24928
   -10.00  -0.27919  0.13843  0.11020
    -4.17  -0.06242  0.05579  -0.11673
    -3.17  0.03643  0.05570  -0.11846
    -2.12  0.13875  0.05562  -0.11985
    -1.08  0.24194  0.05562  -0.12141
    -0.05  0.34425  0.05570  -0.12228
    -0.04  0.34449  0.05570  -0.12228
     1.17  0.46536  0.05589  -0.12339
     2.34  0.57921  0.05605  -0.12434
     3.51  0.69342  0.05634  -0.12499
     4.68  0.80404  0.05659  -0.12483
     5.85  0.91113  0.05691  -0.12405
     7.02  1.01266  0.05745  -0.12220
     8.19  1.09603  0.05805  -0.11707
    10.80  1.13392  0.06903  -0.09099
    13.42  0.99245  0.14578  -0.08404
    16.03  0.95835  0.19329  -0.09142
    18.64  0.98022  0.24062  -0.10288
    21.26  0.97478  0.30002  -0.12156
    23.87  0.94567  0.34096  -0.14529
    26.48  0.91656  0.38190  -0.16902
    29.10  0.88745  0.42284  -0.19275
    31.71  0.86678  0.46962  -0.21021
    34.32  0.85048  0.51941  -0.22443
    36.93  0.83417  0.56920  -0.23865
    39.55  0.81787  0.61899  -0.25287
    42.16  0.79650  0.67111  -0.26506
    44.77  0.77408  0.72371  -0.27683
    47.39  0.75166  0.77630  -0.28860
    50.00  0.72925  0.82890  -0.30038
    60.00  0.59832  1.01550  -0.34053
    70.00  0.42316  1.16360  -0.37547
    80.00  0.21679  1.25404  -0.40417
    90.00  0.00001  1.27433  -0.42481
   100.00  -0.15173  1.25404  -0.44189
   110.00  -0.29654  1.16360  -0.44510
   120.00  -0.41880  1.01550  -0.43695
   130.00  -0.51071  0.82890  -0.42299
   140.00  -0.57054  0.62747  -0.41145
   150.00  -0.61476  0.43680  -0.41830
   160.00  -0.68413  0.28054  -0.48559
   170.00  -0.34163  0.17831  -0.43357
   180.00  0.00001  0.14268  -0.00001
EOT
