AeroDyn airfoil file.  Compatible with AeroDyn v13.0.
Interpolated thickness: 0.836

  1        Number of airfoil tables in this file
  9990     Reynolds number in millions.  For efficiency, make very large if only one table.
  0        Control setting
  10.6695  Stall angle (deg)
  -2.982   Zero lift angle of attack (deg)
  1.68379  Cn slope for zero lift (dimensionless)
  0.401185 Cn at stall value for positive angle of attack
  -0.8     Cn at stall value for negative angle of attack
  -2.12    Angle of attack for minimum CD (deg)
  0.276739 Minimum CD value
  -180.00  0.00008  0.29840  -0.00008
  -170.00  0.08510  0.30727  0.08624
  -160.00  0.17034  0.33272  -0.03098
  -150.00  0.15307  0.37160  -0.01367
  -140.00  0.14207  0.41905  -0.00161
  -130.00  0.12718  0.46918  0.01006
  -120.00  0.10430  0.51562  0.02165
  -110.00  0.07388  0.55248  0.03240
  -100.00  0.03784  0.57498  0.04120
   -90.00  0.00008  0.58003  0.04699
   -80.00  -0.03768  0.57498  0.05126
   -70.00  -0.07372  0.55248  0.05203
   -60.00  -0.10415  0.51562  0.05003
   -50.00  -0.12702  0.46918  0.04653
   -40.00  -0.14191  0.41905  0.04368
   -30.00  -0.15292  0.37160  0.04539
   -20.00  -0.16975  0.33267  0.06196
   -10.00  -0.06941  0.29735  0.02735
    -4.17  -0.01546  0.27678  -0.02912
    -3.17  0.00914  0.27676  -0.02956
    -2.12  0.03460  0.27674  -0.02990
    -1.08  0.06028  0.27674  -0.03029
    -0.05  0.08575  0.27676  -0.03050
    -0.01  0.08581  0.27676  -0.03051
     1.15  0.11589  0.27681  -0.03078
     2.30  0.14422  0.27685  -0.03102
     3.45  0.17264  0.27692  -0.03118
     4.60  0.20017  0.27698  -0.03114
     5.75  0.22682  0.27706  -0.03095
     6.90  0.25209  0.27720  -0.03048
     8.05  0.27284  0.27734  -0.02921
    10.67  0.28227  0.28008  -0.02272
    13.29  0.24706  0.29918  -0.02099
    15.91  0.23857  0.31100  -0.02282
    18.54  0.24401  0.32278  -0.02568
    21.16  0.24266  0.33756  -0.03033
    23.78  0.23542  0.34775  -0.03623
    26.40  0.22817  0.35794  -0.04214
    29.02  0.22093  0.36813  -0.04804
    31.65  0.21578  0.37977  -0.05239
    34.27  0.21173  0.39216  -0.05593
    36.89  0.20767  0.40455  -0.05947
    39.51  0.20361  0.41694  -0.06300
    42.13  0.19829  0.42991  -0.06604
    44.76  0.19271  0.44300  -0.06897
    47.38  0.18714  0.45609  -0.07190
    50.00  0.18156  0.46918  -0.07483
    60.00  0.14897  0.51562  -0.08482
    70.00  0.10538  0.55248  -0.09352
    80.00  0.05403  0.57498  -0.10066
    90.00  0.00008  0.58003  -0.10579
   100.00  -0.03768  0.57498  -0.11004
   110.00  -0.07372  0.55248  -0.11084
   120.00  -0.10415  0.51562  -0.10881
   130.00  -0.12702  0.46918  -0.10534
   140.00  -0.14191  0.41905  -0.10247
   150.00  -0.15292  0.37160  -0.10418
   160.00  -0.17018  0.33272  -0.12092
   170.00  -0.08494  0.30727  -0.10797
   180.00  0.00008  0.29840  -0.00008
EOT
