AeroDyn airfoil file.  Compatible with AeroDyn v13.0.
Interpolated thickness: 0.521

  1        Number of airfoil tables in this file
  9990     Reynolds number in millions.  For efficiency, make very large if only one table.
  0        Control setting
  10.755   Stall angle (deg)
  -3.42027 Zero lift angle of attack (deg)
  4.24699  Cn slope for zero lift (dimensionless)
  1.05073  Cn at stall value for positive angle of attack
  -0.8     Cn at stall value for negative angle of attack
  -2.12    Angle of attack for minimum CD (deg)
  0.136026 Minimum CD value
  -180.00  0.00004  0.19930  -0.00004
  -170.00  0.24836  0.22521  0.25207
  -160.00  0.49731  0.29952  -0.09029
  -150.00  0.44689  0.41309  -0.03974
  -140.00  0.41475  0.55168  -0.00451
  -130.00  0.37126  0.69809  0.02959
  -120.00  0.30445  0.83373  0.06343
  -110.00  0.21559  0.94138  0.09482
  -100.00  0.11033  1.00711  0.12053
   -90.00  0.00004  1.02186  0.13742
   -80.00  -0.11026  1.00711  0.14990
   -70.00  -0.21551  0.94138  0.15217
   -60.00  -0.30438  0.83373  0.14631
   -50.00  -0.37119  0.69809  0.13610
   -40.00  -0.41468  0.55168  0.12778
   -30.00  -0.44682  0.41309  0.13276
   -20.00  -0.49598  0.29939  0.18116
   -10.00  -0.20291  0.19622  0.08007
    -4.17  -0.04534  0.13615  -0.08487
    -3.17  0.02651  0.13609  -0.08613
    -2.12  0.10088  0.13603  -0.08714
    -1.08  0.17588  0.13603  -0.08827
    -0.05  0.25025  0.13609  -0.08890
    -0.03  0.25042  0.13609  -0.08891
     1.16  0.33828  0.13623  -0.08972
     2.33  0.42103  0.13634  -0.09041
     3.49  0.50404  0.13655  -0.09088
     4.65  0.58445  0.13673  -0.09076
     5.81  0.66229  0.13696  -0.09020
     6.98  0.73609  0.13736  -0.08885
     8.14  0.79669  0.13779  -0.08512
    10.75  0.82423  0.14577  -0.06616
    13.37  0.72140  0.20156  -0.06111
    15.99  0.69661  0.23610  -0.06647
    18.60  0.71251  0.27049  -0.07481
    21.22  0.70856  0.31367  -0.08839
    23.84  0.68740  0.34343  -0.10563
    26.45  0.66624  0.37319  -0.12288
    29.07  0.64508  0.40295  -0.14013
    31.69  0.63005  0.43694  -0.15282
    34.30  0.61820  0.47314  -0.16315
    36.92  0.60635  0.50933  -0.17349
    39.53  0.59450  0.54552  -0.18383
    42.15  0.57897  0.58340  -0.19269
    44.77  0.56267  0.62163  -0.20124
    47.38  0.54638  0.65986  -0.20980
    50.00  0.53009  0.69809  -0.21836
    60.00  0.43492  0.83373  -0.24754
    70.00  0.30761  0.94138  -0.27294
    80.00  0.15760  1.00711  -0.29380
    90.00  0.00004  1.02186  -0.30880
   100.00  -0.11026  1.00711  -0.32122
   110.00  -0.21551  0.94138  -0.32355
   120.00  -0.30438  0.83373  -0.31763
   130.00  -0.37119  0.69809  -0.30748
   140.00  -0.41468  0.55168  -0.29910
   150.00  -0.44682  0.41309  -0.30408
   160.00  -0.49724  0.29952  -0.35298
   170.00  -0.24829  0.22521  -0.31517
   180.00  0.00004  0.19930  -0.00004
EOT
