AeroDyn airfoil file.  Compatible with AeroDyn v13.0.
Interpolated thickness: 0.87

  1        Number of airfoil tables in this file
  9990     Reynolds number in millions.  For efficiency, make very large if only one table.
  0        Control setting
  10.6603  Stall angle (deg)
  -2.82649 Zero lift angle of attack (deg)
  1.40859  Cn slope for zero lift (dimensionless)
  0.331565 Cn at stall value for positive angle of attack
  -0.8     Cn at stall value for negative angle of attack
  -2.12    Angle of attack for minimum CD (deg)
  0.291928 Minimum CD value
  -180.00  0.00008  0.30910  -0.00008
  -170.00  0.06748  0.31613  0.06834
  -160.00  0.13504  0.33630  -0.02458
  -150.00  0.12136  0.36712  -0.01086
  -140.00  0.11264  0.40474  -0.00130
  -130.00  0.10083  0.44447  0.00796
  -120.00  0.08270  0.48128  0.01714
  -110.00  0.05858  0.51050  0.02566
  -100.00  0.03002  0.52834  0.03264
   -90.00  0.00008  0.53234  0.03722
   -80.00  -0.02985  0.52834  0.04061
   -70.00  -0.05842  0.51050  0.04123
   -60.00  -0.08254  0.48128  0.03964
   -50.00  -0.10067  0.44447  0.03686
   -40.00  -0.11247  0.40474  0.03461
   -30.00  -0.12119  0.36712  0.03596
   -20.00  -0.13454  0.33626  0.04909
   -10.00  -0.05500  0.30826  0.02166
    -4.17  -0.01223  0.29196  -0.02311
    -3.17  0.00727  0.29194  -0.02345
    -2.12  0.02745  0.29193  -0.02372
    -1.08  0.04781  0.29193  -0.02403
    -0.05  0.06799  0.29194  -0.02420
    -0.01  0.06804  0.29194  -0.02420
     1.15  0.09188  0.29198  -0.02442
     2.30  0.11434  0.29201  -0.02461
     3.44  0.13687  0.29207  -0.02474
     4.59  0.15869  0.29212  -0.02471
     5.74  0.17982  0.29218  -0.02455
     6.89  0.19985  0.29229  -0.02419
     8.04  0.21629  0.29241  -0.02317
    10.66  0.22377  0.29457  -0.01803
    13.28  0.19586  0.30971  -0.01666
    15.91  0.18913  0.31909  -0.01811
    18.53  0.19345  0.32842  -0.02038
    21.15  0.19237  0.34014  -0.02406
    23.77  0.18663  0.34822  -0.02874
    26.40  0.18089  0.35629  -0.03342
    29.02  0.17515  0.36437  -0.03810
    31.64  0.17107  0.37360  -0.04155
    34.26  0.16785  0.38342  -0.04435
    36.89  0.16464  0.39324  -0.04716
    39.51  0.16142  0.40306  -0.04996
    42.13  0.15720  0.41334  -0.05237
    44.75  0.15278  0.42372  -0.05469
    47.38  0.14836  0.43410  -0.05701
    50.00  0.14394  0.44447  -0.05934
    60.00  0.11811  0.48128  -0.06726
    70.00  0.08356  0.51050  -0.07415
    80.00  0.04285  0.52834  -0.07981
    90.00  0.00008  0.53234  -0.08388
   100.00  -0.02985  0.52834  -0.08725
   110.00  -0.05842  0.51050  -0.08788
   120.00  -0.08254  0.48128  -0.08628
   130.00  -0.10067  0.44447  -0.08352
   140.00  -0.11247  0.40474  -0.08125
   150.00  -0.12119  0.36712  -0.08260
   160.00  -0.13488  0.33630  -0.09587
   170.00  -0.06731  0.31613  -0.08561
   180.00  0.00008  0.30910  -0.00008
EOT
