AeroDyn airfoil file.  Compatible with AeroDyn v13.0.
Interpolated thickness: 0.964

  1        Number of airfoil tables in this file
  9990     Reynolds number in millions.  For efficiency, make very large if only one table.
  0        Control setting
  10.6348  Stall angle (deg)
  -1.71887 Zero lift angle of attack (deg)
  0.643987 Cn slope for zero lift (dimensionless)
  0.138851 Cn at stall value for positive angle of attack
  -0.8     Cn at stall value for negative angle of attack
  -2.12    Angle of attack for minimum CD (deg)
  0.333918 Minimum CD value
  -180.00  0.00010  0.33867  -0.00010
  -170.00  0.01876  0.34062  0.01885
  -160.00  0.03747  0.34621  -0.00688
  -150.00  0.03368  0.35474  -0.00308
  -140.00  0.03126  0.36516  -0.00043
  -130.00  0.02800  0.37616  0.00213
  -120.00  0.02297  0.38636  0.00467
  -110.00  0.01630  0.39445  0.00703
  -100.00  0.00838  0.39939  0.00897
   -90.00  0.00010  0.40049  0.01024
   -80.00  -0.00819  0.39939  0.01117
   -70.00  -0.01610  0.39445  0.01134
   -60.00  -0.02278  0.38636  0.01090
   -50.00  -0.02780  0.37616  0.01014
   -40.00  -0.03107  0.36516  0.00951
   -30.00  -0.03349  0.35474  0.00989
   -20.00  -0.03718  0.34620  0.01352
   -10.00  -0.01516  0.33844  0.00593
    -4.17  -0.00332  0.33393  -0.00647
    -3.17  0.00208  0.33392  -0.00657
    -2.12  0.00767  0.33392  -0.00664
    -1.08  0.01331  0.33392  -0.00673
    -0.05  0.01890  0.33392  -0.00677
    -0.00  0.01891  0.33392  -0.00677
     1.14  0.02552  0.33393  -0.00684
     2.29  0.03174  0.33394  -0.00689
     3.43  0.03797  0.33396  -0.00692
     4.58  0.04402  0.33397  -0.00691
     5.72  0.04987  0.33399  -0.00687
     6.87  0.05541  0.33402  -0.00677
     8.01  0.05997  0.33405  -0.00649
    10.63  0.06204  0.33465  -0.00507
    13.26  0.05431  0.33884  -0.00469
    15.88  0.05245  0.34144  -0.00509
    18.51  0.05364  0.34402  -0.00571
    21.13  0.05335  0.34727  -0.00674
    23.76  0.05175  0.34951  -0.00803
    26.38  0.05016  0.35174  -0.00933
    29.01  0.04857  0.35398  -0.01062
    31.63  0.04745  0.35653  -0.01158
    34.25  0.04655  0.35925  -0.01235
    36.88  0.04566  0.36197  -0.01313
    39.50  0.04477  0.36469  -0.01391
    42.13  0.04361  0.36754  -0.01457
    44.75  0.04238  0.37041  -0.01522
    47.38  0.04116  0.37329  -0.01586
    50.00  0.03993  0.37616  -0.01650
    60.00  0.03278  0.38636  -0.01870
    70.00  0.02321  0.39445  -0.02061
    80.00  0.01194  0.39939  -0.02217
    90.00  0.00010  0.40049  -0.02330
   100.00  -0.00819  0.39939  -0.02423
   110.00  -0.01610  0.39445  -0.02441
   120.00  -0.02278  0.38636  -0.02396
   130.00  -0.02780  0.37616  -0.02320
   140.00  -0.03107  0.36516  -0.02257
   150.00  -0.03349  0.35474  -0.02295
   160.00  -0.03728  0.34621  -0.02662
   170.00  -0.01857  0.34062  -0.02378
   180.00  0.00010  0.33867  -0.00010
EOT
