AeroDyn airfoil file.  Compatible with AeroDyn v13.0.
Interpolated thickness: 0.331

  1        Number of airfoil tables in this file
  9990     Reynolds number in millions.  For efficiency, make very large if only one table.
  0        Control setting
  10.8066  Stall angle (deg)
  -3.54388 Zero lift angle of attack (deg)
  5.73713  Cn slope for zero lift (dimensionless)
  1.43693  Cn at stall value for positive angle of attack
  -0.8     Cn at stall value for negative angle of attack
  -2.12    Angle of attack for minimum CD (deg)
  0.0511507 Minimum CD value
  -180.00  0.00001  0.13953  -0.00001
  -170.00  0.34684  0.17571  0.35209
  -160.00  0.69454  0.27949  -0.12607
  -150.00  0.62412  0.43811  -0.05547
  -140.00  0.57923  0.63168  -0.00626
  -130.00  0.51849  0.83617  0.04136
  -120.00  0.42518  1.02560  0.08863
  -110.00  0.30106  1.17595  0.13247
  -100.00  0.15406  1.26776  0.16838
   -90.00  0.00001  1.28836  0.19197
   -80.00  -0.15403  1.26776  0.20940
   -70.00  -0.30104  1.17595  0.21257
   -60.00  -0.42516  1.02560  0.20439
   -50.00  -0.51846  0.83617  0.19012
   -40.00  -0.57920  0.63168  0.17851
   -30.00  -0.62409  0.43811  0.18546
   -20.00  -0.69276  0.27931  0.25306
   -10.00  -0.28343  0.13522  0.11187
    -4.17  -0.06337  0.05133  -0.11850
    -3.17  0.03698  0.05124  -0.12026
    -2.12  0.14085  0.05115  -0.12166
    -1.08  0.24561  0.05115  -0.12325
    -0.05  0.34948  0.05124  -0.12413
    -0.04  0.34972  0.05124  -0.12413
     1.17  0.47242  0.05143  -0.12526
     2.34  0.58800  0.05159  -0.12623
     3.51  0.70394  0.05189  -0.12689
     4.68  0.81624  0.05213  -0.12672
     5.85  0.92495  0.05246  -0.12593
     7.02  1.02803  0.05301  -0.12405
     8.19  1.11266  0.05362  -0.11885
    10.81  1.15113  0.06477  -0.09237
    13.42  1.00751  0.14268  -0.08531
    16.03  0.97289  0.19091  -0.09280
    18.65  0.99509  0.23896  -0.10444
    21.26  0.98957  0.29926  -0.12341
    23.87  0.96002  0.34082  -0.14749
    26.48  0.93046  0.38239  -0.17158
    29.10  0.90091  0.42395  -0.19567
    31.71  0.87993  0.47143  -0.21340
    34.32  0.86338  0.52198  -0.22783
    36.94  0.84683  0.57252  -0.24227
    39.55  0.83028  0.62307  -0.25670
    42.16  0.80858  0.67598  -0.26908
    44.77  0.78583  0.72938  -0.28103
    47.39  0.76307  0.78277  -0.29298
    50.00  0.74031  0.83617  -0.30494
    60.00  0.60739  1.02560  -0.34569
    70.00  0.42958  1.17595  -0.38117
    80.00  0.22008  1.26776  -0.41030
    90.00  0.00001  1.28836  -0.43125
   100.00  -0.15403  1.26776  -0.44859
   110.00  -0.30104  1.17595  -0.45185
   120.00  -0.42516  1.02560  -0.44358
   130.00  -0.51846  0.83617  -0.42940
   140.00  -0.57920  0.63168  -0.41770
   150.00  -0.62409  0.43811  -0.42465
   160.00  -0.69452  0.27949  -0.49296
   170.00  -0.34681  0.17571  -0.44014
   180.00  0.00001  0.13953  -0.00001
EOT
