AeroDyn airfoil file.  Compatible with AeroDyn v13.0.
Interpolated thickness: 1

  1        Number of airfoil tables in this file
  9990     Reynolds number in millions.  For efficiency, make very large if only one table.
  0        Control setting
  180      Stall angle (deg)
  NaN      Zero lift angle of attack (deg)
  0        Cn slope for zero lift (dimensionless)
  NaN      Cn at stall value for positive angle of attack
  -0.8     Cn at stall value for negative angle of attack
  -10      Angle of attack for minimum CD (deg)
  0.35     Minimum CD value
  -180.00  0.00010  0.35000  -0.00010
  -170.00  0.00010  0.35000  -0.00010
  -160.00  0.00010  0.35000  -0.00010
  -150.00  0.00010  0.35000  -0.00010
  -140.00  0.00010  0.35000  -0.00010
  -130.00  0.00010  0.35000  -0.00010
  -120.00  0.00010  0.35000  -0.00010
  -110.00  0.00010  0.35000  -0.00010
  -100.00  0.00010  0.35000  -0.00010
   -90.00  0.00010  0.35000  -0.00010
   -80.00  0.00010  0.35000  -0.00010
   -70.00  0.00010  0.35000  -0.00010
   -60.00  0.00010  0.35000  -0.00010
   -50.00  0.00010  0.35000  -0.00010
   -40.00  0.00010  0.35000  -0.00010
   -30.00  0.00010  0.35000  -0.00010
   -20.00  0.00010  0.35000  -0.00010
   -10.00  0.00010  0.35000  -0.00010
    -4.17  0.00010  0.35000  -0.00010
    -3.17  0.00010  0.35000  -0.00010
    -2.12  0.00010  0.35000  -0.00010
    -1.08  0.00010  0.35000  -0.00010
    -0.05  0.00010  0.35000  -0.00010
     0.00  0.00010  0.35000  -0.00010
     1.14  0.00010  0.35000  -0.00010
     2.29  0.00010  0.35000  -0.00010
     3.43  0.00010  0.35000  -0.00010
     4.57  0.00010  0.35000  -0.00010
     5.71  0.00010  0.35000  -0.00010
     6.86  0.00010  0.35000  -0.00010
     8.00  0.00010  0.35000  -0.00010
    10.63  0.00010  0.35000  -0.00010
    13.25  0.00010  0.35000  -0.00010
    15.88  0.00010  0.35000  -0.00010
    18.50  0.00010  0.35000  -0.00010
    21.13  0.00010  0.35000  -0.00010
    23.75  0.00010  0.35000  -0.00010
    26.38  0.00010  0.35000  -0.00010
    29.00  0.00010  0.35000  -0.00010
    31.63  0.00010  0.35000  -0.00010
    34.25  0.00010  0.35000  -0.00010
    36.88  0.00010  0.35000  -0.00010
    39.50  0.00010  0.35000  -0.00010
    42.13  0.00010  0.35000  -0.00010
    44.75  0.00010  0.35000  -0.00010
    47.38  0.00010  0.35000  -0.00010
    50.00  0.00010  0.35000  -0.00010
    60.00  0.00010  0.35000  -0.00010
    70.00  0.00010  0.35000  -0.00010
    80.00  0.00010  0.35000  -0.00010
    90.00  0.00010  0.35000  -0.00010
   100.00  0.00010  0.35000  -0.00010
   110.00  0.00010  0.35000  -0.00010
   120.00  0.00010  0.35000  -0.00010
   130.00  0.00010  0.35000  -0.00010
   140.00  0.00010  0.35000  -0.00010
   150.00  0.00010  0.35000  -0.00010
   160.00  0.00010  0.35000  -0.00010
   170.00  0.00010  0.35000  -0.00010
   180.00  0.00010  0.35000  -0.00010
EOT
