<reference>
Airfoil "Interp_051724" created on 05-Oct-2021 10:29:55 for blade project BAR3_SNL_1_18_2021_numad
</reference>
<coords>
 1.00000000000000  0.00000000000000
 1.00000000000000 -0.00885941105489
 0.98486539766035 -0.00573093789209
 0.96971367111792 -0.00369278827926
 0.95454861993445 -0.00165746032572
 0.93937406258908 -0.00023275794117
 0.92419383548778  0.00058390758281
 0.90901179195282  0.00071266412099
 0.89383180119260  0.00036234104253
 0.87865774725206 -0.00053050752698
 0.86349352794419 -0.00189005995384
 0.84834305376285 -0.00368559008296
 0.83321024677733 -0.00589169385193
 0.81809903950914 -0.00850086075910
 0.80301337379131 -0.01149337188570
 0.78795719961078 -0.01488271088867
 0.77293447393426 -0.01867473517492
 0.75794915951807 -0.02280758120597
 0.74300522370244 -0.02722147026557
 0.72810663719083 -0.03189332536602
 0.71325737281479 -0.03680719502191
 0.69846140428483 -0.04195546837544
 0.68372270492805 -0.04727176779460
 0.66904524641292 -0.05271967013055
 0.65443299746192 -0.05817677999417
 0.63988992255267 -0.06369423101609
 0.62541998060813 -0.06921787008634
 0.61102712367650 -0.07468271552566
 0.59671529560158 -0.08005697857452
 0.58248843068418 -0.08531714284439
 0.56835045233523 -0.09044227155189
 0.55430527172148 -0.09540692180192
 0.54035678640425 -0.10018469059992
 0.52650887897216 -0.10476755118555
 0.51276541566844 -0.10914503332750
 0.49913024501367 -0.11330296778838
 0.48560719642460 -0.11722935307767
 0.47220007882995 -0.12091651821682
 0.45891267928379 -0.12436154893287
 0.44574876157747 -0.12757080377765
 0.43271206485069 -0.13057118463360
 0.41980630220274 -0.13333354651402
 0.40703515930444 -0.13584970268712
 0.39440229301188 -0.13811921947184
 0.38191132998247 -0.14015556012633
 0.36956586529436 -0.14194877085380
 0.35736946106997 -0.14350205400886
 0.34532564510435 -0.14482356121099
 0.33343790949937 -0.14590773636463
 0.32170970930445 -0.14677075490781
 0.31014446116464 -0.14741258591006
 0.29874554197699 -0.14782942706228
 0.28751628755593 -0.14803920717557
 0.27645999130850 -0.14802781215419
 0.26557990292034 -0.14780404657633
 0.25487922705309 -0.14738839480274
 0.24436112205422 -0.14677237943586
 0.23402869867993 -0.14595709869302
 0.22388501883201 -0.14495321479243
 0.21393309430948 -0.14376493732895
 0.20417588557570 -0.14239350240346
 0.19461630054189 -0.14084270043767
 0.18525719336771 -0.13912022859431
 0.17610136327970 -0.13722712837325
 0.16715155340847 -0.13516166687102
 0.15841044964513 -0.13293233225914
 0.14988067951800 -0.13055111609153
 0.14156481109014 -0.12801847870307
 0.13346535187843 -0.12533437365443
 0.12558474779505 -0.12250952366217
 0.11792538211190 -0.11955112003068
 0.11048957444866 -0.11645853559532
 0.10327957978533 -0.11323633861523
 0.09629758749963 -0.10989779148279
 0.08954572043018 -0.10644795410472
 0.08302603396579 -0.10278713076124
 0.07674051516182 -0.09901936706621
 0.07069108188383 -0.09518386170495
 0.06487958197935 -0.09127974973886
 0.05930779247828 -0.08732369060074
 0.05397741882233 -0.08332596235891
 0.04889009412418 -0.07928430019529
 0.04404737845679 -0.07520807885451
 0.03945075817328 -0.07111122756277
 0.03510164525798 -0.06700118722224
 0.03100137670894 -0.06288915874754
 0.02715121395243 -0.05877068651618
 0.02355234228980 -0.05465657086634
 0.02020587037698 -0.05053733753796
 0.01711282973716 -0.04643869809090
 0.01427417430681 -0.04234330763768
 0.01169078001544 -0.03827050956413
 0.00936344439933 -0.03423486436189
 0.00729288624962 -0.03018902910533
 0.00547974529476 -0.02616074982894
 0.00392458191783 -0.02203952572960
 0.00262787690871 -0.01821481894031
 0.00159003125130 -0.01433734848900
 0.00081136594606 -0.00977508086684
 0.00029212186785 -0.00370834797344
 0.00003245965920 -0.00053938232727
 0.00000000000000  0.00000000000000
 0.00003245965920  0.00054117631936
 0.00029212186785  0.00388458237130
 0.00081136594606  0.01029026389592
 0.00159003125130  0.01513529594134
 0.00262787690871  0.01931189118099
 0.00392458191783  0.02342846895985
 0.00547974529476  0.02766756911199
 0.00729288624962  0.03186865536421
 0.00936344439933  0.03618544259016
 0.01169078001544  0.04046770626542
 0.01427417430681  0.04477287546019
 0.01711282973716  0.04906374152909
 0.02020587037698  0.05335672889031
 0.02355234228980  0.05763094162427
 0.02715121395243  0.06188022986412
 0.03100137670894  0.06609689601582
 0.03510164525798  0.07028373789423
 0.03945075817328  0.07443652079666
 0.04404737845679  0.07854903925275
 0.04889009412418  0.08261493733944
 0.05397741882233  0.08662703807651
 0.05930779247828  0.09057349698695
 0.06487958197935  0.09444366148672
 0.07069108188383  0.09823780258605
 0.07674051516182  0.10195067820594
 0.08302603396579  0.10557587206796
 0.08954572043018  0.10906891196661
 0.09629758749963  0.11233416199026
 0.10327957978533  0.11547405838122
 0.11048957444866  0.11847468972027
 0.11792538211190  0.12132878153839
 0.12558474779505  0.12404610814686
 0.13346535187843  0.12661067956675
 0.14156481109014  0.12902676192988
 0.14988067951800  0.13128840125298
 0.15841044964513  0.13338984397495
 0.16715155340847  0.13533157941686
 0.17610136327970  0.13710789075259
 0.18525719336771  0.13871556953698
 0.19461630054189  0.14015009917491
 0.20417588557570  0.14141425874732
 0.21393309430948  0.14250891077918
 0.22388501883201  0.14342855658295
 0.23402869867993  0.14417842802759
 0.24436112205422  0.14476434058466
 0.25487922705309  0.14518640355603
 0.26557990292034  0.14544785635348
 0.27645999130850  0.14554673893597
 0.28751628755593  0.14547616874970
 0.29874554197699  0.14525224675067
 0.31014446116464  0.14487552534538
 0.32170970930445  0.14433438773616
 0.33343790949937  0.14364733828612
 0.34532564510435  0.14282160591894
 0.35736946106997  0.14185490402887
 0.36956586529436  0.14074521276339
 0.38191132998247  0.13949538856336
 0.39440229301188  0.13811859737592
 0.40703515930444  0.13661001600326
 0.41980630220274  0.13496313159520
 0.43271206485069  0.13319816166552
 0.44574876157747  0.13131340445018
 0.45891267928379  0.12928640148879
 0.47220007882995  0.12714361251618
 0.48560719642460  0.12487596980302
 0.49913024501367  0.12250066814195
 0.51276541566844  0.12002291199336
 0.52650887897216  0.11743893352877
 0.54035678640425  0.11476873208887
 0.55430527172148  0.11202150767348
 0.56835045233523  0.10919263004415
 0.58248843068418  0.10627738258674
 0.59671529560158  0.10328431793881
 0.61102712367650  0.10022127090918
 0.62541998060813  0.09709585531645
 0.63988992255267  0.09391818333506
 0.65443299746192  0.09067238118382
 0.66904524641292  0.08734016647227
 0.68372270492805  0.08400634974280
 0.69846140428483  0.08060444119499
 0.71325737281479  0.07715484324680
 0.72810663719083  0.07361441106331
 0.74300522370244  0.07002486045821
 0.75794915951807  0.06639980414092
 0.77293447393426  0.06274378642154
 0.78795719961078  0.05906392768764
 0.80301337379131  0.05536893295377
 0.81809903950914  0.05165610525730
 0.83321024677733  0.04792747005961
 0.84834305376285  0.04421019211509
 0.86349352794419  0.04050120283522
 0.87865774725206  0.03682262818665
 0.89383180119260  0.03317407110815
 0.90901179195282  0.02955385093333
 0.92419383548778  0.02598115276401
 0.93937406258908  0.02240369918388
 0.95454861993445  0.01887917007392
 0.96971367111792  0.01542919525402
 0.98486539766035  0.01253724253890
 1.00000000000000  0.00885941105489
</coords>