<reference>
Airfoil "Interp_041379" created on 05-Oct-2021 10:29:55 for blade project BAR3_SNL_1_18_2021_numad
</reference>
<coords>
 1.00000000000000  0.00000000000000
 1.00000000000000 -0.00847245170770
 0.98421375798636 -0.00479747141499
 0.96843145023519 -0.00287378873518
 0.95265701002844 -0.00174081850336
 0.93689436868733 -0.00102767033428
 0.92114745459252 -0.00096729352259
 0.90542019220516 -0.00103675912148
 0.88971650108872 -0.00172374004078
 0.87404029493228 -0.00301023329243
 0.85839548057505 -0.00486443436167
 0.84278595703275 -0.00724299836705
 0.82721561452590 -0.01010999726862
 0.81168833351028 -0.01342610436374
 0.79620798370985 -0.01715461255499
 0.78077842315231 -0.02128365911942
 0.76540349720763 -0.02580252676343
 0.75008703762969 -0.03066780857866
 0.73483286160132 -0.03582908654331
 0.71964477078299 -0.04124672203225
 0.70452655036533 -0.04687941452576
 0.68948196812583 -0.05264730747009
 0.67451477348979 -0.05855520722892
 0.65962869659589 -0.06455230795701
 0.64482744736657 -0.07063014397927
 0.63011471458345 -0.07666383410551
 0.61549416496799 -0.08265115453374
 0.60096944226766 -0.08856120804194
 0.58654416634787 -0.09435110577296
 0.57222193228979 -0.09999351705202
 0.55800630949442 -0.10546811310475
 0.54390084079298 -0.11074697273625
 0.52990904156400 -0.11580426237373
 0.51603439885716 -0.12063243663547
 0.50228037052432 -0.12522055877487
 0.48865038435767 -0.12955654486738
 0.47514783723553 -0.13363065606049
 0.46177609427571 -0.13743351230675
 0.44853848799689 -0.14096122022226
 0.43543831748808 -0.14421069323475
 0.42247884758641 -0.14722620855543
 0.40966330806347 -0.14995464843552
 0.39699489282039 -0.15238827225579
 0.38447675909182 -0.15453233787903
 0.37211202665914 -0.15641395477335
 0.35990377707289 -0.15802717821661
 0.34785505288481 -0.15936149515204
 0.33596885688957 -0.16043624654206
 0.32424815137639 -0.16125976216349
 0.31269585739082 -0.16183534078515
 0.30131485400669 -0.16216715307330
 0.29010797760867 -0.16225358577621
 0.27907802118528 -0.16210009340809
 0.26822773363292 -0.16171885133912
 0.25755981907072 -0.16111332384939
 0.24707693616662 -0.16028801296764
 0.23678169747483 -0.15925113975000
 0.22667666878466 -0.15799789209394
 0.21676436848111 -0.15653645941961
 0.20704726691722 -0.15488343005643
 0.19752778579842 -0.15304025358598
 0.18820829757898 -0.15100300517243
 0.17909112487074 -0.14879039782536
 0.17017853986427 -0.14640701104926
 0.16147276376262 -0.14384579333566
 0.15297596622770 -0.14113217353877
 0.14469026483959 -0.13827084427787
 0.13661772456878 -0.13526566896153
 0.12876035726154 -0.13212423229758
 0.12112012113854 -0.12885966201877
 0.11369892030679 -0.12548371230604
 0.10649860428513 -0.12200404469566
 0.09952096754325 -0.11842361572267
 0.09276774905452 -0.11476215479961
 0.08624063186256 -0.11103037851105
 0.07994124266183 -0.10734657750861
 0.07387115139216 -0.10361194217805
 0.06803187084757 -0.09980376803829
 0.06242485629917 -0.09592432917350
 0.05705150513256 -0.09197402581829
 0.05191315649949 -0.08797197951604
 0.04701109098416 -0.08391277080144
 0.04234653028407 -0.07980430751366
 0.03792063690554 -0.07567976762022
 0.03373451387398 -0.07151054806008
 0.02978920445901 -0.06731572169180
 0.02608569191446 -0.06309402704726
 0.02262489923329 -0.05884621898820
 0.01940768891760 -0.05454813481783
 0.01643486276363 -0.05024182757028
 0.01370716166200 -0.04593709540727
 0.01122526541300 -0.04164253228650
 0.00898979255721 -0.03739333240460
 0.00700130022133 -0.03312421514992
 0.00526028397934 -0.02889375140144
 0.00376717772899 -0.02451179652806
 0.00252235358366 -0.02002291303263
 0.00152612177962 -0.01547319972928
 0.00077873059872 -0.01047205383542
 0.00028036630652 -0.00398074733826
 0.00003115310584 -0.00060340409560
 0.00000000000000  0.00000000000000
 0.00003115310584  0.00055528076895
 0.00028036630652  0.00376289332070
 0.00077873059872  0.00995674402450
 0.00152612177962  0.01502094684085
 0.00252235358366  0.01974671273979
 0.00376717772899  0.02499626194510
 0.00526028397934  0.02996350614218
 0.00700130022133  0.03460910824665
 0.00898979255721  0.03912441478605
 0.01122526541300  0.04360700771146
 0.01370716166200  0.04814389139663
 0.01643486276363  0.05266646184178
 0.01940768891760  0.05719023803903
 0.02262489923329  0.06167462700091
 0.02608569191446  0.06610410698804
 0.02978920445901  0.07049831942772
 0.03373451387398  0.07485613018683
 0.03792063690554  0.07916784383102
 0.04234653028407  0.08343242389727
 0.04701109098416  0.08763181625344
 0.05191315649949  0.09177071213942
 0.05705150513256  0.09583163686545
 0.06242485629917  0.09980320829960
 0.06803187084757  0.10368942823627
 0.07387115139216  0.10747929776987
 0.07994124266183  0.11117307047904
 0.08624063186256  0.11480503540876
 0.09276774905452  0.11846543526277
 0.09952096754325  0.12202105464454
 0.10649860428513  0.12545642083197
 0.11369892030679  0.12877732280093
 0.12112012113854  0.13196898714734
 0.12876035726154  0.13502486508699
 0.13661772456878  0.13793813386686
 0.14469026483959  0.14069654389371
 0.15297596622770  0.14329611227339
 0.16147276376262  0.14573115147763
 0.17017853986427  0.14798185443423
 0.17909112487074  0.15006163433803
 0.18820829757898  0.15195240318582
 0.19752778579842  0.15365420078005
 0.20704726691722  0.15517298578068
 0.21676436848111  0.15649538193701
 0.22667666878466  0.15762492444448
 0.23678169747483  0.15856889079264
 0.24707693616662  0.15933110229954
 0.25755981907072  0.15990372367475
 0.26822773363292  0.16029021431240
 0.27907802118528  0.16048772076016
 0.29010797760867  0.16050234428068
 0.30131485400669  0.16033840331503
 0.31269585739082  0.15998890402475
 0.32424815137639  0.15946611635253
 0.33596885688957  0.15877506142906
 0.34785505288481  0.15790742145956
 0.35990377707289  0.15686962300542
 0.37211202665914  0.15567738578679
 0.38447675909182  0.15432594047381
 0.39699489282039  0.15280724382886
 0.40966330806347  0.15113318694969
 0.42247884758641  0.14932400068904
 0.43543831748808  0.14737055530075
 0.44853848799689  0.14522323168172
 0.46177609427571  0.14293925173255
 0.47514783723553  0.14051050325503
 0.48865038435767  0.13795155209237
 0.50228037052432  0.13527046368931
 0.51603439885716  0.13246540282266
 0.52990904156400  0.12955068382468
 0.54390084079298  0.12653772625112
 0.55800630949442  0.12342500390134
 0.57222193228979  0.12020795188992
 0.58654416634787  0.11689730085695
 0.60096944226766  0.11350187317652
 0.61549416496799  0.11001950283439
 0.63011471458345  0.10644894622114
 0.64482744736657  0.10281231132281
 0.65962869659589  0.09914747126744
 0.67451477348979  0.09536749267685
 0.68948196812583  0.09151746180515
 0.70452655036533  0.08761076108103
 0.71964477078299  0.08369208538888
 0.73483286160132  0.07972628790196
 0.75008703762969  0.07572414046569
 0.76540349720763  0.07168566426072
 0.78077842315231  0.06761793612759
 0.79620798370985  0.06353863272856
 0.81168833351028  0.05944333313499
 0.82721561452590  0.05532805197557
 0.84278595703275  0.05120846030432
 0.85839548057505  0.04707850958961
 0.87404029493228  0.04295272588582
 0.88971650108872  0.03882703860025
 0.90542019220516  0.03472384326618
 0.92114745459252  0.03062781453348
 0.93689436868733  0.02675973552038
 0.95265701002844  0.02288347567756
 0.96843145023519  0.01898217676010
 0.98421375798636  0.01453403129502
 1.00000000000000  0.00847245170770
</coords>