<reference>
Airfoil "Interp_079310" created on 05-Oct-2021 10:29:55 for blade project BAR3_SNL_1_18_2021_numad
</reference>
<coords>
 1.00000000000000  0.00000000000000
 1.00000000000000 -0.00000660023183
 0.99975079456309  0.00166995106991
 0.99900342666575 -0.00228255303905
 0.99775864130055 -0.00205726774414
 0.99601767929663 -0.00180375759764
 0.99378227608276 -0.00149952328998
 0.99105465995749 -0.00111737059880
 0.98783754986789 -0.00069809201475
 0.98413415269925 -0.00023358271899
 0.97994816007843  0.00027093818221
 0.97528374469389  0.00080644131487
 0.97014555613634  0.00136931722007
 0.96453871626387  0.00195406384545
 0.95846881409639  0.00255418660377
 0.95194190024441  0.00316686647982
 0.94496448087759  0.00379068299889
 0.93754351123930  0.00439408691591
 0.92968638871346  0.00494559506936
 0.92140094545068  0.00542704607896
 0.91269544056099  0.00582326283902
 0.90357855188099  0.00611224816102
 0.89405936732360  0.00629064692632
 0.88414737581899  0.00639374621337
 0.87385245785585  0.00622783364833
 0.86318487563232  0.00580868062935
 0.85215526282634  0.00520608336291
 0.84077461399582  0.00439477773479
 0.82905427361902  0.00336409013281
 0.81700592478612  0.00210383458616
 0.80464157755326  0.00059509870445
 0.79197355697065 -0.00119039321487
 0.77901449079672 -0.00327509563695
 0.76577729691045 -0.00566194079918
 0.75227517043459 -0.00834697257427
 0.73852157058244 -0.01133239121169
 0.72453020724146 -0.01460311848277
 0.71031502730689 -0.01814447446617
 0.69589020077925 -0.02195355683098
 0.68127010663931 -0.02601068580503
 0.66646931851488 -0.03022979997743
 0.65150259015344 -0.03465263092866
 0.63638484071530 -0.03924766662040
 0.62113113990189 -0.04397549428956
 0.60575669293391 -0.04879074088484
 0.59027682539445 -0.05366489472208
 0.57470696795213 -0.05854156399864
 0.55906264097945 -0.06337340601676
 0.54335943908178 -0.06812552092382
 0.52761301555225 -0.07275429138524
 0.51183906676831 -0.07722013776594
 0.49605331654514 -0.08149347416965
 0.48027150046187 -0.08555519599662
 0.46450935017599 -0.08954139751049
 0.44878257774169 -0.09313250469568
 0.43310685994776 -0.09635662084054
 0.41749782269060 -0.09923086464038
 0.40197102539801 -0.10174504486496
 0.38654194551920 -0.10392508524948
 0.37122596309655 -0.10575608797060
 0.35603834543442 -0.10723724817518
 0.34099423188038 -0.10838256351127
 0.32610861873401 -0.10920627176121
 0.31139634429821 -0.10969840674154
 0.29687207408811 -0.10988360598396
 0.28255028621210 -0.10976417991898
 0.26844525693983 -0.10933868760674
 0.25457104647120 -0.10864023943869
 0.24094148492096 -0.10765911292170
 0.22757015853246 -0.10641769784886
 0.21447039613465 -0.10491015029096
 0.20165525585557 -0.10314695843589
 0.18913751210575 -0.10113339623353
 0.17692964284440 -0.09888340632664
 0.16504381714107 -0.09640653723945
 0.15349188304533 -0.09363567661570
 0.14228535577631 -0.09065410422112
 0.13143540624411 -0.08750670616174
 0.12095284991438 -0.08419885408223
 0.11084813602724 -0.08074982885730
 0.10113133718124 -0.07717293604745
 0.09181213929280 -0.07348874923396
 0.08289983194104 -0.06972225042474
 0.07440329910775 -0.06587890045214
 0.06633101032164 -0.06198854099821
 0.05869101221573 -0.05805340196317
 0.05149092050627 -0.05410442848764
 0.04473791240127 -0.05015356268070
 0.03843871944607 -0.04621352072562
 0.03259962081320 -0.04229202363900
 0.02722643704317 -0.03839975161177
 0.02232452424240 -0.03455285752924
 0.01789876874419 -0.03075716769087
 0.01395358223787 -0.02700408420913
 0.01049289737114 -0.02328140210813
 0.00752016382994 -0.01957992225901
 0.00503834489972 -0.01621691905385
 0.00304991451156 -0.01276623873238
 0.00155685477610 -0.00862358543716
 0.00056065400778 -0.00335327213670
 0.00006230524117 -0.00033316223622
 0.00000000000000  0.00000000000000
 0.00006230524117  0.00048499229443
 0.00056065400778  0.00407249538807
 0.00155685477610  0.01046497382394
 0.00304991451156  0.01527019152620
 0.00503834489972  0.01965391543736
 0.00752016382994  0.02414351677423
 0.01049289737114  0.02859694257957
 0.01395358223787  0.03316322533500
 0.01789876874419  0.03775041751226
 0.02232452424240  0.04236583976433
 0.02722643704317  0.04698315866030
 0.03259962081320  0.05156873892957
 0.03843871944607  0.05614612759957
 0.04473791240127  0.06068648787059
 0.05149092050627  0.06516848539249
 0.05869101221573  0.06958322832732
 0.06633101032164  0.07392981522148
 0.07440329910775  0.07818152242138
 0.08289983194104  0.08232417593684
 0.09181213929280  0.08634641801496
 0.10113133718124  0.09023216548135
 0.11084813602724  0.09397077753286
 0.12095284991438  0.09754924504894
 0.13143540624411  0.10095534759068
 0.14228535577631  0.10416763397995
 0.15349188304533  0.10718147536659
 0.16504381714107  0.10996047717354
 0.17692964284440  0.11243406614434
 0.18913751210575  0.11467159904122
 0.20165525585557  0.11664751565112
 0.21447039613465  0.11836511346235
 0.22757015853246  0.11983992005869
 0.24094148492096  0.12104630099445
 0.25457104647120  0.12197688762173
 0.26844525693983  0.12264747290493
 0.28255028621210  0.12303934705926
 0.29687207408811  0.12317829157118
 0.31139634429821  0.12303953132899
 0.32610861873401  0.12263713959554
 0.34099423188038  0.12198304812680
 0.35603834543442  0.12109204992666
 0.37122596309655  0.11997699936000
 0.38654194551920  0.11864051847007
 0.40197102539801  0.11709647615384
 0.41749782269060  0.11536675277099
 0.43310685994776  0.11344352818680
 0.44878257774169  0.11131597374760
 0.46450935017599  0.10900408566534
 0.48027150046187  0.10645311185414
 0.49605331654514  0.10397262523161
 0.51183906676831  0.10142986022460
 0.52761301555225  0.09877762469993
 0.54335943908178  0.09602352275926
 0.55906264097945  0.09318993019234
 0.57470696795213  0.09027887439165
 0.59027682539445  0.08729886089582
 0.60575669293391  0.08426495169861
 0.62113113990189  0.08117129379423
 0.63638484071530  0.07804520732743
 0.65150259015344  0.07490881817086
 0.66646931851488  0.07175598467220
 0.68127010663931  0.06861600964484
 0.69589020077925  0.06555288967444
 0.71031502730689  0.06252198256566
 0.72453020724146  0.05952362661113
 0.73852157058244  0.05655256014885
 0.75227517043459  0.05363623080452
 0.76577729691045  0.05077384394944
 0.77901449079672  0.04796482087779
 0.79197355697065  0.04521675561838
 0.80464157755326  0.04253459391349
 0.81700592478612  0.03993017432872
 0.82905427361902  0.03740427332312
 0.84077461399582  0.03495439649547
 0.85215526282634  0.03258664008739
 0.86318487563232  0.03030030855991
 0.87385245785585  0.02810179079938
 0.88414737581899  0.02592727695398
 0.89405936732360  0.02375074652151
 0.90357855188099  0.02173496784475
 0.91269544056099  0.01984933666390
 0.92140094545068  0.01808267138954
 0.92968638871346  0.01642531572927
 0.93754351123930  0.01487291759612
 0.94496448087759  0.01342342520896
 0.95194190024441  0.01207506846256
 0.95846881409639  0.01082197873538
 0.96453871626387  0.00966421178736
 0.97014555613634  0.00860304952228
 0.97528374469389  0.00763866013063
 0.97994816007843  0.00677158491807
 0.98413415269925  0.00600190700156
 0.98783754986789  0.00532986328141
 0.99105465995749  0.00475486319578
 0.99378227608276  0.00427472870535
 0.99601767929663  0.00389195367773
 0.99775864130055  0.00359929952552
 0.99900342666575  0.00338985744949
 0.99975079456309  0.00353599080981
 1.00000000000000  0.00000660023183
</coords>