<reference>
Airfoil "Interp_093103" created on 05-Oct-2021 10:29:55 for blade project BAR3_SNL_1_18_2021_numad
</reference>
<coords>
 1.00000000000000 -0.00000075296716
 0.99565494437128  0.00043072573966
 0.99094408826433  0.00111021743711
 0.98586901716377  0.00158956798109
 0.98043168116220  0.00174008269760
 0.97463439379108  0.00181355892078
 0.96847983048877  0.00195224045457
 0.96197102670706  0.00204277690037
 0.95511137565777  0.00199474165361
 0.94790462570170  0.00188260410510
 0.94035487738215  0.00177329906807
 0.93246658010579  0.00163541037217
 0.92424452847409  0.00145327166143
 0.91569385826876  0.00126283552157
 0.90682004209493  0.00105652059408
 0.89762888468626  0.00082497981458
 0.88812651787650  0.00057601807305
 0.87831939524237  0.00028469269888
 0.86821428642272 -0.00008981764272
 0.85781827111970 -0.00054123851570
 0.84713873278752 -0.00108181673380
 0.83618335201501 -0.00172577143046
 0.82496009960841 -0.00246739010835
 0.81347722938104 -0.00331146340495
 0.80174327065684 -0.00426786809366
 0.78976702049519 -0.00534146140755
 0.77755753564442 -0.00654670232494
 0.76512412423198 -0.00787955018666
 0.75247633719928 -0.00934736387731
 0.73962395948968 -0.01095482760617
 0.72657700099802 -0.01270616659728
 0.71334568729086 -0.01461778159005
 0.69994045010617 -0.01667848046445
 0.68637191764201 -0.01886726044579
 0.67265090464354 -0.02119392283089
 0.65878840229827 -0.02367183008833
 0.64479556794921 -0.02628671449027
 0.63068371463624 -0.02902982846126
 0.61646430047574 -0.03189117051238
 0.60214891788914 -0.03474729081610
 0.58774928269075 -0.03770346510880
 0.57327722304572 -0.04075523404911
 0.55874466830890 -0.04389869763901
 0.54416363775568 -0.04710277676667
 0.52954622921572 -0.05033301169487
 0.51490460762092 -0.05353207451663
 0.50025099347876 -0.05669772338969
 0.48559765128243 -0.05982539809371
 0.47095687786915 -0.06287267714814
 0.45634099073806 -0.06582388894393
 0.44176231633931 -0.06900805846651
 0.42723317834580 -0.07201075570277
 0.41276588591907 -0.07296663378328
 0.39837272198105 -0.07436593518930
 0.38406593150311 -0.07589908833754
 0.36985770982399 -0.07723734037843
 0.35576019100806 -0.07835233097331
 0.34178543625553 -0.07925369739683
 0.32794542237592 -0.07994817584687
 0.31425203033613 -0.08040944751826
 0.30071703389454 -0.08063867429358
 0.28735208833225 -0.08063740733921
 0.27416871929256 -0.08040258833899
 0.26117831173975 -0.07997154766503
 0.24839209904811 -0.07934172094125
 0.23582115223183 -0.07851321222570
 0.22347636932652 -0.07751303017410
 0.21136846493275 -0.07634329987790
 0.19950795993206 -0.07499973706927
 0.18790517138538 -0.07351642690826
 0.17657020262409 -0.07190492807828
 0.16551293354324 -0.07014573229962
 0.15474301110675 -0.06823971152424
 0.14426984007381 -0.06622925796153
 0.13410257395574 -0.06410841365323
 0.12425010621212 -0.06190352081370
 0.11472106169502 -0.05962974427649
 0.10552378834970 -0.05727539464754
 0.09666634918002 -0.05485530244581
 0.08815651448643 -0.05237147722029
 0.08000175438433 -0.04984617157701
 0.07220923161002 -0.04728224574021
 0.06478579462157 -0.04468711430971
 0.05773797100117 -0.04207438391093
 0.05107196116572 -0.03946390870211
 0.04479363239172 -0.03684263007255
 0.03890851316041 -0.03420472177103
 0.03342178782881 -0.03157179203566
 0.02833829163174 -0.02895369110395
 0.02366250602005 -0.02633283181004
 0.01939855433940 -0.02374360010950
 0.01555019785398 -0.02111961967175
 0.01212083211913 -0.01856607905728
 0.00911348370634 -0.01611605206288
 0.00653080728402 -0.01374117377445
 0.00437508305673 -0.01142402452743
 0.00264821456559 -0.00875406987567
 0.00135172685191 -0.00503724477404
 0.00048676498594 -0.00179776645875
 0.00005409296215 -0.00027081485489
 0.00000000000000  0.00000000000000
 0.00021635990256  0.00073712503206
 0.00086524849640  0.00427463799855
 0.00194609262436  0.01055275435514
 0.00345793763894  0.01444774017634
 0.00539944832333  0.01747927617767
 0.00776891017955  0.02081170939362
 0.01056423108245  0.02425946719275
 0.01378294329800  0.02779914021296
 0.01742220586367  0.03138077784983
 0.02147880732883  0.03505327133472
 0.02594916885224  0.03878192326588
 0.03082934765365  0.04253591635262
 0.03611504081614  0.04630189706004
 0.04180158943530  0.05007131279669
 0.04788398311139  0.05383147033866
 0.05435686477972  0.05758828767919
 0.06121453587480  0.06132352147485
 0.06845096182293  0.06502688515162
 0.07605977785787  0.06869109574839
 0.08403429515392  0.07229650443443
 0.09236750727018  0.07584155239493
 0.10105209689982  0.07932358695449
 0.11008044291752  0.08270904676856
 0.11944462771820  0.08599178383030
 0.12913644483985  0.08917434894083
 0.13914740686274  0.09228925578676
 0.14946875357739  0.09517714930183
 0.16009146041320  0.09799301449354
 0.17100624711926  0.10063016848329
 0.18220358668901  0.10309694455480
 0.19367371451971  0.10541832737498
 0.20540663779783  0.10758530164287
 0.21739214510101  0.10948488256332
 0.22961981620713  0.11113883058560
 0.24207903210079  0.11256534763581
 0.25475898516738  0.11381156019470
 0.26764868956458  0.11480435355941
 0.28073699176112  0.11551000359393
 0.29401258123240  0.11599266256603
 0.30746400130234  0.11618237888410
 0.32107966012089  0.11620075474634
 0.33484784176623  0.11599536752546
 0.34875671746078  0.11559329855622
 0.36279435688995  0.11500466660996
 0.37694873961246  0.11432402620399
 0.39120776655098  0.11345883091779
 0.40555927155172  0.11256645056370
 0.41999103300162  0.11226832014125
 0.43449078549170  0.11127257833883
 0.44904623151499  0.10881996093521
 0.46364505318760  0.10688819823638
 0.47827492398135  0.10485938217273
 0.49292352045637  0.10271818083621
 0.50757853398215  0.10044006207496
 0.52222768243547  0.09800468481801
 0.53685872186376  0.09547817708617
 0.55145945810229  0.09289952099328
 0.56601775833383  0.09025101766981
 0.58052156257946  0.08757937221912
 0.59495889510908  0.08481187168844
 0.60931787576054  0.08195999344190
 0.62358673115615  0.07914697832971
 0.63775380580565  0.07641042546348
 0.65180757308467  0.07368729435849
 0.66573664607783  0.07093286793526
 0.67952978827602  0.06818449366394
 0.69317592411715  0.06547058808451
 0.70666414936016  0.06277225216691
 0.71998374128210  0.06009185299704
 0.73312416868822  0.05744928535322
 0.74607510172532  0.05484095686503
 0.75882642148871  0.05226631414056
 0.77136822941344  0.04972879604297
 0.78369085644053  0.04723139032937
 0.79578487194927  0.04475681207259
 0.80764109244689  0.04231211641936
 0.81925059000708  0.03993025419022
 0.83060470044915  0.03759186701004
 0.84169503124980  0.03528997760556
 0.85251346917993  0.03304553071356
 0.86305218765887  0.03084253177557
 0.87330365381901  0.02868676456808
 0.88326063527400  0.02658378495722
 0.89291620658381  0.02453108556600
 0.90226375541056  0.02253995931159
 0.91129698835901  0.02060622417087
 0.92000993649623  0.01872858105806
 0.92839696054501  0.01690875319216
 0.93645275574612  0.01514692044139
 0.94417235638464  0.01344906385341
 0.95155113997622  0.01181192275512
 0.95858483110908  0.01023651631009
 0.96526950493825  0.00873191737148
 0.97160159032875  0.00730808233812
 0.97757787264470  0.00595831913469
 0.98319549618181  0.00465935849752
 0.98845196624104  0.00340180733934
 0.99334515084151  0.00233078858765
 0.99787328207120  0.00107956370463
</coords>