<reference>
Airfoil "Interp_020689" created on 05-Oct-2021 10:29:55 for blade project BAR3_SNL_1_18_2021_numad
</reference>
<coords>
 1.00000000000000  0.00000000000000
 1.00000000000000 -0.00994277154130
 0.98421375798636 -0.01019055391684
 0.96843145023519 -0.01191716502013
 0.95265701002844 -0.01460817596674
 0.93689436868733 -0.01774154560298
 0.92114745459252 -0.02177593949908
 0.90542019220516 -0.02614807547956
 0.88971650108872 -0.03110630968462
 0.87404029493228 -0.03666231268682
 0.85839548057505 -0.04269823152150
 0.84278595703275 -0.04917200239147
 0.82721561452590 -0.05600546559338
 0.81168833351028 -0.06304778162054
 0.79620798370985 -0.07039450357688
 0.78077842315231 -0.07803662729917
 0.76540349720763 -0.08574455375512
 0.75008703762969 -0.09350623830892
 0.73483286160132 -0.10138310266358
 0.71964477078299 -0.10925805886630
 0.70452655036533 -0.11704402097087
 0.68948196812583 -0.12466345868618
 0.67451477348979 -0.13215603278696
 0.65962869659589 -0.13954666468110
 0.64482744736657 -0.14664588143822
 0.63011471458345 -0.15350007089944
 0.61549416496799 -0.16011157160178
 0.60096944226766 -0.16645234669308
 0.58654416634787 -0.17251993735011
 0.57222193228979 -0.17832200037104
 0.55800630949442 -0.18386639731536
 0.54390084079298 -0.18910897418575
 0.52990904156400 -0.19399061430312
 0.51603439885716 -0.19854036711632
 0.50228037052432 -0.20285194049076
 0.48865038435767 -0.20687575567449
 0.47514783723553 -0.21048090800843
 0.46177609427571 -0.21387705708776
 0.44853848799689 -0.21698998019326
 0.43543831748808 -0.21971527052683
 0.42247884758641 -0.22208066387272
 0.40966330806347 -0.22414395372654
 0.39699489282039 -0.22594427263615
 0.38447675909182 -0.22749512642802
 0.37211202665914 -0.22873412474624
 0.35990377707289 -0.22963430022288
 0.34785505288481 -0.23031587291809
 0.33596885688957 -0.23083771643119
 0.32424815137639 -0.23098660985550
 0.31269585739082 -0.23087425856246
 0.30131485400669 -0.23057113204361
 0.29010797760867 -0.23003097861901
 0.27907802118528 -0.22935294778641
 0.26822773363292 -0.22837109457720
 0.25755981907072 -0.22710553189488
 0.24707693616662 -0.22571671710110
 0.23678169747483 -0.22404086425998
 0.22667666878466 -0.22222314012004
 0.21676436848111 -0.22026199857482
 0.20704726691722 -0.21803952868624
 0.19752778579842 -0.21562456355389
 0.18820829757898 -0.21309518943589
 0.17909112487074 -0.21032305819881
 0.17017853986427 -0.20737237466555
 0.16147276376262 -0.20435456889178
 0.15297596622770 -0.20105973558551
 0.14469026483959 -0.19764101455739
 0.13661772456878 -0.19408318114322
 0.12876035726154 -0.19035933118512
 0.12112012113854 -0.18645472748542
 0.11369892030679 -0.18239417345711
 0.10649860428513 -0.17825443728907
 0.09952096754325 -0.17388397334395
 0.09276774905452 -0.16940813895885
 0.08624063186256 -0.16476872660538
 0.07994124266183 -0.15994330799361
 0.07387115139216 -0.15502336732526
 0.06803187084757 -0.14993824911342
 0.06242485629917 -0.14467051328847
 0.05705150513256 -0.13934274708858
 0.05191315649949 -0.13389452706561
 0.04701109098416 -0.12836116940022
 0.04234653028407 -0.12272472612517
 0.03792063690554 -0.11681341387473
 0.03373451387398 -0.11093418054435
 0.02978920445901 -0.10491869208502
 0.02608569191446 -0.09861477400630
 0.02262489923329 -0.09221122716038
 0.01940768891760 -0.08583138661319
 0.01643486276363 -0.07930028618563
 0.01370716166200 -0.07274356178554
 0.01122526541300 -0.06626213596166
 0.00898979255721 -0.05961416140154
 0.00700130022133 -0.05278121472024
 0.00526028397934 -0.04556884921983
 0.00376717772899 -0.03772995953751
 0.00252235358366 -0.02933637433434
 0.00152612177962 -0.02112643245930
 0.00077873059872 -0.01341287836401
 0.00028036630652 -0.00523021501234
 0.00003115310584 -0.00158302962837
 0.00000000000000  0.00000000000000
 0.00003115310584  0.00197940450665
 0.00028036630652  0.00677496909674
 0.00077873059872  0.01443935719812
 0.00152612177962  0.02178984426213
 0.00252235358366  0.02963785896498
 0.00376717772899  0.03911121416727
 0.00526028397934  0.04786490517719
 0.00700130022133  0.05571595493356
 0.00898979255721  0.06295357828481
 0.01122526541300  0.06977360560135
 0.01370716166200  0.07644411221544
 0.01643486276363  0.08320353203993
 0.01940768891760  0.08989816235906
 0.02262489923329  0.09649552059582
 0.02608569191446  0.10319498840367
 0.02978920445901  0.10965262138072
 0.03373451387398  0.11596564583776
 0.03792063690554  0.12217370983608
 0.04234653028407  0.12831384523012
 0.04701109098416  0.13435589382707
 0.05191315649949  0.14018795711407
 0.05705150513256  0.14592694317680
 0.06242485629917  0.15157272380363
 0.06803187084757  0.15706551474285
 0.07387115139216  0.16240036804229
 0.07994124266183  0.16756291356199
 0.08624063186256  0.17255435183408
 0.09276774905452  0.17734241279123
 0.09952096754325  0.18197675377922
 0.10649860428513  0.18652051913920
 0.11369892030679  0.19075978282955
 0.12112012113854  0.19494335131769
 0.12876035726154  0.19892426661277
 0.13661772456878  0.20272400313666
 0.14469026483959  0.20635088225847
 0.15297596622770  0.20976963188854
 0.16147276376262  0.21302624094794
 0.17017853986427  0.21611210315700
 0.17909112487074  0.21898462275773
 0.18820829757898  0.22165598637685
 0.19752778579842  0.22409450627404
 0.20704726691722  0.22628256870463
 0.21676436848111  0.22827761530628
 0.22667666878466  0.23007248416338
 0.23678169747483  0.23166382136936
 0.24707693616662  0.23302869352959
 0.25755981907072  0.23418306956361
 0.26822773363292  0.23514539791149
 0.27907802118528  0.23583165817291
 0.29010797760867  0.23633908284896
 0.30131485400669  0.23667044873667
 0.31269585739082  0.23673218898981
 0.32424815137639  0.23656615079805
 0.33596885688957  0.23612107793299
 0.34785505288481  0.23551319740612
 0.35990377707289  0.23480512103259
 0.37211202665914  0.23368789381826
 0.38447675909182  0.23238053619810
 0.39699489282039  0.23095495376397
 0.40966330806347  0.22926155249590
 0.42247884758641  0.22737061159790
 0.43543831748808  0.22525544524878
 0.44853848799689  0.22296127688533
 0.46177609427571  0.22047507468053
 0.47514783723553  0.21778835399842
 0.48865038435767  0.21486243468161
 0.50228037052432  0.21171415863675
 0.51603439885716  0.20838897511656
 0.52990904156400  0.20482748633187
 0.54390084079298  0.20103355412306
 0.55800630949442  0.19710055076402
 0.57222193228979  0.19306639337285
 0.58654416634787  0.18873430207344
 0.60096944226766  0.18424764068757
 0.61549416496799  0.17968160374025
 0.63011471458345  0.17490762904222
 0.64482744736657  0.16987951898037
 0.65962869659589  0.16474637952860
 0.67451477348979  0.15948877551026
 0.68948196812583  0.15399189101309
 0.70452655036533  0.14827313581809
 0.71964477078299  0.14246757389884
 0.73483286160132  0.13653049869493
 0.75008703762969  0.13038017185685
 0.76540349720763  0.12409080887666
 0.78077842315231  0.11763198422197
 0.79620798370985  0.11095115120652
 0.81168833351028  0.10419995444838
 0.82721561452590  0.09729679010904
 0.84278595703275  0.09025666405828
 0.85839548057505  0.08295628233017
 0.87404029493228  0.07557105906100
 0.88971650108872  0.06811990957342
 0.90542019220516  0.06057185491841
 0.92114745459252  0.05289286171575
 0.93689436868733  0.04520784774706
 0.95265701002844  0.03742401502139
 0.96843145023519  0.02940155423528
 0.98421375798636  0.02128456272769
 1.00000000000000  0.00994277154130
</coords>