<reference>
Airfoil "Interp_096551" created on 05-Oct-2021 10:32:31 for blade project BAR3_HeavyTow_SNL_1_25_2021_numad
</reference>
<coords>
 1.00000000000000 -0.00000020813211
 0.99045074410720  0.00132323226171
 0.98070386729119  0.00279118307499
 0.97076202296846  0.00354377711913
 0.96062806242403  0.00366021917679
 0.95030503372846  0.00358027812865
 0.93979618045741  0.00351950678485
 0.92910494021450  0.00333753983172
 0.91823494295868  0.00278677450930
 0.90719000913710  0.00204099558464
 0.89597414762513  0.00126985259577
 0.88459155347498  0.00039946167149
 0.87304660547485 -0.00060051173036
 0.86134386352053 -0.00164192534395
 0.84948806580168 -0.00273992026949
 0.83748412580513 -0.00391368319768
 0.82533712913781 -0.00512500667543
 0.81305233017195 -0.00638129832705
 0.80063514851563 -0.00771953225625
 0.78809116531157 -0.00911321353425
 0.77542611936759 -0.01056066871191
 0.76264590312211 -0.01207349242095
 0.74975655844826 -0.01364067805691
 0.73676427230044 -0.01524715916418
 0.72367537220717 -0.01690543597201
 0.71049632161444 -0.01861473955272
 0.69723371508357 -0.02037271860594
 0.68389427334818 -0.02217415503620
 0.67048483823473 -0.02402847369331
 0.65701236745115 -0.02592491911568
 0.64348392924856 -0.02785977801934
 0.62990669696090 -0.02984897919001
 0.61628794342746 -0.03187988011185
 0.60263503530361 -0.03392610445657
 0.58895542726494 -0.03599674999938
 0.57525665611014 -0.03811254726903
 0.56154633476832 -0.04024757748154
 0.54783214621605 -0.04238862094765
 0.53412183731018 -0.04454456256525
 0.52042321254183 -0.04667649611910
 0.50674412771778 -0.04879069419413
 0.49309248357487 -0.05089020795053
 0.47947621933368 -0.05300256226850
 0.46590330619732 -0.05510694045629
 0.45238174080171 -0.05713577910854
 0.43891953862329 -0.05905956941965
 0.42552472735056 -0.06091729672273
 0.41220534022562 -0.06272458309273
 0.39896940936210 -0.06444801055479
 0.38582495904568 -0.06606611068719
 0.37277999902370 -0.06803387493010
 0.35984251779013 -0.06997000796908
 0.34702047587231 -0.06999552129041
 0.33432179912585 -0.07049940750564
 0.32175437204399 -0.07121438809545
 0.30932603108798 -0.07174575580344
 0.29704455804455 -0.07209495483952
 0.28491767341711 -0.07229002783308
 0.27295302985666 -0.07234830054892
 0.26115820563899 -0.07225396995392
 0.24954069819416 -0.07198735858964
 0.23810791769457 -0.07155468911005
 0.22686718070769 -0.07096532788017
 0.21582570391953 -0.07024943203682
 0.20499059793487 -0.06941071872406
 0.19436886116016 -0.06843791179896
 0.18396737377496 -0.06734560167866
 0.17379289179772 -0.06613947063200
 0.16385204125146 -0.06482024774764
 0.15415131243515 -0.06341381206282
 0.14469705430609 -0.06192763791034
 0.13549546897879 -0.06033852035197
 0.12655260634557 -0.05863690013679
 0.11787435882410 -0.05685679120661
 0.10946645623682 -0.05500532159234
 0.10133446082731 -0.05309987011435
 0.09348376241822 -0.05114520922358
 0.08591957371556 -0.04913274874390
 0.07864692576382 -0.04706939292260
 0.07167066355618 -0.04495953250460
 0.06499544180421 -0.04281982942346
 0.05862572087099 -0.04065015029820
 0.05256576287165 -0.03845554679539
 0.04681962794499 -0.03624476897939
 0.04139117069984 -0.03403230978703
 0.03628403683959 -0.03180011685484
 0.03150165996803 -0.02953753383640
 0.02704725857975 -0.02725991453360
 0.02292383323776 -0.02497912188482
 0.01913416394134 -0.02263760639275
 0.01568080768637 -0.02030997676803
 0.01256609622069 -0.01795971348810
 0.00979213399656 -0.01566932208077
 0.00736079632217 -0.01356396963578
 0.00527372771410 -0.01146973443832
 0.00353234045219 -0.00931347487657
 0.00213781333825 -0.00689895963885
 0.00109109065984 -0.00389207731940
 0.00039288136008 -0.00141811886922
 0.00004365841435 -0.00024717119799
 0.00000000000000  0.00000000000000
 0.00017462626229  0.00057617671832
 0.00069838674028  0.00426271365389
 0.00157092661146  0.01162268513449
 0.00279165485159  0.01554975314246
 0.00435974475448  0.01808088751495
 0.00627413465876  0.02092002183545
 0.00853352888125  0.02395897052445
 0.01113639885582  0.02706211924943
 0.01408098447673  0.03019055769898
 0.01736529564522  0.03339213563082
 0.02098711401770  0.03663973928374
 0.02494399495401  0.03991288673109
 0.02923326966374  0.04321193301963
 0.03385204754869  0.04653809482051
 0.03879721873910  0.04987744934775
 0.04406545682122  0.05322740141309
 0.04965322175364  0.05657461459065
 0.05555676296959  0.05991384316852
 0.06177212266209  0.06324373719037
 0.06829513924898  0.06654324942766
 0.07512145101433  0.06980039553962
 0.08224649992282  0.07301523117251
 0.08966553560340  0.07617016080148
 0.09737361949840  0.07926681269524
 0.10536562917406  0.08230535363484
 0.11363626278839  0.08529570546050
 0.12218004371206  0.08813043035424
 0.13099132529784  0.09089585513478
 0.14006429579405  0.09355065887683
 0.14939298339728  0.09610659669527
 0.15897126143948  0.09857252929494
 0.16879285370461  0.10093760379918
 0.17885133986948  0.10312689066463
 0.18914016106382  0.10514661979294
 0.19965262554409  0.10700508800982
 0.21038191447562  0.10874297352910
 0.22132108781759  0.11031336465720
 0.23246309030516  0.11168961496815
 0.24380075752297  0.11290254332714
 0.25532682206438  0.11390255646139
 0.26703391977034  0.11476578460582
 0.27891459604201  0.11547174142147
 0.29096131222118  0.11603102183279
 0.30316645203221  0.11643304756147
 0.31552232807952  0.11672265191924
 0.32802118839427  0.11684051039970
 0.34065522302412  0.11689649218631
 0.35341657065967  0.11763150140664
 0.36629732529131  0.11761225575879
 0.37928954289019  0.11619821489095
 0.39238524810687  0.11548482450274
 0.40557644098126  0.11473210824059
 0.41885510365763  0.11385455289634
 0.43221320709804  0.11277051697209
 0.44564271778814  0.11144825986702
 0.45913560442870  0.11001119450689
 0.47268384460667  0.10854434111382
 0.48627943143943  0.10702062564849
 0.49991438018593  0.10544366226954
 0.51358073481850  0.10368118371538
 0.52727057454908  0.10171587031647
 0.54097602030372  0.09969567605541
 0.55468924113931  0.09767117410605
 0.56840246059643  0.09557352358741
 0.58210796298243  0.09334943134350
 0.59579809957870  0.09106960234223
 0.60946529476646  0.08875143543191
 0.62310205206535  0.08636195696844
 0.63670096007893  0.08390181363788
 0.65025469834194  0.08140912032241
 0.66375604306346  0.07886698670365
 0.67719787276099  0.07626809339679
 0.69057317377996  0.07362563511296
 0.70387504569372  0.07094998115510
 0.71709670657893  0.06821299508372
 0.73023149816160  0.06542760120785
 0.74327289082892  0.06262991208231
 0.75621448850235  0.05980777744542
 0.76905003336759  0.05694831034932
 0.78177341045699  0.05407725166686
 0.79437865208037  0.05118277969816
 0.80685994210011  0.04826463491787
 0.81921162004686  0.04533773979590
 0.83142818507197  0.04241245935719
 0.84350429973330  0.03948706224451
 0.85543479361092  0.03656732617953
 0.86721466674965  0.03366798775251
 0.87883909292531  0.03078634974962
 0.89030342273199  0.02792367296785
 0.90160318648749  0.02509558311511
 0.91273409695473  0.02229383419935
 0.92369205187662  0.01952271307322
 0.93447313632239  0.01680702818545
 0.94507362484352  0.01417009816980
 0.95548998343746  0.01159552670588
 0.96571887131766  0.00903300481405
 0.97575714248867  0.00646115490871
 0.98560184712494  0.00408183103168
 0.99525023275274  0.00142852409850
</coords>