<reference>
Airfoil "Interp_037931" created on 05-Oct-2021 10:32:31 for blade project BAR3_HeavyTow_SNL_1_25_2021_numad
</reference>
<coords>
 1.00000000000000  0.00000000000000
 1.00000000000000 -0.00789624335617
 0.98421375798636 -0.00374864301743
 0.96843145023519 -0.00255746021590
 0.95265701002844 -0.00190470205462
 0.93689436868733 -0.00150968211226
 0.92114745459252 -0.00173266525742
 0.90542019220516 -0.00183521050511
 0.88971650108872 -0.00259654396881
 0.87404029493228 -0.00396300596400
 0.85839548057505 -0.00592107810561
 0.84278595703275 -0.00842390476433
 0.82721561452590 -0.01143333025437
 0.81168833351028 -0.01489932499612
 0.79620798370985 -0.01878128014363
 0.78077842315231 -0.02305945200771
 0.76540349720763 -0.02771870069225
 0.75008703762969 -0.03272401925170
 0.73483286160132 -0.03802972377553
 0.71964477078299 -0.04359163152501
 0.70452655036533 -0.04936201354446
 0.68948196812583 -0.05525740577805
 0.67451477348979 -0.06128644371837
 0.65962869659589 -0.06739558456524
 0.64482744736657 -0.07356873329765
 0.63011471458345 -0.07970087542548
 0.61549416496799 -0.08578148664697
 0.60096944226766 -0.09176485652555
 0.58654416634787 -0.09761545342697
 0.57222193228979 -0.10331318547312
 0.55800630949442 -0.10883961989036
 0.54390084079298 -0.11416771836860
 0.52990904156400 -0.11927383234883
 0.51603439885716 -0.12415245458345
 0.50228037052432 -0.12879337573905
 0.48865038435767 -0.13318443960474
 0.47514783723553 -0.13731780128890
 0.46177609427571 -0.14118381799413
 0.44853848799689 -0.14477710894043
 0.43543831748808 -0.14809180671293
 0.42247884758641 -0.15119692285121
 0.40966330806347 -0.15400764504798
 0.39699489282039 -0.15651503448038
 0.38447675909182 -0.15872635840329
 0.37211202665914 -0.16067557844400
 0.35990377707289 -0.16235877480993
 0.34785505288481 -0.16375655754688
 0.33596885688957 -0.16489266702404
 0.32424815137639 -0.16578412682327
 0.31269585739082 -0.16642617066702
 0.30131485400669 -0.16682372062000
 0.29010797760867 -0.16697676855341
 0.27907802118528 -0.16688168883320
 0.26822773363292 -0.16656646300883
 0.25755981907072 -0.16603068540159
 0.24707693616662 -0.16526792361651
 0.23678169747483 -0.16429832504483
 0.22667666878466 -0.16311156684559
 0.21676436848111 -0.16171548340171
 0.20704726691722 -0.16013220929096
 0.19752778579842 -0.15836334433625
 0.18820829757898 -0.15639956191804
 0.17909112487074 -0.15426455111229
 0.17017853986427 -0.15196450580536
 0.16147276376262 -0.14948677569270
 0.15297596622770 -0.14686378185052
 0.14469026483959 -0.14409048018722
 0.13661772456878 -0.14117196397798
 0.12876035726154 -0.13811788703444
 0.12112012113854 -0.13493886176612
 0.11369892030679 -0.13164411005409
 0.10649860428513 -0.12824424651079
 0.09952096754325 -0.12473680316448
 0.09276774905452 -0.12113940742451
 0.08624063186256 -0.11746140055219
 0.07994124266183 -0.11378796788458
 0.07387115139216 -0.11003744867627
 0.06803187084757 -0.10620008884691
 0.06242485629917 -0.10228005409931
 0.05705150513256 -0.09826740413883
 0.05191315649949 -0.09418672513708
 0.04701109098416 -0.09003198462422
 0.04234653028407 -0.08581094976087
 0.03792063690554 -0.08156785459199
 0.03373451387398 -0.07725175380432
 0.02978920445901 -0.07288425922591
 0.02608569191446 -0.06846682608384
 0.02262489923329 -0.06399316137309
 0.01940768891760 -0.05942978409616
 0.01643486276363 -0.05482903213300
 0.01370716166200 -0.05022693145943
 0.01122526541300 -0.04562419022082
 0.00898979255721 -0.04108187917769
 0.00700130022133 -0.03650596798151
 0.00526028397934 -0.03189753563726
 0.00376717772899 -0.02702372662067
 0.00252235358366 -0.02172364958133
 0.00152612177962 -0.01649972407855
 0.00077873059872 -0.01104930874236
 0.00028036630652 -0.00421366208561
 0.00003115310584 -0.00063044171805
 0.00000000000000  0.00000000000000
 0.00003115310584  0.00056937852349
 0.00028036630652  0.00384294822598
 0.00077873059872  0.01010482980802
 0.00152612177962  0.01553971563814
 0.00252235358366  0.02094397839817
 0.00376717772899  0.02727264451278
 0.00526028397934  0.03289904532385
 0.00700130022133  0.03799922379611
 0.00898979255721  0.04281753200621
 0.01122526541300  0.04760078873181
 0.01370716166200  0.05245048621218
 0.01643486276363  0.05728858730734
 0.01940768891760  0.06212693349893
 0.02262489923329  0.06690533151816
 0.02608569191446  0.07160309224872
 0.02978920445901  0.07625752436730
 0.03373451387398  0.08086412627724
 0.03792063690554  0.08540923562032
 0.04234653028407  0.08989574058522
 0.04701109098416  0.09429787532426
 0.05191315649949  0.09862594896701
 0.05705150513256  0.10286006797913
 0.06242485629917  0.10698888882421
 0.06803187084757  0.11101637074186
 0.07387115139216  0.11492792089524
 0.07994124266183  0.11872826430830
 0.08624063186256  0.12245059960939
 0.09276774905452  0.12615631377522
 0.09952096754325  0.12973219757495
 0.10649860428513  0.13316828535866
 0.11369892030679  0.13648404750652
 0.12112012113854  0.13965259663782
 0.12876035726154  0.14267705289411
 0.13661772456878  0.14554864676684
 0.14469026483959  0.14825466993415
 0.15297596622770  0.15079381058806
 0.16147276376262  0.15315886496682
 0.17017853986427  0.15532770862881
 0.17909112487074  0.15732429028047
 0.18820829757898  0.15912705723976
 0.19752778579842  0.16073512501710
 0.20704726691722  0.16215901767480
 0.21676436848111  0.16338284016237
 0.22667666878466  0.16441092322465
 0.23678169747483  0.16525221876887
 0.24707693616662  0.16591209923295
 0.25755981907072  0.16637866024207
 0.26822773363292  0.16665878557145
 0.27907802118528  0.16675369040849
 0.29010797760867  0.16666049095843
 0.30131485400669  0.16638935403328
 0.31269585739082  0.16593657391928
 0.32424815137639  0.16530941019758
 0.33596885688957  0.16451164152798
 0.34785505288481  0.16353105366385
 0.35990377707289  0.16238037909426
 0.37211202665914  0.16108242912719
 0.38447675909182  0.15962138557740
 0.39699489282039  0.15798837665764
 0.40966330806347  0.15620551572750
 0.42247884758641  0.15429303390003
 0.43543831748808  0.15223827146168
 0.44853848799689  0.14995974731254
 0.46177609427571  0.14754410734980
 0.47514783723553  0.14498341014869
 0.48865038435767  0.14228991977814
 0.50228037052432  0.13947334500229
 0.51603439885716  0.13653345276970
 0.52990904156400  0.13348122940716
 0.54390084079298  0.13032922425029
 0.55800630949442  0.12707794725935
 0.57222193228979  0.12372390721139
 0.58654416634787  0.12027861599649
 0.60096944226766  0.11675159250174
 0.61549416496799  0.11314556751994
 0.63011471458345  0.10946581060511
 0.64482744736657  0.10571905937086
 0.65962869659589  0.10193616577566
 0.67451477348979  0.09805209501055
 0.68948196812583  0.09410015089530
 0.70452655036533  0.09009310154121
 0.71964477078299  0.08608487130815
 0.73483286160132  0.08203209818188
 0.75008703762969  0.07794631830010
 0.76540349720763  0.07382686238768
 0.78077842315231  0.06967921984577
 0.79620798370985  0.06552193647238
 0.81168833351028  0.06135088467095
 0.82721561452590  0.05716175284137
 0.84278595703275  0.05296639453885
 0.85839548057505  0.04875967435776
 0.87404029493228  0.04455298500664
 0.88971650108872  0.04034116852021
 0.90542019220516  0.03614971220153
 0.92114745459252  0.03195083540750
 0.93689436868733  0.02801827030922
 0.95265701002844  0.02406342116246
 0.96843145023519  0.02010920785366
 0.98421375798636  0.01579101886882
 1.00000000000000  0.00789624335617
</coords>