<reference>
Airfoil "Interp_072413" created on 05-Oct-2021 10:32:31 for blade project BAR3_HeavyTow_SNL_1_25_2021_numad
</reference>
<coords>
 1.00000000000000  0.00000000000000
 1.00000000000000 -0.00052498441629
 0.99888444138266  0.00129502808430
 0.99729871747736 -0.00381248035378
 0.99524375105734 -0.00351821219632
 0.99272093297496 -0.00318097752647
 0.98973212093913 -0.00280261873978
 0.98627963782728 -0.00242055635138
 0.98236626953349 -0.00199333856543
 0.97799526235480 -0.00153895750250
 0.97317031991840 -0.00105959747541
 0.96789559965263 -0.00056211901784
 0.96217570880532 -0.00005632684322
 0.95601570001333  0.00044696308525
 0.94942106642775  0.00093618786317
 0.94239773639952  0.00140124374600
 0.93495206773075  0.00183432624104
 0.92709084149742  0.00219182702385
 0.91882125544959  0.00244682997137
 0.91015091699566  0.00259166082209
 0.90108783577760  0.00259213973787
 0.89164041584459  0.00239110468353
 0.88181744743270  0.00195190616449
 0.87162809835894  0.00121456159639
 0.86108190503803  0.00046580501043
 0.85018876313101 -0.00034910282684
 0.83895891783473 -0.00134792629494
 0.82740295382211 -0.00255477506995
 0.81553178484303 -0.00398357066855
 0.80335664299609 -0.00564132194780
 0.79088906768216 -0.00754591624039
 0.77814089425037 -0.00973362211766
 0.76512424234814 -0.01222504468863
 0.75185150398656 -0.01503004446543
 0.73833533133311 -0.01815011875219
 0.72458862424389 -0.02157822875686
 0.71062451754761 -0.02528630978067
 0.69645636809418 -0.02926056949221
 0.68209774158050 -0.03348385860564
 0.66756239916689 -0.03796591261773
 0.65286428389713 -0.04286398764363
 0.63801750693586 -0.04792036290361
 0.62303633363690 -0.05308866588359
 0.60793516945636 -0.05831646712690
 0.59272854572462 -0.06355489073947
 0.57743110529118 -0.06876258132035
 0.56205758805689 -0.07389643624832
 0.54662281640763 -0.07890933434825
 0.53114168056429 -0.08376045495706
 0.51562912386334 -0.08841317549136
 0.50010012798272 -0.09282384775502
 0.48456969812786 -0.09698254043755
 0.46905284819235 -0.10085185197639
 0.45356458590821 -0.10440003099169
 0.43811989800047 -0.10761345722512
 0.42273373536077 -0.11048182515397
 0.40742099825483 -0.11301294756731
 0.39219652157847 -0.11518032976492
 0.37707506017679 -0.11700476304057
 0.36207127424122 -0.11847125074363
 0.34719971479888 -0.11958195980619
 0.33247480930881 -0.12034199792121
 0.31791084737920 -0.12076609922253
 0.30352196662004 -0.12084940143287
 0.28932213864519 -0.12060435088510
 0.27532515523772 -0.12003759807940
 0.26154461469246 -0.11915271836521
 0.24799390834915 -0.11797750072924
 0.23468620732976 -0.11650802063884
 0.22163444949312 -0.11477076318206
 0.20885132661975 -0.11276322159956
 0.19634927183989 -0.11050413443297
 0.18414044731688 -0.10800404621246
 0.17223673219854 -0.10528111560662
 0.16064971084822 -0.10235181890544
 0.14939066136742 -0.09934919575477
 0.13847054442139 -0.09618719407370
 0.12789999237866 -0.09285172688790
 0.11768929877563 -0.08934526492097
 0.10784840811632 -0.08568796970848
 0.09838690601780 -0.08189625777923
 0.08931400971081 -0.07798880274474
 0.08063855890522 -0.07398913913996
 0.07236900702938 -0.06990293322365
 0.06451341285195 -0.06575985797678
 0.05707943249481 -0.06155943250039
 0.05007431184468 -0.05733765219186
 0.04350487937130 -0.05311142394254
 0.03737753935913 -0.04888816332367
 0.03169826555939 -0.04467787629354
 0.02647259526866 -0.04047858301038
 0.02170562384014 -0.03631935219845
 0.01740199963280 -0.03231947280353
 0.01356591940355 -0.02836880070475
 0.01020112414711 -0.02444796555550
 0.00731089538750 -0.02052146888417
 0.00489805192507 -0.01697377421180
 0.00296494704217 -0.01340765083670
 0.00151346617027 -0.00914352935920
 0.00054502502086 -0.00355985580530
 0.00006056818202 -0.00038008791860
 0.00000000000000  0.00000000000000
 0.00006056818202  0.00056299127791
 0.00054502502086  0.00436684098789
 0.00151346617027  0.01108775695636
 0.00296494704217  0.01602970229424
 0.00489805192507  0.02053194238039
 0.00731089538750  0.02516135811694
 0.01020112414711  0.02970434179178
 0.01356591940355  0.03437504269990
 0.01740199963280  0.03906648237376
 0.02170562384014  0.04376713198455
 0.02647259526866  0.04836161517968
 0.03169826555939  0.05291940721665
 0.03737753935913  0.05748181239383
 0.04350487937130  0.06200966569859
 0.05007431184468  0.06648300846695
 0.05707943249481  0.07088852237798
 0.06451341285195  0.07522967972186
 0.07236900702938  0.07948177925650
 0.08063855890522  0.08363102567886
 0.08931400971081  0.08766558210237
 0.09838690601780  0.09156930731464
 0.10784840811632  0.09532441329134
 0.11768929877563  0.09892222062500
 0.12789999237866  0.10235266853141
 0.13847054442139  0.10559786458559
 0.14939066136742  0.10863881516172
 0.16064971084822  0.11151205957616
 0.17223673219854  0.11430822690247
 0.18414044731688  0.11688791580418
 0.19634927183989  0.11923605520995
 0.20885132661975  0.12134124850834
 0.22163444949312  0.12320257125087
 0.23468620732976  0.12480665219948
 0.24799390834915  0.12614582955326
 0.26154461469246  0.12722055892844
 0.27532515523772  0.12800539347024
 0.28932213864519  0.12851039695810
 0.30352196662004  0.12874304088251
 0.31791084737920  0.12868305198498
 0.33247480930881  0.12836523465894
 0.34719971479888  0.12778182452599
 0.36207127424122  0.12694919979946
 0.37707506017679  0.12587871169404
 0.39219652157847  0.12458919153376
 0.40742099825483  0.12308989452864
 0.42273373536077  0.12138624516398
 0.43811989800047  0.11950575323499
 0.45356458590821  0.11745044449341
 0.46905284819235  0.11524868771291
 0.48456969812786  0.11288975549999
 0.50010012798272  0.11039866464760
 0.51562912386334  0.10779765036180
 0.53114168056429  0.10509901295835
 0.54662281640763  0.10230914319740
 0.56205758805689  0.09943652675028
 0.57743110529118  0.09650110109394
 0.59272854572462  0.09351698647840
 0.60793516945636  0.09049226214443
 0.62303633363690  0.08744017995121
 0.63801750693586  0.08437334033886
 0.65286428389713  0.08130237580333
 0.66756239916689  0.07823684468283
 0.68209774158050  0.07497867504114
 0.69645636809418  0.07171519197586
 0.71062451754761  0.06847050757769
 0.72458862424389  0.06526184906764
 0.73833533133311  0.06210921645526
 0.75185150398656  0.05901937404598
 0.76512424234814  0.05600023204997
 0.77814089425037  0.05305631505005
 0.79088906768216  0.05018670481499
 0.80335664299609  0.04740313103261
 0.81553178484303  0.04469922299417
 0.82740295382211  0.04207249049415
 0.83895891783473  0.03953454823060
 0.85018876313101  0.03708608608947
 0.86108190503803  0.03471777819464
 0.87162809835894  0.03256443645897
 0.88181744743270  0.03070052606457
 0.89164041584459  0.02877623723122
 0.90108783577760  0.02686838627140
 0.91015091699566  0.02500953322261
 0.91882125544959  0.02320364453421
 0.92709084149742  0.02147213037584
 0.93495206773075  0.01981729611206
 0.94239773639952  0.01823012473008
 0.94942106642775  0.01671957084011
 0.95601570001333  0.01528867013525
 0.96217570880532  0.01393883006489
 0.96789559965263  0.01267412769913
 0.97317031991840  0.01149572631222
 0.97799526235480  0.01040684124938
 0.98236626953349  0.00940867848069
 0.98627963782728  0.00850251304866
 0.98973212093913  0.00769520204105
 0.99272093297496  0.00697090883002
 0.99524375105734  0.00635806151111
 0.99729871747736  0.00587677262876
 0.99888444138266  0.00511200394072
 1.00000000000000  0.00052498441629
</coords>