<reference>
Airfoil "Interp_048275" created on 05-Oct-2021 10:32:31 for blade project BAR3_HeavyTow_SNL_1_25_2021_numad
</reference>
<coords>
 1.00000000000000  0.00000000000000
 1.00000000000000 -0.00910171266414
 0.98421382757437 -0.00593735814422
 0.96843158716239 -0.00342321672041
 0.95265721203175 -0.00152674791201
 0.93689463349159 -0.00024401848855
 0.92114777991277  0.00038352273468
 0.90542057574883  0.00043433316443
 0.88971694055789 -0.00004369941639
 0.87404078802582 -0.00109871140848
 0.85839602499090 -0.00266430052445
 0.84278655047006 -0.00470506856043
 0.82721625468724 -0.00719121821071
 0.81168901810376 -0.01010534263956
 0.79620871045128 -0.01342154104526
 0.78077918976733 -0.01714555149036
 0.76540430143380 -0.02127738953744
 0.75008787721855 -0.02575675506886
 0.73483373432045 -0.03052409763215
 0.71964567441802 -0.03555046957848
 0.70452748272193 -0.04080987266385
 0.68948292703167 -0.04626488738777
 0.67451575679643 -0.05187117863479
 0.65962970218069 -0.05758172026570
 0.64482847313455 -0.06334748924328
 0.63011575846904 -0.06913111857303
 0.61549522493683 -0.07489454629778
 0.60097051631833 -0.08059507389951
 0.58654525251352 -0.08619065864491
 0.57222302863983 -0.09165149742182
 0.55800741413604 -0.09695506680283
 0.54390195187272 -0.10207289275682
 0.52991015726918 -0.10697661466113
 0.51603551741738 -0.11165673302845
 0.50228149021277 -0.11610195927135
 0.48865150349248 -0.12029945034691
 0.47514895418100 -0.12423780557966
 0.46177720744356 -0.12790897259590
 0.44853959584736 -0.13131126869257
 0.43543941853105 -0.13444672284923
 0.42247994038239 -0.13731794245204
 0.40966439122461 -0.13992578699051
 0.39699596501133 -0.14226554331298
 0.38447781903058 -0.14433997478938
 0.37211307311785 -0.14616453969439
 0.35990480887852 -0.14773166193693
 0.34785606891983 -0.14904607512861
 0.33596985609249 -0.15011859645803
 0.32424913274232 -0.15094511126150
 0.31269681997188 -0.15154258188299
 0.30131579691243 -0.15191397926095
 0.29010890000632 -0.15205550589739
 0.27907892230009 -0.15198514248442
 0.26822861274825 -0.15169171092790
 0.25756067552819 -0.15118457741814
 0.24707776936618 -0.15048384211535
 0.23678250687470 -0.14958059187814
 0.22667745390126 -0.14847838291663
 0.21676512888890 -0.14718647339404
 0.20704800224848 -0.14571086983879
 0.19752849574296 -0.14405322523030
 0.18820898188380 -0.14221786839160
 0.17909178333959 -0.14021296424931
 0.17017917235721 -0.13804070870272
 0.16147337019541 -0.13570129399675
 0.15297654657125 -0.13320361772775
 0.14469081911926 -0.13056309380930
 0.13661825286365 -0.12778058518464
 0.12876085970364 -0.12485751599664
 0.12112059791197 -0.12180613907011
 0.11369937164681 -0.11863730153165
 0.10649903047721 -0.11535136745489
 0.09952136892204 -0.11195483153754
 0.09276812600276 -0.10846382071691
 0.08624098480997 -0.10488538140030
 0.07994157208389 -0.10121941443691
 0.07387145780891 -0.09748432012143
 0.06803215482230 -0.09368771981120
 0.06242511843710 -0.08982866854236
 0.05705174607944 -0.08592345563246
 0.05191337694019 -0.08198198092933
 0.04701129164120 -0.07800100982821
 0.04234671191610 -0.07398921438016
 0.03792080030580 -0.06996073631147
 0.03373465986870 -0.06592194959585
 0.02978933390579 -0.06188454654771
 0.02608580570059 -0.05784216281632
 0.02262499827409 -0.05380511074674
 0.01940777415467 -0.04976334675293
 0.01643493516311 -0.04574306339427
 0.01370722221276 -0.04172675645011
 0.01122531512488 -0.03773255302418
 0.00898983245915 -0.03376251456858
 0.00700133135954 -0.02977888692570
 0.00526030741542 -0.02585174973795
 0.00376719453804 -0.02185408288808
 0.00252236485240 -0.01812425396676
 0.00152612860446 -0.01427507976069
 0.00077873408382 -0.00974938534228
 0.00028036756189 -0.00369681176802
 0.00003115324537 -0.00055526174630
 0.00000000000000  0.00000000000000
 0.00003115324537  0.00053688289931
 0.00028036756189  0.00375964322410
 0.00077873408382  0.00998829025156
 0.00152612860446  0.01472912656818
 0.00252236485240  0.01880490390831
 0.00376719453804  0.02287883975935
 0.00526030741542  0.02710312892067
 0.00700133135954  0.03125742290744
 0.00898983245915  0.03549016666552
 0.01122531512488  0.03968774855649
 0.01370722221276  0.04392058260153
 0.01643493516311  0.04813969671438
 0.01940777415467  0.05235964751107
 0.02262499827409  0.05656098568955
 0.02608580570059  0.06073846317134
 0.02978933390579  0.06488482162092
 0.03373465986870  0.06900274871541
 0.03792080030580  0.07308890359186
 0.04234671191610  0.07713766130482
 0.04701129164120  0.08114309561721
 0.05191337694019  0.08509861097796
 0.05705174607944  0.08899292468030
 0.06242511843710  0.09281542174206
 0.06803215482230  0.09656691323883
 0.07387145780891  0.10024288032941
 0.07994157208389  0.10383764826222
 0.08624098480997  0.10733706006538
 0.09276812600276  0.11073143352289
 0.09952136892204  0.11402411159129
 0.10649903047721  0.11719863834844
 0.11369937164681  0.12024499409539
 0.12112059791197  0.12317133524978
 0.12876085970364  0.12595964516575
 0.13661825286365  0.12861127333415
 0.14469081911926  0.13111807450917
 0.15297654657125  0.13347368035563
 0.16147337019541  0.13567711804107
 0.17017917235721  0.13771850101281
 0.17909178333959  0.13959526830219
 0.18820898188380  0.14129874397649
 0.19752849574296  0.14283133536991
 0.20704800224848  0.14419239055136
 0.21676512888890  0.14537497859343
 0.22667745390126  0.14638292851864
 0.23678250687470  0.14722098390217
 0.24707776936618  0.14788967660206
 0.25756067552819  0.14838918392377
 0.26822861274825  0.14871766329424
 0.27907892230009  0.14886690244408
 0.29010890000632  0.14885495549112
 0.30131579691243  0.14867946993407
 0.31269681997188  0.14832797670919
 0.32424913274232  0.14781846348885
 0.33596985609249  0.14715784651699
 0.34785606891983  0.14634445539996
 0.35990480887852  0.14537520519809
 0.37211307311785  0.14425244815712
 0.38447781903058  0.14298901563847
 0.39699596501133  0.14157939023878
 0.40966439122461  0.14001770492754
 0.42247994038239  0.13832378067977
 0.43543941853105  0.13649542789556
 0.44853959584736  0.13453644080086
 0.46177720744356  0.13245230200219
 0.47514895418100  0.13023272442795
 0.48865150349248  0.12789433140148
 0.50228149021277  0.12544230562334
 0.51603551741738  0.12287253552055
 0.52991015726918  0.12020392470657
 0.54390195187272  0.11744615261794
 0.55800741413604  0.11459505786267
 0.57222302863983  0.11164493225269
 0.58654525251352  0.10860518496678
 0.60097051631833  0.10548391289081
 0.61549522493683  0.10228100080809
 0.63011575846904  0.09899739536847
 0.64482847313455  0.09564344857344
 0.65962970218069  0.09221839255989
 0.67451575679643  0.08871883304108
 0.68948292703167  0.08515569888504
 0.70452748272193  0.08154137274239
 0.71964567441802  0.07786037534963
 0.73483373432045  0.07412715381694
 0.75008787721855  0.07035310052993
 0.76540430143380  0.06654119625716
 0.78077918976733  0.06269909688484
 0.79620871045128  0.05883776463380
 0.81168901810376  0.05495392172340
 0.82721625468724  0.05104761519489
 0.84278655047006  0.04714311475848
 0.85839602499090  0.04323611646425
 0.87404078802582  0.03934718650945
 0.88971694055789  0.03547469118745
 0.90542057574883  0.03162445681983
 0.92114777991277  0.02781108137154
 0.93689463349159  0.02405390798331
 0.95265721203175  0.02032406008616
 0.96843158716239  0.01659971480105
 0.98421382757437  0.01289124341468
 1.00000000000000  0.00910171266414
</coords>