<reference>
Airfoil "Interp_086206" created on 05-Oct-2021 10:32:31 for blade project BAR3_HeavyTow_SNL_1_25_2021_numad
</reference>
<coords>
 1.00000000000000 -0.00000243433227
 0.99975079456309 -0.00006837672865
 0.99900342666575 -0.00038707422317
 0.99775864130055 -0.00017191219479
 0.99601767929663 -0.00000361399150
 0.99378227608276  0.00018497928866
 0.99105465995749  0.00047214708018
 0.98783754986789  0.00077171147074
 0.98413415269925  0.00111194427034
 0.97994816007843  0.00149054870774
 0.97528374469389  0.00189576414252
 0.97014555613634  0.00232834009232
 0.96453871626387  0.00278388314571
 0.95846881409639  0.00325793800563
 0.95194190024441  0.00374850481560
 0.94496448087759  0.00425390603276
 0.93754351123930  0.00475748670678
 0.92968638871346  0.00522168350932
 0.92140094545068  0.00560558992910
 0.91269544056099  0.00589964613311
 0.90357855188099  0.00608062844686
 0.89405936732360  0.00613325180072
 0.88414737581899  0.00606126753323
 0.87385245785585  0.00583400704003
 0.86318487563232  0.00544561971441
 0.85215526282634  0.00489196269056
 0.84077461399582  0.00414582996718
 0.82905427361902  0.00320905277972
 0.81700592478612  0.00207555226961
 0.80464157755326  0.00072891351619
 0.79197355697065 -0.00084283863794
 0.77901449079672 -0.00265708901511
 0.76577729691045 -0.00470522609054
 0.75227517043459 -0.00697175924342
 0.73852157058244 -0.00946618094271
 0.72453020724146 -0.01219403847385
 0.71031502730689 -0.01514981576147
 0.69589020077925 -0.01832736639898
 0.68127010663931 -0.02172981083713
 0.66646931851488 -0.02539413110163
 0.65150259015344 -0.02923428109822
 0.63638484071530 -0.03322877753559
 0.62113113990189 -0.03735213862845
 0.60575669293391 -0.04156577604061
 0.59027682539445 -0.04585822628404
 0.57470696795213 -0.05016359631725
 0.55906264097945 -0.05444129644954
 0.54335943908178 -0.05866821612376
 0.52761301555225 -0.06280014389405
 0.51183906676831 -0.06682024896098
 0.49605331654514 -0.07067741825959
 0.48027150046187 -0.07434634185628
 0.46450935017599 -0.07805362650878
 0.44878257774169 -0.08132981615525
 0.43310685994776 -0.08421036275559
 0.41749782269060 -0.08671977851362
 0.40197102539801 -0.08886389447395
 0.38654194551920 -0.09066727685285
 0.37122596309655 -0.09213775379315
 0.35603834543442 -0.09326155644047
 0.34099423188038 -0.09406677336374
 0.32610861873401 -0.09455865347782
 0.31139634429821 -0.09473316175637
 0.29687207408811 -0.09462474391788
 0.28255028621210 -0.09424253907944
 0.26844525693983 -0.09358402153908
 0.25457104647120 -0.09269038608718
 0.24094148492096 -0.09156103528877
 0.22757015853246 -0.09020097978974
 0.21447039613465 -0.08863939262435
 0.20165525585557 -0.08687848299192
 0.18913751210575 -0.08491706028403
 0.17692964284440 -0.08277372949114
 0.16504381714107 -0.08047390185134
 0.15349188304533 -0.07800632785517
 0.14228535577631 -0.07540942505860
 0.13143540624411 -0.07270050225726
 0.12095284991438 -0.06987963333813
 0.11084813602724 -0.06696635416409
 0.10113133718124 -0.06396106812166
 0.09181213929280 -0.06088514559350
 0.08289983194104 -0.05775236071754
 0.07440329910775 -0.05457106498781
 0.06633101032164 -0.05136035067677
 0.05869101221573 -0.04813550993481
 0.05149092050627 -0.04489570712654
 0.04473791240127 -0.04164091309888
 0.03843871944607 -0.03839074574591
 0.03259962081320 -0.03514994280911
 0.02722643704317 -0.03193237160178
 0.02232452424240 -0.02875085979029
 0.01789876874419 -0.02563069368303
 0.01395358223787 -0.02259338785568
 0.01049289737114 -0.01957570764656
 0.00752016382994 -0.01667035108063
 0.00503834489972 -0.01392286237501
 0.00304991451156 -0.01079524732290
 0.00155685477610 -0.00669992422300
 0.00056065400778 -0.00249927548709
 0.00006230524117 -0.00031722815893
 0.00000000000000  0.00000000000000
 0.00024920543691  0.00107355008345
 0.00099657333425  0.00496938364236
 0.00224135869945  0.01032966276621
 0.00398232070337  0.01438409663605
 0.00621772391724  0.01811856066735
 0.00894534004251  0.02212250981704
 0.01216245013211  0.02616575499881
 0.01586584730075  0.03030720625937
 0.02005183992157  0.03448415445828
 0.02471625530611  0.03868840477280
 0.02985444386366  0.04289952941927
 0.03546128373613  0.04714393531853
 0.04153118590361  0.05139888061457
 0.04805809975559  0.05564145372802
 0.05503551912241  0.05985406137326
 0.06245648876070  0.06404492912490
 0.07031361128654  0.06818935688892
 0.07859905454932  0.07226653898109
 0.08730455943901  0.07626137247855
 0.09642144811901  0.08015547984036
 0.10594063267640  0.08395323222111
 0.11585262418101  0.08764680748774
 0.12614754214415  0.09119434508904
 0.13681512436768  0.09457791768545
 0.14784473717366  0.09779957959522
 0.15922538600418  0.10090238854598
 0.17094572638098  0.10371595611918
 0.18299407521388  0.10641893315952
 0.19535842244674  0.10886881618968
 0.20802644302935  0.11106939160469
 0.22098550920328  0.11305827925776
 0.23422270308955  0.11482832933178
 0.24772482956541  0.11626161901469
 0.26147842941756  0.11739289552957
 0.27546979275854  0.11823953890964
 0.28968497269311  0.11884291759348
 0.30410979922075  0.11913286731460
 0.31872989336069  0.11907513647046
 0.33353068148512  0.11874579507582
 0.34849740984656  0.11808023847231
 0.36361515928470  0.11719816123705
 0.37886886009811  0.11603520962424
 0.39424330706609  0.11461472740388
 0.40972317460555  0.11295042843712
 0.42529303204787  0.11113169659381
 0.44093735902055  0.10902359750431
 0.45664056091822  0.10671785202161
 0.47238698444775  0.10414635718742
 0.48816093323169  0.10142865423314
 0.50394668345486  0.09889015935196
 0.51972849953813  0.09626954112027
 0.53549064982401  0.09349725618636
 0.55121742225831  0.09064147037074
 0.56689314005224  0.08771923336166
 0.58250217730940  0.08472359759784
 0.59802897460199  0.08166818578182
 0.61345805448080  0.07855860469649
 0.62877403690345  0.07539269273455
 0.64396165456558  0.07223961270157
 0.65900576811962  0.06908027779791
 0.67389138126599  0.06593919046252
 0.68860365570179  0.06279912192656
 0.70312792591189  0.05962447641108
 0.71744971378790  0.05652031834646
 0.73155474306017  0.05345193961619
 0.74542895352880  0.05043121141279
 0.75905851507904  0.04749279376192
 0.77242984146754  0.04462905259802
 0.78552960386535  0.04184399807529
 0.79834474414443  0.03914297891639
 0.81086248789425  0.03653287841028
 0.82307035715560  0.03401887938524
 0.83495618285893  0.03159713113523
 0.84650811695467  0.02926590510272
 0.85771464422369  0.02701739669151
 0.86856459375589  0.02485420344557
 0.87904715008562  0.02280480739625
 0.88915186397276  0.02083775443640
 0.89886866281876  0.01896281664676
 0.90818786070720  0.01719594554339
 0.91710016805896  0.01551948751793
 0.92559670089225  0.01394246919679
 0.93366898967836  0.01246335829510
 0.94130898778427  0.01107142630154
 0.94850907949373  0.00978630410999
 0.95526208759873  0.00859768010963
 0.96156128055393  0.00749345679225
 0.96740037918680  0.00647805654324
 0.97277356295683  0.00555132269394
 0.97767547575760  0.00471266286234
 0.98210123125581  0.00396173836761
 0.98604641776213  0.00329777483342
 0.98950710262886  0.00271993761576
 0.99247983617006  0.00222718267844
 0.99496165510028  0.00181861692893
 0.99695008548844  0.00149358332303
 0.99844314522390  0.00125021021257
 0.99943934599222  0.00108912473716
 0.99993769475883  0.00101838150432
</coords>