<reference>
Airfoil "Interp_017241" created on 05-Oct-2021 10:32:31 for blade project BAR3_HeavyTow_SNL_1_25_2021_numad
</reference>
<coords>
 1.00000000000000  0.00000000000000
 0.98431523075272 -0.01196101401576
 0.96863111656192 -0.01533868696105
 0.95295156988675 -0.01922312082516
 0.93728050447676 -0.02370991221619
 0.92162183439039 -0.02930848407075
 0.90597947301111 -0.03562718156420
 0.89035733206114 -0.04253693841900
 0.87475932061339 -0.05000664280384
 0.85918934410153 -0.05784382909117
 0.84365130332864 -0.06602250174896
 0.82814909347470 -0.07447748265989
 0.81268660310312 -0.08301456259976
 0.79726771316663 -0.09178365652526
 0.78189629601273 -0.10077704563571
 0.76657621438916 -0.10971499336110
 0.75131132044936 -0.11858226809912
 0.73610545475856 -0.12746800619462
 0.72096244530045 -0.13624386190355
 0.70588610648494 -0.14481818892138
 0.69088023815724 -0.15310054371188
 0.67594862460843 -0.16116920595486
 0.66109503358802 -0.16907439899064
 0.64632321531856 -0.17658970200360
 0.63163690151280 -0.18378971474219
 0.61703980439358 -0.19068500648576
 0.60253561571668 -0.19724561511831
 0.58812800579716 -0.20348548031892
 0.57382062253918 -0.20941710701438
 0.55961709046984 -0.21504860511651
 0.54552100977727 -0.22034010073870
 0.53153595535315 -0.22522056564611
 0.51766547584018 -0.22972128596951
 0.50391309268453 -0.23396470887082
 0.49028229919388 -0.23789090330906
 0.47677655960104 -0.24132408549503
 0.46339930813368 -0.24454446922146
 0.45015394809035 -0.24745343978335
 0.43704385092308 -0.24989144444958
 0.42407235532701 -0.25204206217538
 0.41124276633708 -0.25390770143910
 0.39855835443239 -0.25549615696005
 0.38602235464820 -0.25681706793905
 0.37363796569619 -0.25781321902582
 0.36140834909297 -0.25843892747480
 0.34933662829738 -0.25881424272519
 0.33742588785669 -0.25905387489492
 0.32567917256210 -0.25888189518270
 0.31409948661377 -0.25842306209128
 0.30268979279566 -0.25777010603467
 0.29145301166055 -0.25685680788606
 0.28039202072537 -0.25582985539498
 0.26950965367721 -0.25446896990748
 0.25880869959036 -0.25278204559339
 0.24829190215443 -0.25099415534040
 0.23796195891408 -0.24888802592597
 0.22782152052040 -0.24664432686064
 0.21787318999434 -0.24426522673969
 0.20811952200246 -0.24159789431030
 0.19856302214509 -0.23873009006976
 0.18920614625740 -0.23575162615082
 0.18005129972340 -0.23250135313985
 0.17110083680324 -0.22906110955440
 0.16235705997408 -0.22556831705990
 0.15382221928460 -0.22176885825216
 0.14549851172357 -0.21785680648661
 0.13738808060262 -0.21380113744255
 0.12949301495343 -0.20957266689288
 0.12181534893956 -0.20514880750803
 0.11435706128317 -0.20055342586419
 0.10712007470678 -0.19590883017097
 0.10010625539036 -0.19097719436551
 0.09331741244386 -0.18595932255703
 0.08675529739539 -0.18077242761916
 0.08042160369531 -0.17537460276935
 0.07431796623635 -0.16988535285771
 0.06844596088990 -0.16421619812567
 0.06280710405874 -0.15834913597988
 0.05740285224633 -0.15243976133134
 0.05223460164280 -0.14641498798621
 0.04730368772777 -0.14031775020651
 0.04261138489028 -0.13410061784012
 0.03815890606579 -0.12755596299320
 0.03394740239052 -0.12108527722361
 0.02997796287323 -0.11446934191956
 0.02625161408453 -0.10750537115906
 0.02276931986381 -0.10042431679876
 0.01953198104402 -0.09345339539484
 0.01654043519430 -0.08632088087226
 0.01379545638058 -0.07914700581145
 0.01129775494422 -0.07208691932477
 0.00904797729885 -0.06475731300042
 0.00704670574543 -0.05717438337417
 0.00529445830554 -0.04917685205682
 0.00379168857312 -0.04055527437209
 0.00253878558456 -0.03169914379483
 0.00153607370727 -0.02293431227773
 0.00078381254678 -0.01467949514604
 0.00028219687236 -0.00608933462457
 0.00003135656120 -0.00222380991305
 0.00000000000000  0.00000000000000
 0.00012542421504  0.00588278961998
 0.00050166438505  0.01146348298684
 0.00112862309400  0.01958859410134
 0.00200613801284  0.02788508512098
 0.00313398194604  0.03758118198718
 0.00451186289666  0.04671477427394
 0.00613942415004  0.05614397944595
 0.00801624437592  0.06440111913128
 0.01014183774917  0.07209130200637
 0.01251565408881  0.07944452491059
 0.01513707901559  0.08668795982728
 0.01800543412774  0.09406003296561
 0.02111997719509  0.10121111403153
 0.02447990237129  0.10852764367049
 0.02808434042427  0.11576222847548
 0.03193235898455  0.12272722258076
 0.03602296281161  0.12957203327659
 0.04035509407804  0.13632150860530
 0.04492763267142  0.14304879134601
 0.04973939651376  0.14954281660401
 0.05478914189854  0.15587323312502
 0.06007556384498  0.16216101017873
 0.06559729646962  0.16831484759330
 0.07135291337496  0.17432756405823
 0.07734092805510  0.18014699534633
 0.08355979431805  0.18579751446818
 0.09000790672482  0.19125178422500
 0.09668360104490  0.19647340465843
 0.10358515472805  0.20165492746610
 0.11071078739225  0.20657368861750
 0.11805866132759  0.21128605761541
 0.12562688201592  0.21594052300864
 0.13341349866607  0.22032528439686
 0.14141650476445  0.22457067122171
 0.14963383864086  0.22859043383528
 0.15806338404919  0.23244032348733
 0.16670297076299  0.23612540850357
 0.17555037518547  0.23960916965650
 0.18460332097392  0.24288496004321
 0.19385947967814  0.24593469094476
 0.20331647139279  0.24870870808624
 0.21297186542336  0.25126449761106
 0.22282318096555  0.25361369955744
 0.23286788779772  0.25574761558456
 0.24310340698636  0.25767743914439
 0.25352711160413  0.25935240530673
 0.26413632746035  0.26084010668671
 0.27492833384355  0.26207949251721
 0.28590036427603  0.26301712900111
 0.29704960727992  0.26382960047886
 0.30837320715461  0.26438477426803
 0.31986826476536  0.26466411300807
 0.33153183834255  0.26468296829186
 0.34336094429161  0.26439491185651
 0.35535255801309  0.26405498033507
 0.36750361473277  0.26342419966722
 0.37981101034147  0.26236883170929
 0.39227160224416  0.26123715949425
 0.40488221021831  0.25986172803603
 0.41763961728098  0.25822502176582
 0.43054057056451  0.25636215874340
 0.44358178220040  0.25415926898184
 0.45675993021115  0.25172743673512
 0.47007165940983  0.24909583876638
 0.48351358230690  0.24620981262824
 0.49708228002415  0.24303008374473
 0.51077430321546  0.23962550096181
 0.52458617299390  0.23597644842915
 0.53851438186515  0.23202339670706
 0.55255539466666  0.22782113522088
 0.56670564951248  0.22351178755946
 0.58096155874334  0.21894608971178
 0.59531950988164  0.21403507187712
 0.60977586659124  0.20903520168110
 0.62432696964151  0.20385342283805
 0.63896913787553  0.19835455353112
 0.65369866918205  0.19260583727722
 0.66851184147095  0.18675195070462
 0.68340491365188  0.18065108352181
 0.69837412661579  0.17422802766082
 0.71341570421908  0.16762089842531
 0.72852585427004  0.16091142070264
 0.74370076951734  0.15398460375159
 0.75893662864022  0.14680136364476
 0.77422959724011  0.13949389292457
 0.78957582883347  0.13187874223535
 0.80497146584543  0.12413262969742
 0.82041264060404  0.11622055423408
 0.83589547633486  0.10816662701726
 0.85141608815553  0.09980608289442
 0.86697058407013  0.09124543408501
 0.88255506596298  0.08252477800543
 0.89816563059171  0.07385397709134
 0.91379837057922  0.06480104962983
 0.92944937540429  0.05561118836022
 0.94511473239068  0.04633677432272
 0.96079052769429  0.03648240846899
 0.97647284728829  0.02624719275923
 0.99215777794581  0.01577993641262
</coords>