<reference>
Airfoil "Interp_089655" created on 05-Oct-2021 10:32:31 for blade project BAR3_HeavyTow_SNL_1_25_2021_numad
</reference>
<coords>
 1.00000000000000 -0.00000151146573
 0.99898514617993 -0.00003815071683
 0.99749687268370 -0.00005929892121
 0.99553608161933  0.00020934812281
 0.99310414640049  0.00037351992166
 0.99020291052228  0.00053878230014
 0.98683468586828  0.00079711042904
 0.98300225055066  0.00105570733206
 0.97870884628523  0.00132164231550
 0.97395817530428  0.00160680617122
 0.96875439680999  0.00191377929745
 0.96310212297210  0.00223749848502
 0.95700641447375  0.00257147427836
 0.95047277560982  0.00291869852921
 0.94350714894267  0.00327615312864
 0.93611590952065  0.00364068766971
 0.92830585866492  0.00400036520389
 0.92008421733099  0.00431962936615
 0.91145861905124  0.00455673636390
 0.90243710246579  0.00470498435687
 0.89302810344885  0.00474290812128
 0.88324044683840  0.00465470538824
 0.87308333777760  0.00444288605536
 0.86256635267632  0.00408948303110
 0.85169942980180  0.00358672782722
 0.84049285950791  0.00292682308047
 0.82895727411255  0.00208477691887
 0.81710363743341  0.00106319934869
 0.80494323399232 -0.00014410760915
 0.79248765789904 -0.00155142978775
 0.77974880142552 -0.00316888354525
 0.76673884328194 -0.00501351765595
 0.75347023660621 -0.00707584191723
 0.73995569667888 -0.00933892999916
 0.72620818837566 -0.01181255931124
 0.71224091337004 -0.01450431537008
 0.69806729709871 -0.01740716491502
 0.68370097550278 -0.02051449832361
 0.66915578155793 -0.02381119758911
 0.65444573160697 -0.02717395996011
 0.63958501150830 -0.03070633388001
 0.62458796261412 -0.03439611547162
 0.60946906759235 -0.03822008320273
 0.59424293610630 -0.04214113881793
 0.57892429036637 -0.04614487308066
 0.56352795056814 -0.05015998217735
 0.54806882023141 -0.05415630601714
 0.53256187145463 -0.05811540283795
 0.51702213009955 -0.06199084819639
 0.50146466092072 -0.06576938806381
 0.48590455265466 -0.06948889807041
 0.47035690308362 -0.07290875819412
 0.45483680408864 -0.07517179021603
 0.43935932670693 -0.07750021824689
 0.42393950620832 -0.07970664830267
 0.40859232720578 -0.08167265754146
 0.39333270881464 -0.08336434783373
 0.37817548987541 -0.08478683044935
 0.36313541425492 -0.08594257282641
 0.34822711624029 -0.08680428338682
 0.33346510604039 -0.08738822459855
 0.31886375540914 -0.08769494813665
 0.30443728340500 -0.08771643393975
 0.29019974230083 -0.08749117270013
 0.27616500365809 -0.08701765214324
 0.26234674457931 -0.08629924952268
 0.24875843415248 -0.08537174286487
 0.23541332010081 -0.08423497032783
 0.22232441565126 -0.08288548900550
 0.20950448663481 -0.08135862080437
 0.19696603883136 -0.07966496077275
 0.18472130557181 -0.07779176752125
 0.17278223560974 -0.07574887482343
 0.16116048127467 -0.07357702754620
 0.14986738691883 -0.07126505645113
 0.13891397766873 -0.06884479941232
 0.12831094849292 -0.06633575880812
 0.11806865359679 -0.06372829678242
 0.10819709615484 -0.06104161847683
 0.09870591839081 -0.05827658133564
 0.08960439201540 -0.05545729848474
 0.08090140903125 -0.05259097904221
 0.07260547291417 -0.04968617109294
 0.06472469017955 -0.04676012818571
 0.05726676234221 -0.04383342752669
 0.05023897827784 -0.04089902877571
 0.04364820699348 -0.03795499850863
 0.03750089081434 -0.03502499343186
 0.03180303899378 -0.03211670832221
 0.02656022175263 -0.02923757020996
 0.02177756475402 -0.02639878378443
 0.01745974401902 -0.02354337898201
 0.01361098128827 -0.02076460780795
 0.01023503983420 -0.01803238605707
 0.00733522072796 -0.01540987428019
 0.00491435956483 -0.01292600192379
 0.00297482365136 -0.01005046707429
 0.00151850965698 -0.00595296820937
 0.00054684173256 -0.00214202051433
 0.00006077009759 -0.00029340506194
 0.00000000000000  0.00000000000000
 0.00024306553211  0.00089496065571
 0.00097202442620  0.00447892475049
 0.00218616381135  0.01001888039243
 0.00388429635516  0.01392163940821
 0.00606476144153  0.01734003002513
 0.00872542681808  0.02104161103320
 0.01186369071124  0.02480108236467
 0.01547648440726  0.02866459302042
 0.01956027529630  0.03257580419414
 0.02411107037666  0.03656881119150
 0.02912442021576  0.04060898367678
 0.03459542336372  0.04467470935061
 0.04051873121533  0.04874457972638
 0.04688855331551  0.05280255747570
 0.05369866310290  0.05683533738940
 0.06094240408602  0.06085303770471
 0.06861269644568  0.06483401233693
 0.07670204405719  0.06876330335751
 0.08520254192535  0.07262938138697
 0.09410588402475  0.07641378743495
 0.10340337153770  0.08012049572624
 0.11308592148145  0.08374437940817
 0.12314407571623  0.08724390974341
 0.13356801032507  0.09060673350698
 0.14434754535605  0.09383587543257
 0.15547215491741  0.09697492273548
 0.16693097761526  0.09984484689605
 0.17871282732370  0.10263072974490
 0.19080620427649  0.10519175742777
 0.20319930646928  0.10753340220284
 0.21588004136113  0.10968984640012
 0.22883603786346  0.11165340624678
 0.24205465860472  0.11329623482531
 0.25552301245848  0.11464937523954
 0.26922796732238  0.11573429007370
 0.28315616313541  0.11659834031100
 0.29729402512039  0.11716015342607
 0.31162777723856  0.11738333610849
 0.32614345584284  0.11734784555843
 0.34082692351626  0.11697853305083
 0.35566388308163  0.11641291445037
 0.37063989176864  0.11558411271912
 0.38574037552426  0.11452493050213
 0.40095064345214  0.11325554198440
 0.41625590236672  0.11188860856019
 0.43164127144746  0.11031020347386
 0.44709179697877  0.10867993852994
 0.46259246716076  0.10718430188849
 0.47812822697622  0.10531522304921
 0.49368399309907  0.10266589186037
 0.50924466882920  0.10007999755258
 0.52479515903919  0.09734182705207
 0.54032038511771  0.09450420827966
 0.55580529989494  0.09157756609382
 0.57123490253504  0.08855000817682
 0.58659425338102  0.08544943633026
 0.60186848873691  0.08228574777361
 0.61704283557295  0.07904929341840
 0.63210262613883  0.07581005399335
 0.64703331247055  0.07253497576381
 0.66182048077657  0.06925085922505
 0.67644986568876  0.06603673535725
 0.69090736436411  0.06290777570380
 0.70517905042312  0.05984143255548
 0.71925118771099  0.05680025276962
 0.73311024386799  0.05380077569602
 0.74674290369537  0.05087724154231
 0.76013608230374  0.04801990030760
 0.77327693803061  0.04523240052880
 0.78615288511444  0.04252284547839
 0.79875160611242  0.03989611819108
 0.81106106404981  0.03735615126505
 0.82306951428862  0.03490033450493
 0.83476551610392  0.03252756198168
 0.84613794395621  0.03022792595882
 0.85717599844870  0.02800480697380
 0.86786921695859  0.02588810761839
 0.87820748393176  0.02385550882253
 0.88818104083068  0.02190387441923
 0.89778049572563  0.02005017131013
 0.90699683251976  0.01827734169880
 0.91582141979873  0.01659450255583
 0.92424601929619  0.01500157682389
 0.93226279396678  0.01348904705854
 0.93986431565848  0.01207550645152
 0.94704357237680  0.01075140512776
 0.95379397513360  0.00950628343957
 0.96010936437373  0.00834422018967
 0.96598401597306  0.00726504314134
 0.97141264680212  0.00626922749731
 0.97639041984961  0.00535601200505
 0.98091294890093  0.00452484116038
 0.98497630276697  0.00377634251581
 0.98857700905898  0.00311171181642
 0.99171205750590  0.00252917488563
 0.99437890281076  0.00202344732737
 0.99657546704335  0.00159251898190
 0.99830014156695  0.00127034102202
 0.99955178849702  0.00096205645668
</coords>