<reference>ref. NREL, Jim Tangler</reference>
<coords>
1 0
0.97999 -0.0021
0.93997 -0.00048
0.900001 -0.00044
0.79999 -0.01175
0.700001 -0.02659
0.600001 -0.04158
0.50001 -0.05465
0.40002 -0.06365
0.300001 -0.06507
0.200001 -0.05825
0.11998 -0.04709
0.07997 -0.03889
0.04999 -0.03083
0.02997 -0.02386
0.010001 -0.01384
0.00002 -0.00068
0.00996 0.01836
0.02985 0.03396
0.0499 0.04487
0.07998 0.05723
0.11995 0.06937
0.19998 0.08407
0.30001 0.08989
0.40001 0.08831
0.50001 0.08109
0.60001 0.0694
0.700001 0.05555
0.80001 0.04042
0.90001 0.02321
0.94004 0.01522
0.98002 0.00694
</coords>
