<reference>
Airfoil "Interp_003448" created on 05-Oct-2021 10:35:09 for blade project BAR4_SNL_1_18_2021_numad
</reference>
<coords>
 1.00000000000000  0.00000000000000
 0.99840755264442 -0.01439547223000
 0.99636035119410 -0.02855273132913
 0.99385941628258 -0.04258748643765
 0.99090622134332 -0.05659253490330
 0.98750269139498 -0.07062453699730
 0.98365120137645 -0.08468123390240
 0.97935457403314 -0.09872768476498
 0.97461607735649 -0.11273341646487
 0.96943942157935 -0.12665397786800
 0.96382875573004 -0.14047111343362
 0.95778866374853 -0.15416699368577
 0.95132416016848 -0.16770965941797
 0.94444068536947 -0.18110614238073
 0.93714410040402 -0.19434696861858
 0.92944068140451 -0.20739500723545
 0.92133711357557 -0.22023044224860
 0.91284048477772 -0.23284733099542
 0.90395827870881 -0.24522887060342
 0.89469836768980 -0.25735901571707
 0.88506900506210 -0.26921473255518
 0.87507881720399 -0.28079042818287
 0.86473679517400 -0.29207970814148
 0.85405228598951 -0.30305057941891
 0.84303498354925 -0.31370477102422
 0.83169491920857 -0.32403698663442
 0.82004245201704 -0.33403527596498
 0.80808825862775 -0.34369093692172
 0.79584332288861 -0.35299307837628
 0.78331892512576 -0.36193147094796
 0.77052663112978 -0.37049532258804
 0.75747828085566 -0.37867154748074
 0.74418597684768 -0.38645817465490
 0.73066207240071 -0.39386100781038
 0.71691915946967 -0.40086344429645
 0.70297005633914 -0.40743836103188
 0.68882779506539 -0.41361140511203
 0.67450560870320 -0.41936810158289
 0.66001691833029 -0.42468231992799
 0.64537531988210 -0.42958253143999
 0.63059457081012 -0.43405272565605
 0.61568857657687 -0.43808733575341
 0.60067137700110 -0.44168422394067
 0.58555713246664 -0.44483723328373
 0.57036011000867 -0.44753977448470
 0.55509466929119 -0.44979797530623
 0.53977524848963 -0.45161890819322
 0.52441635009270 -0.45297173508502
 0.50903252663739 -0.45387147682150
 0.49363836639152 -0.45432918392343
 0.47824847899791 -0.45433284149237
 0.46287748109450 -0.45389593796209
 0.44753998192467 -0.45300163422832
 0.43225056895212 -0.45165179300802
 0.41702379349454 -0.44986561724677
 0.40187415639037 -0.44762033262620
 0.38681609371291 -0.44494006106462
 0.37186396254597 -0.44183087297111
 0.35703202683519 -0.43827939530969
 0.34233444332906 -0.43429604243648
 0.32778524762375 -0.42989130672525
 0.31339834032541 -0.42505274140768
 0.29918747334387 -0.41979340363472
 0.28516623633134 -0.41413245264853
 0.27134804327944 -0.40805306864842
 0.25774611928814 -0.40158027567368
 0.24437348751952 -0.39471312169555
 0.23124295634947 -0.38745461087300
 0.21836710673006 -0.37981301913269
 0.20575827977516 -0.37179912699479
 0.19342856458157 -0.36343178374253
 0.18138978629793 -0.35468950180363
 0.16965349445311 -0.34560212166582
 0.15823095155580 -0.33616978716096
 0.14713312197657 -0.32639964753584
 0.13637066112348 -0.31631536147037
 0.12595390492204 -0.30591829865416
 0.11589285960984 -0.29521545353989
 0.10619719185625 -0.28422856470603
 0.09687621921676 -0.27295873557676
 0.08793890093159 -0.26142173647373
 0.07939382907768 -0.24962450177629
 0.07124922008292 -0.23756330201768
 0.06351290661094 -0.22529039949697
 0.05619232982463 -0.21278883999771
 0.04929453203609 -0.20004776620972
 0.04282614975022 -0.18710704331975
 0.03679340710899 -0.17400984714932
 0.03120210974279 -0.16073430624663
 0.02605763903511 -0.14729850979000
 0.02136494680611 -0.13373003782102
 0.01712855042053 -0.11999814987002
 0.01335252832460 -0.10612219543477
 0.01004051601661 -0.09211389638743
 0.00719570245495 -0.07798271970165
 0.00482082690740 -0.06380047363298
 0.00291817624456 -0.04953506118131
 0.00148958268031 -0.03522439882810
 0.00053642196148 -0.02086426724229
 0.00005961200853 -0.00693722818070
 0.00000000000000  0.00000000000000
 0.00023843368099  0.01422087880380
 0.00095350510204  0.02826588940688
 0.00214452562435  0.04258977362308
 0.00381034827259  0.05687242234782
 0.00594936886828  0.07117621171495
 0.00855952761473  0.08535281084541
 0.01163831113235  0.09953128361281
 0.01518275494189  0.11351616921109
 0.01918944639351  0.12734331233035
 0.02365452803852  0.14100870827534
 0.02857370144057  0.15452222906687
 0.03394223142240  0.16789947674376
 0.03975495074402  0.18109348962769
 0.04600626520764  0.19414033886801
 0.05269015918418  0.20700194134879
 0.05980020155604  0.21964116358631
 0.06732955207006  0.23205405810634
 0.07527096809443  0.24424329065731
 0.08361681177278  0.25620542866338
 0.09235905756846  0.26790289832446
 0.10148930019128  0.27933137742221
 0.11099876289911  0.29048904215433
 0.12087830616579  0.30135772723064
 0.13111843670700  0.31193028812696
 0.14170931685489  0.32219259272437
 0.15264077427232  0.33213931487509
 0.16390231199693  0.34175637977848
 0.17548311880514  0.35102745533571
 0.18737207988566  0.35996183060806
 0.19955778781205  0.36852869921149
 0.21202855380329  0.37672746696690
 0.22477241926121  0.38456919421604
 0.23777716757332  0.39202524716000
 0.25103033616930  0.39909853157877
 0.26451922881911  0.40577167544202
 0.27823092816060  0.41204792415396
 0.29215230844404  0.41792241438232
 0.30627004848099  0.42338465824434
 0.32057064478461  0.42842870728708
 0.33504042488830  0.43304508230239
 0.34966556082951  0.43722633559737
 0.36443208278527  0.44097573414897
 0.37932589284587  0.44429111544154
 0.39433277891304  0.44717036329399
 0.40943842870874  0.44961320154400
 0.42462844388077  0.45160557309878
 0.43988835419104  0.45315124952573
 0.45520363177246  0.45424886810153
 0.47055970544028  0.45489205219082
 0.48594197504365  0.45509562568891
 0.50133582584315  0.45484454167714
 0.51672664289997  0.45414115373114
 0.53209982546247  0.45299008724164
 0.54744080133584  0.45138077789661
 0.56273504122049  0.44933764273992
 0.57796807300508  0.44684565025921
 0.59312549599982  0.44389587742487
 0.60819299509607  0.44052322950207
 0.62315635483797  0.43671407099372
 0.63800147339236  0.43246918027736
 0.65271437640292  0.42779481466131
 0.66728123071483  0.42267442789506
 0.68168835795640  0.41713186448216
 0.69592224796405  0.41118261050869
 0.70996957203743  0.40482412263039
 0.72381719601143  0.39805599490742
 0.73745219313212  0.39089033694974
 0.75086185672396  0.38333533566076
 0.76403371263543  0.37539395596558
 0.77695553145112  0.36707624634359
 0.78961534045776  0.35840129167891
 0.80200143535259  0.34936149329490
 0.81410239168239  0.33995708976781
 0.82590707600173  0.33022503627613
 0.83740465673952  0.32016820068807
 0.84858461476300  0.30978362009792
 0.85943675362865  0.29908602916095
 0.86995120951002  0.28809596522249
 0.88011846079244  0.27680819790329
 0.88992933732532  0.26522659498032
 0.89937502932268  0.25337861679765
 0.90844709590323  0.24128879275899
 0.91713747326145  0.22895791212411
 0.92543848246173  0.21638622549587
 0.93334283684765  0.20359709034220
 0.94084364905932  0.19059158182491
 0.94793443765158  0.17740150895536
 0.95460913330680  0.16402916003434
 0.96086208463595  0.15048846771927
 0.96668806356222  0.13677244828754
 0.97208227028209  0.12290242650312
 0.97704033779873  0.10890083395244
 0.98155833602334  0.09480756228105
 0.98563277544054  0.08059934323578
 0.98926061033403  0.06629478625588
 0.99243924156947  0.05189596768657
 0.99516651893186  0.03731744947171
 0.99744074301515  0.02264839541225
 0.99926066666220  0.00795231582901
</coords>