<reference>
Airfoil "Interp_034482" created on 05-Oct-2021 10:35:09 for blade project BAR4_SNL_1_18_2021_numad
</reference>
<coords>
 1.00000000000000  0.00000000000000
 1.00000000000000 -0.00000964142331
 0.99975079456309  0.00198133658041
 0.99900342666575 -0.00253342414642
 0.99775864130055 -0.00232815685915
 0.99601767929663 -0.00207246105692
 0.99378227608276 -0.00175593614422
 0.99105465995749 -0.00136582950669
 0.98783754986789 -0.00097288616442
 0.98413415269925 -0.00052100803227
 0.97994816007843 -0.00001704378422
 0.97528374469389  0.00052452979882
 0.97014555613634  0.00109655011442
 0.96453871626387  0.00169137151562
 0.95846881409639  0.00230049004987
 0.95194190024441  0.00291952498354
 0.94496448087759  0.00354557170300
 0.93754351123930  0.00414085083421
 0.92968638871346  0.00467330387460
 0.92140094545068  0.00512639526102
 0.91269544056099  0.00547752004783
 0.90357855188099  0.00569287187953
 0.89405936732360  0.00575424174695
 0.88414737581899  0.00566585520600
 0.87385245785585  0.00539544780192
 0.86318487563232  0.00493803195608
 0.85215526282634  0.00429744394126
 0.84077461399582  0.00344691277267
 0.82905427361902  0.00237642910851
 0.81700592478612  0.00107807089252
 0.80464157755326 -0.00046232664557
 0.79197355697065 -0.00226716878293
 0.77901449079672 -0.00433170876596
 0.76577729691045 -0.00685381840011
 0.75227517043459 -0.00969442604356
 0.73852157058244 -0.01285347795334
 0.72453020724146 -0.01631067742983
 0.71031502730689 -0.02004909403551
 0.69589020077925 -0.02406456995107
 0.68127010663931 -0.02833349436233
 0.66646931851488 -0.03275297191354
 0.65150259015344 -0.03737809379642
 0.63638484071530 -0.04217117568758
 0.62113113990189 -0.04708667967196
 0.60575669293391 -0.05207580899521
 0.59027682539445 -0.05710570404998
 0.57470696795213 -0.06212064933587
 0.55906264097945 -0.06707218398558
 0.54335943908178 -0.07192345911062
 0.52761301555225 -0.07663139063390
 0.51183906676831 -0.08115438625507
 0.49605331654514 -0.08546656656104
 0.48027150046187 -0.08952760626341
 0.46450935017599 -0.09334734772535
 0.44878257774169 -0.09681370335265
 0.43310685994776 -0.09993203288788
 0.41749782269060 -0.10270884156573
 0.40197102539801 -0.10512615636019
 0.38654194551920 -0.10720767094182
 0.37122596309655 -0.10893598585543
 0.35603834543442 -0.11030992515437
 0.34099423188038 -0.11134075590126
 0.32610861873401 -0.11204328345978
 0.31139634429821 -0.11240555532784
 0.29687207408811 -0.11245345402146
 0.28255028621210 -0.11218553047353
 0.26844525693983 -0.11160682353146
 0.25457104647120 -0.11074939528993
 0.24094148492096 -0.10960377150262
 0.22757015853246 -0.10819293545714
 0.21447039613465 -0.10651411407510
 0.20165525585557 -0.10458378762609
 0.18913751210575 -0.10240661191535
 0.17692964284440 -0.09999715634978
 0.16504381714107 -0.09737206993825
 0.15349188304533 -0.09453710917171
 0.14228535577631 -0.09151248430514
 0.13143540624411 -0.08832362984743
 0.12095284991438 -0.08497247871975
 0.11084813602724 -0.08147911044374
 0.10113133718124 -0.07785799350113
 0.09181213929280 -0.07413033607622
 0.08289983194104 -0.07031984939009
 0.07440329910775 -0.06643210296348
 0.06633101032164 -0.06249702246203
 0.05869101221573 -0.05851743468906
 0.05149092050627 -0.05452434126089
 0.04473791240127 -0.05053034113042
 0.03843871944607 -0.04654774424715
 0.03259962081320 -0.04258474701567
 0.02722643704317 -0.03864939684761
 0.02232452424240 -0.03475941705294
 0.01789876874419 -0.03091715395050
 0.01395358223787 -0.02711609761326
 0.01049289737114 -0.02335601208514
 0.00752016382994 -0.01960283157547
 0.00503834489972 -0.01623650314692
 0.00304991451156 -0.01279039230348
 0.00155685477610 -0.00857645661063
 0.00056065400778 -0.00327530313650
 0.00006230524117 -0.00032281013471
 0.00000000000000  0.00000000000000
 0.00006230524117  0.00050911650508
 0.00056065400778  0.00409116596677
 0.00155685477610  0.01055443689016
 0.00304991451156  0.01545865724902
 0.00503834489972  0.01986854231748
 0.00752016382994  0.02437456874025
 0.01049289737114  0.02880679724602
 0.01395358223787  0.03337090644264
 0.01789876874419  0.03795233092065
 0.02232452424240  0.04256730322096
 0.02722643704317  0.04719063924068
 0.03259962081320  0.05178556339821
 0.03843871944607  0.05637492892775
 0.04473791240127  0.06092893938269
 0.05149092050627  0.06542648814919
 0.05869101221573  0.06985819259219
 0.06633101032164  0.07422402338393
 0.07440329910775  0.07849779667043
 0.08289983194104  0.08266537852314
 0.09181213929280  0.08671553913036
 0.10113133718124  0.09063167208588
 0.11084813602724  0.09440285994366
 0.12095284991438  0.09801541716749
 0.13143540624411  0.10145834422342
 0.14228535577631  0.10471011117996
 0.15349188304533  0.10776507665647
 0.16504381714107  0.11060947714145
 0.17692964284440  0.11323315471179
 0.18913751210575  0.11563128705041
 0.20165525585557  0.11777657905635
 0.21447039613465  0.11966825357743
 0.22757015853246  0.12131910537923
 0.24094148492096  0.12270149613084
 0.25457104647120  0.12380431103518
 0.26844525693983  0.12464105531223
 0.28255028621210  0.12519109508062
 0.29687207408811  0.12547600635642
 0.31139634429821  0.12547337195767
 0.32610861873401  0.12519271445772
 0.34099423188038  0.12464712337757
 0.35603834543442  0.12384946466694
 0.37122596309655  0.12281431418057
 0.38654194551920  0.12154616414076
 0.40197102539801  0.12006252668694
 0.41749782269060  0.11838524460538
 0.43310685994776  0.11651181565829
 0.44878257774169  0.11444468356398
 0.46450935017599  0.11221018064819
 0.48027150046187  0.10978567971664
 0.49605331654514  0.10727019497443
 0.51183906676831  0.10465724024290
 0.52761301555225  0.10193091216919
 0.54335943908178  0.09909987900037
 0.55906264097945  0.09618381841997
 0.57470696795213  0.09318677038772
 0.59027682539445  0.09012059005499
 0.60575669293391  0.08700117810632
 0.62113113990189  0.08382513227360
 0.63638484071530  0.08061677749103
 0.65150259015344  0.07739597946338
 0.66646931851488  0.07415870926513
 0.68127010663931  0.07092898335428
 0.69589020077925  0.06779380600754
 0.71031502730689  0.06469060650461
 0.72453020724146  0.06161547629686
 0.73852157058244  0.05857056337774
 0.75227517043459  0.05558053175251
 0.76577729691045  0.05264498391570
 0.77901449079672  0.04976471220098
 0.79197355697065  0.04681016419978
 0.80464157755326  0.04397828084170
 0.81700592478612  0.04125386614310
 0.82905427361902  0.03862652287645
 0.84077461399582  0.03608804878243
 0.85215526282634  0.03364402461477
 0.86318487563232  0.03129158138306
 0.87385245785585  0.02903339468157
 0.88414737581899  0.02687434585670
 0.89405936732360  0.02481617407837
 0.90357855188099  0.02284955839562
 0.91269544056099  0.02097808070328
 0.92140094545068  0.01920755069829
 0.92968638871346  0.01753207313396
 0.93754351123930  0.01595571275242
 0.94496448087759  0.01447745700018
 0.95194190024441  0.01309291870924
 0.95846881409639  0.01180081026602
 0.96453871626387  0.01060200147042
 0.97014555613634  0.00949768768604
 0.97528374469389  0.00848884009980
 0.97994816007843  0.00757687963887
 0.98413415269925  0.00676376968692
 0.98783754986789  0.00605542573912
 0.99105465995749  0.00545309802767
 0.99378227608276  0.00490341126610
 0.99601767929663  0.00444998660712
 0.99775864130055  0.00409872903722
 0.99900342666575  0.00385340645202
 0.99975079456309  0.00408891388365
 1.00000000000000  0.00000964142331
</coords>