<reference>
Airfoil "Interp_006896" created on 04-Oct-2021 11:48:48 for blade project BAR0_NREL_1_4_2021_numad
</reference>
<coords>
 1.00000000000000  0.00000000000000
 0.99627598749984 -0.01388827723093
 0.99216610481781 -0.02659626369311
 0.98767180999689 -0.03909677068274
 0.98279494558591 -0.05169071277493
 0.97753773746013 -0.06453800417564
 0.97190279325925 -0.07760859602715
 0.96589310044427 -0.09076717235191
 0.95951202397480 -0.10395819286227
 0.95276330360924 -0.11709726871144
 0.94565105083005 -0.13017310058453
 0.93817974539729 -0.14317263129978
 0.93035423153352 -0.15602674850275
 0.92217971374377 -0.16877457923674
 0.91366175227461 -0.18140398106695
 0.90480625821663 -0.19384096470363
 0.89561948825505 -0.20606554264794
 0.88610803907361 -0.21808947711951
 0.87627884141709 -0.22988118728697
 0.86613915381816 -0.24141326097900
 0.85569655599488 -0.25265386856267
 0.84495894192498 -0.26361515029402
 0.83393451260389 -0.27430154128037
 0.82263176849350 -0.28465084567001
 0.81105950166895 -0.29467851902086
 0.79922678767133 -0.30438291515794
 0.78714297707401 -0.31375021280717
 0.77481768677101 -0.32277707206496
 0.76226079099594 -0.33145632670081
 0.74948241208022 -0.33977991120444
 0.73649291095969 -0.34773476679571
 0.72330287743903 -0.35529856629674
 0.70992312022331 -0.36247312218420
 0.69636465672671 -0.36928376292864
 0.68263870266824 -0.37570686000208
 0.66875666146481 -0.38168697541259
 0.65473011343201 -0.38729547938807
 0.64057080480321 -0.39250091717346
 0.62629063657791 -0.39723946074325
 0.61190165321010 -0.40161528964097
 0.59741603114802 -0.40560408762935
 0.58284606723637 -0.40918364977663
 0.56820416699261 -0.41235287230273
 0.55350283276875 -0.41509991537171
 0.53875465181031 -0.41740973833545
 0.52397228422438 -0.41930314872726
 0.50916845086839 -0.42081294362283
 0.49435592117180 -0.42186418603505
 0.47954750090252 -0.42248856310304
 0.46475601989024 -0.42271257791595
 0.44999431971875 -0.42251318923750
 0.43527524139942 -0.42193135311823
 0.42061161303796 -0.42091277045545
 0.40601623750674 -0.41945708121734
 0.39150188013468 -0.41762456132627
 0.37708125642707 -0.41535579706495
 0.36276701982724 -0.41270298441294
 0.34857174953238 -0.40967267473829
 0.33450793837535 -0.40622559620635
 0.32058798078462 -0.40238674655469
 0.30682416083412 -0.39817955607319
 0.29322864039490 -0.39356459811124
 0.27981344740022 -0.38856811968022
 0.26659046423579 -0.38323076151059
 0.25357141626650 -0.37749386017905
 0.24076786051109 -0.37141419380368
 0.22819117447593 -0.36498314881134
 0.21585254515894 -0.35819878398014
 0.20376295823448 -0.35106299345692
 0.19193318743007 -0.34358789418852
 0.18037378410522 -0.33581708407442
 0.16909506704284 -0.32767902463683
 0.15810711246333 -0.31924454437737
 0.14741974427108 -0.31049649234385
 0.13704252454323 -0.30143018052603
 0.12698474426997 -0.29208843129275
 0.11725541435552 -0.28245603449270
 0.10786325688887 -0.27253634961071
 0.09881669669268 -0.26237682344921
 0.09012385315889 -0.25196555325957
 0.08179253237903 -0.24132349779054
 0.07383021957708 -0.23044239271233
 0.06624407185227 -0.21928296137183
 0.05904091123910 -0.20796614140914
 0.05222721809143 -0.19643559283673
 0.04580912479714 -0.18464249056488
 0.03979240982964 -0.17265945889416
 0.03418249214206 -0.16058185858052
 0.02898442590979 -0.14833012553327
 0.02420289562634 -0.13593408961730
 0.01984221155769 -0.12345120261274
 0.01590630555934 -0.11076883493621
 0.01239872726038 -0.09790915321099
 0.00932264061830 -0.08487466913701
 0.00668082084794 -0.07165034134359
 0.00447565172764 -0.05843645945146
 0.00270912328527 -0.04513674407597
 0.00138282986638 -0.03187218980476
 0.00049796858645 -0.01854748561439
 0.00005533816870 -0.00627451589044
 0.00000000000000  0.00000000000000
 0.00022134018564  0.01303490901775
 0.00088516094055  0.02551695161286
 0.00199086305259  0.03876894694090
 0.00353744848129  0.05204390043186
 0.00552352132675  0.06552474487633
 0.00794728918474  0.07877856559394
 0.01080656488673  0.09219425780698
 0.01409876862309  0.10524645641090
 0.01782093044729  0.11807468127254
 0.02196969315868  0.13069237911118
 0.02654131556108  0.14315778537930
 0.03153167609372  0.15553662644001
 0.03693627683121  0.16771732196720
 0.04275024784839  0.17981916123020
 0.04896835194578  0.19175642089054
 0.05558498973102  0.20346159681593
 0.06259420505119  0.21494950118354
 0.06998969077067  0.22624391084684
 0.07776479488880  0.23734676089412
 0.08591252699131  0.24818252923014
 0.09442556502911  0.25877160245626
 0.10329626241776  0.26913032551099
 0.11251665545053  0.27923007681504
 0.12207847101781  0.28906365751395
 0.13197313462511  0.29860420896448
 0.14219177870186  0.30785671942152
 0.15272525119263  0.31680220814016
 0.16356412442238  0.32541926909110
 0.17469870422693  0.33375528320053
 0.18611903933962  0.34173924205747
 0.19781493102486  0.34938177469791
 0.20977594294903  0.35672284199952
 0.22199141127904  0.36369560597592
 0.23445045499842  0.37032851631563
 0.24714198643087  0.37659110790145
 0.26005472196081  0.38249925527485
 0.27317719294027  0.38804603133707
 0.28649775677146  0.39321657793732
 0.30000460815391  0.39800889839555
 0.31368579048517  0.40240509834336
 0.32752920740377  0.40639445634323
 0.34152263446300  0.40999049923901
 0.35565373092397  0.41319023264074
 0.36991005165635  0.41599085827711
 0.38427905913496  0.41839890052230
 0.39874813552034  0.42038785063073
 0.41330459481150  0.42197519231977
 0.42793569505865  0.42315008048889
 0.44262865062396  0.42389050030158
 0.45737064447824  0.42424694285647
 0.47214884052137  0.42418315919826
 0.48695039591423  0.42369572447273
 0.50176247341017  0.42279305253819
 0.51657225367358  0.42145377704761
 0.53136694757361  0.41974459235513
 0.54613380844078  0.41761439965919
 0.56086014427446  0.41502922669851
 0.57553332988910  0.41207753810669
 0.59014081898736  0.40872067372614
 0.60467015614804  0.40495655689800
 0.61910898871715  0.40079569700612
 0.63344507859036  0.39615784675300
 0.64766631387517  0.39113551522154
 0.66176072042131  0.38574902975217
 0.67571647320816  0.37997657213984
 0.68952190757768  0.37381208932479
 0.70316553030212  0.36727560001920
 0.71663603047538  0.36036985297764
 0.72992229021742  0.35308710497902
 0.74301339518117  0.34544365713650
 0.75589864485153  0.33747803522618
 0.76856756262652  0.32916035881850
 0.78100990567046  0.32047659910732
 0.79321567452969  0.31149809274984
 0.80517512250126  0.30221305495912
 0.81687876474545  0.29259797069442
 0.82831738713329  0.28267577512536
 0.83948205482014  0.27248724150281
 0.85036412053727  0.26200684895744
 0.86095523259308  0.25122521364871
 0.87124734257623  0.24018943365098
 0.88123271275319  0.22893552860927
 0.89090392315293  0.21744660042673
 0.90025387833184  0.20571418824781
 0.90927581381237  0.19378186136192
 0.91796330218905  0.18162276480355
 0.92631025889601  0.16929196965301
 0.93431094763038  0.15677655382455
 0.94195998542634  0.14410207265781
 0.94925234737494  0.13123156666857
 0.95618337098508  0.11819530120747
 0.96274876018158  0.10502585500981
 0.96894458893637  0.09179579990928
 0.97476730452946  0.07839617327826
 0.98021373043658  0.06479857861920
 0.98528106884073  0.05106183321646
 0.98996690276531  0.03694171711025
 0.99426919782693  0.02262705164070
 0.99818630360620  0.00862578789066
</coords>