<reference>
Airfoil "Interp_072413" created on 04-Oct-2021 11:48:48 for blade project BAR0_NREL_1_4_2021_numad
</reference>
<coords>
 1.00000000000000 -0.00000325705828
 0.99975079456309  0.00029815047432
 0.99900342666575 -0.00058615941874
 0.99775864130055 -0.00037272401928
 0.99601767929663 -0.00019039991143
 0.99378227608276  0.00001847280750
 0.99105465995749  0.00032208601218
 0.98783754986789  0.00063064342205
 0.98413415269925  0.00098083807169
 0.97994816007843  0.00137262360851
 0.97528374469389  0.00179352263274
 0.97014555613634  0.00224311985697
 0.96453871626387  0.00271654355923
 0.95846881409639  0.00320882110076
 0.95194190024441  0.00371778099111
 0.94496448087759  0.00424173038541
 0.93754351123930  0.00476080092419
 0.92968638871346  0.00523833921381
 0.92140094545068  0.00563676343173
 0.91269544056099  0.00594411218668
 0.90357855188099  0.00613503069444
 0.89405936732360  0.00619298514071
 0.88414737581899  0.00612127096958
 0.87385245785585  0.00589731122100
 0.86318487563232  0.00551396198342
 0.85215526282634  0.00496529517220
 0.84077461399582  0.00422430342907
 0.82905427361902  0.00329151363205
 0.81700592478612  0.00216057365334
 0.80464157755326  0.00081586743439
 0.79197355697065 -0.00075606656735
 0.77901449079672 -0.00257304857298
 0.76577729691045 -0.00467260748105
 0.75227517043459 -0.00700458707370
 0.73852157058244 -0.00957729990144
 0.72453020724146 -0.01239245858807
 0.71031502730689 -0.01544249140018
 0.69589020077925 -0.01872239086802
 0.68127010663931 -0.02223571603555
 0.66646931851488 -0.02604271677120
 0.65150259015344 -0.03003523871894
 0.63638484071530 -0.03418328271948
 0.62113113990189 -0.03845748242163
 0.60575669293391 -0.04281608338679
 0.59027682539445 -0.04724256091207
 0.57470696795213 -0.05167536345829
 0.55906264097945 -0.05607106137259
 0.54335943908178 -0.06040442976097
 0.52761301555225 -0.06463274962704
 0.51183906676831 -0.06873245422445
 0.49605331654514 -0.07265844996738
 0.48027150046187 -0.07648399061370
 0.46450935017599 -0.08081432634456
 0.44878257774169 -0.08444816024410
 0.43310685994776 -0.08757607504149
 0.41749782269060 -0.09027358868434
 0.40197102539801 -0.09256923815450
 0.38654194551920 -0.09449995579431
 0.37122596309655 -0.09607266523453
 0.35603834543442 -0.09728233364693
 0.34099423188038 -0.09815800643055
 0.32610861873401 -0.09870911183315
 0.31139634429821 -0.09893112283188
 0.29687207408811 -0.09885711857095
 0.28255028621210 -0.09849700308639
 0.26844525693983 -0.09784867455947
 0.25457104647120 -0.09695329472326
 0.24094148492096 -0.09580812907325
 0.22757015853246 -0.09442480302777
 0.21447039613465 -0.09282524985572
 0.20165525585557 -0.09101141347813
 0.18913751210575 -0.08898686048469
 0.17692964284440 -0.08677243800322
 0.16504381714107 -0.08438689082598
 0.15349188304533 -0.08182699877017
 0.14228535577631 -0.07912605978633
 0.13143540624411 -0.07630034453097
 0.12095284991438 -0.07335355446843
 0.11084813602724 -0.07030489997303
 0.10113133718124 -0.06715691267769
 0.09181213929280 -0.06392947764274
 0.08289983194104 -0.06064000689130
 0.07440329910775 -0.05729608073880
 0.06633101032164 -0.05391862693324
 0.05869101221573 -0.05051887404677
 0.05149092050627 -0.04710234816540
 0.04473791240127 -0.04367141365765
 0.03843871944607 -0.04024308506762
 0.03259962081320 -0.03682225974496
 0.02722643704317 -0.03342328914255
 0.02232452424240 -0.03006208704987
 0.01789876874419 -0.02677936661801
 0.01395358223787 -0.02357388458605
 0.01049289737114 -0.02038629510555
 0.00752016382994 -0.01729294104276
 0.00503834489972 -0.01439356064037
 0.00304991451156 -0.01116121464231
 0.00155685477610 -0.00710222323927
 0.00056065400778 -0.00266795751268
 0.00006230524117 -0.00031761437090
 0.00000000000000  0.00000000000000
 0.00024920543691  0.00119890165098
 0.00099657333425  0.00542437478355
 0.00224135869945  0.01081396131860
 0.00398232070337  0.01498820981798
 0.00621772391724  0.01889639305119
 0.00894534004251  0.02301972973945
 0.01216245013211  0.02719041766409
 0.01586584730075  0.03144493472690
 0.02005183992157  0.03573371859016
 0.02471625530611  0.04003511447939
 0.02985444386366  0.04432759200555
 0.03546128373613  0.04864822303828
 0.04153118590361  0.05297590486437
 0.04805809975559  0.05728717449721
 0.05503551912241  0.06156309790025
 0.06245648876070  0.06581030670579
 0.07031361128654  0.07000472647991
 0.07859905454932  0.07412354510530
 0.08730455943901  0.07815128134893
 0.09642144811901  0.08207016248240
 0.10594063267640  0.08588143733789
 0.11585262418101  0.08957635035300
 0.12614754214415  0.09311747553600
 0.13681512436768  0.09648610832271
 0.14784473717366  0.09968067442717
 0.15922538600418  0.10273722391212
 0.17094572638098  0.10551669949423
 0.18299407521388  0.10816582752136
 0.19535842244674  0.11055821451760
 0.20802644302935  0.11269543192401
 0.22098550920328  0.11461082061582
 0.23422270308955  0.11629826403215
 0.24772482956541  0.11765734235784
 0.26147842941756  0.11871942557600
 0.27546979275854  0.11949701254689
 0.28968497269311  0.12002114030050
 0.30410979922075  0.12023936128413
 0.31872989336069  0.12012054214576
 0.33353068148512  0.11972884031701
 0.34849740984656  0.11901539817011
 0.36361515928470  0.11807536602911
 0.37886886009811  0.11685791477899
 0.39424330706609  0.11537911564846
 0.40972317460555  0.11364978999348
 0.42529303204787  0.11173337717266
 0.44093735902055  0.10950225721983
 0.45664056091822  0.10699605192535
 0.47238698444775  0.10406760598885
 0.48816093323169  0.10098765263381
 0.50394668345486  0.09849923086648
 0.51972849953813  0.09592819375622
 0.53549064982401  0.09321841229116
 0.55121742225831  0.09043022890054
 0.56689314005224  0.08757814883300
 0.58250217730940  0.08465854870665
 0.59802897460199  0.08168267378663
 0.61345805448080  0.07865737898512
 0.62877403690345  0.07558212832542
 0.64396165456558  0.07251773797233
 0.65900576811962  0.06944720525925
 0.67389138126599  0.06638874581981
 0.68860365570179  0.06331108176690
 0.70312792591189  0.06018260395180
 0.71744971378790  0.05711686807794
 0.73155474306017  0.05408367879375
 0.74542895352880  0.05109560240708
 0.75905851507904  0.04818392662813
 0.77242984146754  0.04534092063181
 0.78552960386535  0.04255235850962
 0.79834474414443  0.03982711096271
 0.81086248789425  0.03719605126203
 0.82307035715560  0.03466346793429
 0.83495618285893  0.03222365436099
 0.84650811695467  0.02987527099133
 0.85771464422369  0.02761171305595
 0.86856459375589  0.02543481485094
 0.87904715008562  0.02336961642270
 0.88915186397276  0.02139727981663
 0.89886866281876  0.01951573902558
 0.90818786070720  0.01773684304093
 0.91710016805896  0.01604753848065
 0.92559670089225  0.01445598748844
 0.93366898967836  0.01296126598319
 0.94130898778427  0.01155517598591
 0.94850907949373  0.01025360835482
 0.95526208759873  0.00904767697525
 0.96156128055393  0.00792719206893
 0.96740037918680  0.00689600482266
 0.97277356295683  0.00595414043200
 0.97767547575760  0.00510135808821
 0.98210123125581  0.00433773739076
 0.98604641776213  0.00366322947643
 0.98950710262886  0.00307972450205
 0.99247983617006  0.00257104735537
 0.99496165510028  0.00214427425998
 0.99695008548844  0.00180283278704
 0.99844314522390  0.00155002426190
 0.99943934599222  0.00137899146318
 0.99993769475883  0.00130353385696
</coords>