<reference>
Airfoil "Interp_079310" created on 04-Oct-2021 11:48:48 for blade project BAR0_NREL_1_4_2021_numad
</reference>
<coords>
 1.00000000000000 -0.00000221039689
 0.99975079456309 -0.00012389320921
 0.99900342666575 -0.00033777230178
 0.99775864130055 -0.00012353758624
 0.99601767929663  0.00004183004961
 0.99378227608276  0.00022670822869
 0.99105465995749  0.00051072790691
 0.98783754986789  0.00080650722657
 0.98413415269925  0.00114291153448
 0.97994816007843  0.00151773096141
 0.97528374469389  0.00191910062679
 0.97014555613634  0.00234784119652
 0.96453871626387  0.00279954579163
 0.95846881409639  0.00326976719965
 0.95194190024441  0.00375648183828
 0.94496448087759  0.00425795363391
 0.93754351123930  0.00475781713039
 0.92968638871346  0.00521828554776
 0.92140094545068  0.00559776861207
 0.91269544056099  0.00588668166425
 0.90357855188099  0.00606144080165
 0.89405936732360  0.00610596867756
 0.88414737581899  0.00602210153408
 0.87385245785585  0.00578879526034
 0.86318487563232  0.00539893680684
 0.85215526282634  0.00484417994033
 0.84077461399582  0.00409719050776
 0.82905427361902  0.00316016456051
 0.81700592478612  0.00202716893093
 0.80464157755326  0.00068185599978
 0.79197355697065 -0.00088731567796
 0.77901449079672 -0.00269757854752
 0.76577729691045 -0.00474037266099
 0.75227517043459 -0.00699956588973
 0.73852157058244 -0.00948482407680
 0.72453020724146 -0.01220224277884
 0.71031502730689 -0.01514656628019
 0.69589020077925 -0.01831144729915
 0.68127010663931 -0.02169585971799
 0.66646931851488 -0.02530111575287
 0.65150259015344 -0.02908415529504
 0.63638484071530 -0.03302537556220
 0.62113113990189 -0.03709889857304
 0.60575669293391 -0.04126620471617
 0.59027682539445 -0.04551635481586
 0.57470696795213 -0.04978119981717
 0.55906264097945 -0.05402130955420
 0.54335943908178 -0.05821418148526
 0.52761301555225 -0.06231488682050
 0.51183906676831 -0.06630796360615
 0.49605331654514 -0.07014049122080
 0.48027150046187 -0.07375339913671
 0.46450935017599 -0.07720233784387
 0.44878257774169 -0.08029652207578
 0.43310685994776 -0.08303802693209
 0.41749782269060 -0.08543614739313
 0.40197102539801 -0.08748803397245
 0.38654194551920 -0.08921362804575
 0.37122596309655 -0.09061988471760
 0.35603834543442 -0.09168957093836
 0.34099423188038 -0.09244883768189
 0.32610861873401 -0.09290157453447
 0.31139634429821 -0.09304273556074
 0.29687207408811 -0.09290780408100
 0.28255028621210 -0.09250362449439
 0.26844525693983 -0.09182918216063
 0.25457104647120 -0.09092492563884
 0.24094148492096 -0.08979046381738
 0.22757015853246 -0.08842855410039
 0.21447039613465 -0.08687058500910
 0.20165525585557 -0.08512057707207
 0.18913751210575 -0.08317487000190
 0.17692964284440 -0.08105055830659
 0.16504381714107 -0.07877692848847
 0.15349188304533 -0.07634554451683
 0.14228535577631 -0.07379100036869
 0.13143540624411 -0.07113017039655
 0.12095284991438 -0.06836082815620
 0.11084813602724 -0.06550261628770
 0.10113133718124 -0.06255574636954
 0.09181213929280 -0.05954229136248
 0.08289983194104 -0.05647444264857
 0.07440329910775 -0.05336068619805
 0.06633101032164 -0.05021962305944
 0.05869101221573 -0.04706805301670
 0.05149092050627 -0.04390340189088
 0.04473791240127 -0.04072523949947
 0.03843871944607 -0.03755444315395
 0.03259962081320 -0.03439641405371
 0.02722643704317 -0.03126486659204
 0.02232452424240 -0.02817096845221
 0.01789876874419 -0.02512093668859
 0.01395358223787 -0.02215329211586
 0.01049289737114 -0.01920834960824
 0.00752016382994 -0.01637874656531
 0.00503834489972 -0.01370256751938
 0.00304991451156 -0.01063585652363
 0.00155685477610 -0.00652434261805
 0.00056065400778 -0.00241224173505
 0.00006230524117 -0.00031235607693
 0.00000000000000  0.00000000000000
 0.00024920543691  0.00102564487613
 0.00099657333425  0.00481009615481
 0.00224135869945  0.01016248474350
 0.00398232070337  0.01416642609797
 0.00621772391724  0.01782696933349
 0.00894534004251  0.02176474277145
 0.01216245013211  0.02574186771255
 0.01586584730075  0.02982050750505
 0.02005183992157  0.03393763234923
 0.02471625530611  0.03809478973607
 0.02985444386366  0.04226837080102
 0.03546128373613  0.04647368160663
 0.04153118590361  0.05068790327714
 0.04805809975559  0.05488954316877
 0.05503551912241  0.05906219156494
 0.06245648876070  0.06321493001238
 0.07031361128654  0.06732356684779
 0.07859905454932  0.07136852101283
 0.08730455943901  0.07533529306301
 0.09642144811901  0.07920547236218
 0.10594063267640  0.08298393082173
 0.11585262418101  0.08666341748485
 0.12614754214415  0.09020127858706
 0.13681512436768  0.09358060863403
 0.14784473717366  0.09680407710051
 0.15922538600418  0.09991609679329
 0.17094572638098  0.10274424910525
 0.18299407521388  0.10547129846724
 0.19535842244674  0.10795036319983
 0.20802644302935  0.11018559762657
 0.22098550920328  0.11221463622046
 0.23422270308955  0.11403009206385
 0.24772482956541  0.11550935708285
 0.26147842941756  0.11668707257646
 0.27546979275854  0.11758206137460
 0.28968497269311  0.11823778305611
 0.30410979922075  0.11857962286068
 0.31872989336069  0.11857242176503
 0.33353068148512  0.11829479353713
 0.34849740984656  0.11767817830438
 0.36361515928470  0.11684895753376
 0.37886886009811  0.11574037757161
 0.39424330706609  0.11437861879857
 0.40972317460555  0.11277930355668
 0.42529303204787  0.11103926862845
 0.44093735902055  0.10902544582791
 0.45664056091822  0.10684540540167
 0.47238698444775  0.10445186946350
 0.48816093323169  0.10187448382772
 0.50394668345486  0.09931511670273
 0.51972849953813  0.09667268963229
 0.53549064982401  0.09387412781257
 0.55121742225831  0.09098906680675
 0.56689314005224  0.08803494324976
 0.58250217730940  0.08500387921574
 0.59802897460199  0.08191089503864
 0.61345805448080  0.07876100101705
 0.62877403690345  0.07555048152499
 0.64396165456558  0.07235020008327
 0.65900576811962  0.06913950289883
 0.67389138126599  0.06594426293409
 0.68860365570179  0.06276669507895
 0.70312792591189  0.05958171396169
 0.71744971378790  0.05646844941514
 0.73155474306017  0.05339150929320
 0.74542895352880  0.05036270098542
 0.75905851507904  0.04741726580319
 0.77242984146754  0.04454760841702
 0.78552960386535  0.04175753737807
 0.79834474414443  0.03905238509691
 0.81086248789425  0.03643917835867
 0.82307035715560  0.03392292932243
 0.83495618285893  0.03149974019065
 0.84650811695467  0.02916773137587
 0.85771464422369  0.02691876313198
 0.86856459375589  0.02475543675681
 0.87904715008562  0.02270677964054
 0.88915186397276  0.02075013110426
 0.89886866281876  0.01888333103610
 0.90818786070720  0.01712227640087
 0.91710016805896  0.01544998524457
 0.92559670089225  0.01387632003697
 0.93366898967836  0.01240004614425
 0.94130898778427  0.01101037013590
 0.94850907949373  0.00972747103633
 0.95526208759873  0.00854088986138
 0.96156128055393  0.00743834099112
 0.96740037918680  0.00642432888075
 0.97277356295683  0.00549869086265
 0.97767547575760  0.00466081182504
 0.98210123125581  0.00391034121044
 0.98604641776213  0.00324649737211
 0.98950710262886  0.00266842555727
 0.99247983617006  0.00217506308088
 0.99496165510028  0.00176556778599
 0.99695008548844  0.00143916032373
 0.99844314522390  0.00119499180598
 0.99943934599222  0.00103260895918
 0.99993769475883  0.00095253940402
</coords>