<reference>
Airfoil "Interp_055172" created on 04-Oct-2021 11:48:48 for blade project BAR0_NREL_1_4_2021_numad
</reference>
<coords>
 1.00000000000000  0.00000000000000
 1.00000000000000 -0.00000832625507
 0.99975079456309  0.00193371775675
 0.99900342666575 -0.00267380803601
 0.99775864130055 -0.00247020770420
 0.99601767929663 -0.00221318337532
 0.99378227608276 -0.00189453369125
 0.99105465995749 -0.00150370495904
 0.98783754986789 -0.00108244541617
 0.98413415269925 -0.00061172662637
 0.97994816007843 -0.00009376040571
 0.97528374469389  0.00046088856927
 0.97014555613634  0.00104557837780
 0.96453871626387  0.00165292774536
 0.95846881409639  0.00227438381129
 0.95194190024441  0.00290548626163
 0.94496448087759  0.00354329728912
 0.93754351123930  0.00414884313141
 0.92968638871346  0.00469047309236
 0.92140094545068  0.00515337336816
 0.91269544056099  0.00551427888092
 0.90357855188099  0.00573868133984
 0.89405936732360  0.00580839501531
 0.88414737581899  0.00572755450237
 0.87385245785585  0.00546290755379
 0.86318487563232  0.00500971549610
 0.85215526282634  0.00437214449865
 0.84077461399582  0.00352286099432
 0.82905427361902  0.00245002546957
 0.81700592478612  0.00114419277331
 0.80464157755326 -0.00041239536011
 0.79197355697065 -0.00225059977728
 0.77901449079672 -0.00439300524896
 0.76577729691045 -0.00691228773755
 0.75227517043459 -0.00975160173650
 0.73852157058244 -0.01291047162476
 0.72453020724146 -0.01636792961967
 0.71031502730689 -0.02010755489013
 0.69589020077925 -0.02412390806262
 0.68127010663931 -0.02839525609332
 0.66646931851488 -0.03283763220909
 0.65150259015344 -0.03749073090674
 0.63638484071530 -0.04231347810726
 0.62113113990189 -0.04725807733890
 0.60575669293391 -0.05227485084881
 0.59027682539445 -0.05732947116247
 0.57470696795213 -0.06236728263852
 0.55906264097945 -0.06733932886483
 0.54335943908178 -0.07220789546498
 0.52761301555225 -0.07693022763116
 0.51183906676831 -0.08146305751726
 0.49605331654514 -0.08578269005509
 0.48027150046187 -0.08984932031497
 0.46450935017599 -0.09366847658909
 0.44878257774169 -0.09713938376723
 0.43310685994776 -0.10026489567285
 0.41749782269060 -0.10305111222319
 0.40197102539801 -0.10547877111221
 0.38654194551920 -0.10757178215956
 0.37122596309655 -0.10931123249624
 0.35603834543442 -0.11069716309683
 0.34099423188038 -0.11173977844146
 0.32610861873401 -0.11245461865228
 0.31139634429821 -0.11282959707431
 0.29687207408811 -0.11288952566025
 0.28255028621210 -0.11263294831556
 0.26844525693983 -0.11206472759566
 0.25457104647120 -0.11121645710078
 0.24094148492096 -0.11007806868415
 0.22757015853246 -0.10867409499107
 0.21447039613465 -0.10699921750124
 0.20165525585557 -0.10507040163537
 0.18913751210575 -0.10289308603754
 0.17692964284440 -0.10048167658992
 0.16504381714107 -0.09785156193899
 0.15349188304533 -0.09500962379280
 0.14228535577631 -0.09197488162841
 0.13143540624411 -0.08877313731621
 0.12095284991438 -0.08540669517419
 0.11084813602724 -0.08189547190981
 0.10113133718124 -0.07825490310763
 0.09181213929280 -0.07450596238214
 0.08289983194104 -0.07067315687608
 0.07440329910775 -0.06676175577785
 0.06633101032164 -0.06280243176043
 0.05869101221573 -0.05879696630812
 0.05149092050627 -0.05477873690461
 0.04473791240127 -0.05076136171277
 0.03843871944607 -0.04675647247531
 0.03259962081320 -0.04277241257283
 0.02722643704317 -0.03881705592458
 0.02232452424240 -0.03490840608322
 0.01789876874419 -0.03105469397700
 0.01395358223787 -0.02724136389075
 0.01049289737114 -0.02346663684192
 0.00752016382994 -0.01969882501561
 0.00503834489972 -0.01631296818440
 0.00304991451156 -0.01286646330529
 0.00155685477610 -0.00867541661092
 0.00056065400778 -0.00332260679156
 0.00006230524117 -0.00032831310510
 0.00000000000000  0.00000000000000
 0.00006230524117  0.00051448478072
 0.00056065400778  0.00413845880230
 0.00155685477610  0.01065338159795
 0.00304991451156  0.01553470985484
 0.00503834489972  0.01994498551843
 0.00752016382994  0.02447053887723
 0.01049289737114  0.02891740686113
 0.01395358223787  0.03349616200940
 0.01789876874419  0.03808986625309
 0.02232452424240  0.04271467477145
 0.02722643704317  0.04734023856080
 0.03259962081320  0.05193198429035
 0.03843871944607  0.05651594320473
 0.04473791240127  0.06106170958461
 0.05149092050627  0.06554844269517
 0.05869101221573  0.06996635698367
 0.06633101032164  0.07431620649328
 0.07440329910775  0.07857173045699
 0.08289983194104  0.08271927905128
 0.09181213929280  0.08674805704537
 0.10113133718124  0.09064138928619
 0.11084813602724  0.09438670638950
 0.12095284991438  0.09797249351030
 0.13143540624411  0.10138812523770
 0.14228535577631  0.10461290694999
 0.15349188304533  0.10763656512445
 0.16504381714107  0.11045074945743
 0.17692964284440  0.11304483809655
 0.18913751210575  0.11540999386871
 0.20165525585557  0.11752473099220
 0.21447039613465  0.11938652709325
 0.22757015853246  0.12100472247935
 0.24094148492096  0.12235829151188
 0.25457104647120  0.12343761306028
 0.26844525693983  0.12425418103885
 0.28255028621210  0.12478521888610
 0.29687207408811  0.12505076314343
 0.31139634429821  0.12503869751508
 0.32610861873401  0.12474881919596
 0.34099423188038  0.12420239174862
 0.35603834543442  0.12340565069350
 0.37122596309655  0.12237448863780
 0.38654194551920  0.12111475311561
 0.40197102539801  0.11964439595398
 0.41749782269060  0.11798111966860
 0.43310685994776  0.11612372734964
 0.44878257774169  0.11407889399254
 0.46450935017599  0.11186752509828
 0.48027150046187  0.10947719613452
 0.49605331654514  0.10698977171747
 0.51183906676831  0.10440122485090
 0.52761301555225  0.10170198130496
 0.54335943908178  0.09890067231265
 0.55906264097945  0.09601405979795
 0.57470696795213  0.09304665251974
 0.59027682539445  0.09001106937438
 0.60575669293391  0.08692246077472
 0.62113113990189  0.08377824939607
 0.63638484071530  0.08060084263178
 0.65150259015344  0.07740860717495
 0.66646931851488  0.07419760547047
 0.68127010663931  0.07098766305038
 0.69589020077925  0.06785312957543
 0.71031502730689  0.06474903780192
 0.72453020724146  0.06167268546242
 0.73852157058244  0.05862750141556
 0.75227517043459  0.05563764062382
 0.76577729691045  0.05270337720453
 0.77901449079672  0.04982592546831
 0.79197355697065  0.04695690875188
 0.80464157755326  0.04416698479152
 0.81700592478612  0.04146840085968
 0.82905427361902  0.03885781046317
 0.84077461399582  0.03633050673375
 0.85215526282634  0.03389416948867
 0.86318487563232  0.03154741139519
 0.87385245785585  0.02929208526857
 0.88414737581899  0.02713353567272
 0.89405936732360  0.02507555286650
 0.90357855188099  0.02310692699281
 0.91269544056099  0.02123233960485
 0.92140094545068  0.01945851435086
 0.92968638871346  0.01777818904344
 0.93754351123930  0.01619675038162
 0.94496448087759  0.01471272538291
 0.95194190024441  0.01332088252777
 0.95846881409639  0.01202123742850
 0.96453871626387  0.01081476246059
 0.97014555613634  0.00970251951165
 0.97528374469389  0.00868547268487
 0.97994816007843  0.00776475258707
 0.98413415269925  0.00694146504811
 0.98783754986789  0.00621802842097
 0.99105465995749  0.00559095403989
 0.99378227608276  0.00504199278333
 0.99601767929663  0.00459069651954
 0.99775864130055  0.00424077008526
 0.99900342666575  0.00399378109684
 0.99975079456309  0.00408275357896
 1.00000000000000  0.00000832625507
</coords>