<reference>
Airfoil "Interp_044827" created on 04-Oct-2021 11:48:48 for blade project BAR0_NREL_1_4_2021_numad
</reference>
<coords>
 1.00000000000000  0.00000000000000
 1.00000000000000 -0.00002401792303
 0.99975079456309  0.00052952774482
 0.99900342666575 -0.00532659654426
 0.99775864130055 -0.00492887402579
 0.99601767929663 -0.00452548438726
 0.99378227608276 -0.00407432945957
 0.99105465995749 -0.00357788124319
 0.98783754986789 -0.00302707806715
 0.98413415269925 -0.00243709346365
 0.97994816007843 -0.00181129326641
 0.97528374469389 -0.00115683973855
 0.97014555613634 -0.00048192091112
 0.96453871626387  0.00020451515792
 0.95846881409639  0.00089149414422
 0.95194190024441  0.00157142242700
 0.94496448087759  0.00223812153638
 0.93754351123930  0.00284797794737
 0.92968638871346  0.00337182956651
 0.92140094545068  0.00380397717051
 0.91269544056099  0.00412206040030
 0.90357855188099  0.00430618869443
 0.89405936732360  0.00438625953295
 0.88414737581899  0.00436120505073
 0.87385245785585  0.00394206813828
 0.86318487563232  0.00330199692251
 0.85215526282634  0.00243986772847
 0.84077461399582  0.00133219510674
 0.82905427361902 -0.00003872497314
 0.81700592478612 -0.00168357093373
 0.80464157755326 -0.00362289349660
 0.79197355697065 -0.00588929741757
 0.77901449079672 -0.00850484992762
 0.76577729691045 -0.01134565648216
 0.75227517043459 -0.01453058010269
 0.73852157058244 -0.01805128930537
 0.72453020724146 -0.02188578949982
 0.71031502730689 -0.02602111988236
 0.69589020077925 -0.03044490150815
 0.68127010663931 -0.03514918944560
 0.66646931851488 -0.04016860850907
 0.65150259015344 -0.04538137552142
 0.63638484071530 -0.05075151065416
 0.62113113990189 -0.05623440564462
 0.60575669293391 -0.06178278199543
 0.59027682539445 -0.06735480733672
 0.57470696795213 -0.07290278008550
 0.55906264097945 -0.07838236330060
 0.54335943908178 -0.08375399739461
 0.52761301555225 -0.08897641981154
 0.51183906676831 -0.09401367954227
 0.49605331654514 -0.09885462670649
 0.48027150046187 -0.10347460472422
 0.46450935017599 -0.10785589130750
 0.44878257774169 -0.11186634523863
 0.43310685994776 -0.11538017324830
 0.41749782269060 -0.11856776316295
 0.40197102539801 -0.12140720427199
 0.38654194551920 -0.12390810621396
 0.37122596309655 -0.12606443458572
 0.35603834543442 -0.12787140725113
 0.34099423188038 -0.12933561081460
 0.32610861873401 -0.13046557328778
 0.31139634429821 -0.13126342298544
 0.29687207408811 -0.13173566007044
 0.28255028621210 -0.13188888371233
 0.26844525693983 -0.13171924843098
 0.25457104647120 -0.13124091150334
 0.24094148492096 -0.13045808089773
 0.22757015853246 -0.12937578353681
 0.21447039613465 -0.12798507840260
 0.20165525585557 -0.12628794661012
 0.18913751210575 -0.12428383155026
 0.17692964284440 -0.12197935886756
 0.16504381714107 -0.11937127756972
 0.15349188304533 -0.11639350751995
 0.14228535577631 -0.11300089270371
 0.13143540624411 -0.10937837310569
 0.12095284991438 -0.10553648028814
 0.11084813602724 -0.10149769558006
 0.10113133718124 -0.09727464755000
 0.09181213929280 -0.09289166385139
 0.08289983194104 -0.08837384986495
 0.07440329910775 -0.08373154178872
 0.06633101032164 -0.07899680469189
 0.05869101221573 -0.07417102270311
 0.05149092050627 -0.06929630888267
 0.04473791240127 -0.06436484105065
 0.03843871944607 -0.05930070527401
 0.03259962081320 -0.05425194828974
 0.02722643704317 -0.04921944084119
 0.02232452424240 -0.04421799415144
 0.01789876874419 -0.03929378027151
 0.01395358223787 -0.03445359607111
 0.01049289737114 -0.02971361623866
 0.00752016382994 -0.02513150281982
 0.00503834489972 -0.02086175508985
 0.00304991451156 -0.01638886313065
 0.00155685477610 -0.01165160351514
 0.00056065400778 -0.00537021930892
 0.00006230524117 -0.00058528854807
 0.00000000000000  0.00000000000000
 0.00006230524117  0.00069277129639
 0.00056065400778  0.00604686650119
 0.00155685477610  0.01326133699105
 0.00304991451156  0.01861269987060
 0.00503834489972  0.02388993820208
 0.00752016382994  0.02893597003818
 0.01049289737114  0.03396153965457
 0.01395358223787  0.03926376989465
 0.01789876874419  0.04469674429081
 0.02232452424240  0.05015479920410
 0.02722643704317  0.05551948362057
 0.03259962081320  0.06080273315698
 0.03843871944607  0.06603848196858
 0.04473791240127  0.07123243975084
 0.05149092050627  0.07629878728305
 0.05869101221573  0.08124544826177
 0.06633101032164  0.08608413808701
 0.07440329910775  0.09079706088958
 0.08289983194104  0.09536960891768
 0.09181213929280  0.09978058209403
 0.10113133718124  0.10401893646914
 0.11084813602724  0.10805678696481
 0.12095284991438  0.11189169607258
 0.13143540624411  0.11550792776730
 0.14228535577631  0.11889349893364
 0.15349188304533  0.12202291602576
 0.16504381714107  0.12473051502947
 0.17692964284440  0.12706950768356
 0.18913751210575  0.12909751523674
 0.20165525585557  0.13082542884753
 0.21447039613465  0.13225321771229
 0.22757015853246  0.13338679410213
 0.24094148492096  0.13424497703867
 0.25457104647120  0.13483618524691
 0.26844525693983  0.13516807946705
 0.28255028621210  0.13522288798803
 0.29687207408811  0.13502720457884
 0.31139634429821  0.13458919532789
 0.32610861873401  0.13389860922831
 0.34099423188038  0.13299485857875
 0.35603834543442  0.13186711168509
 0.37122596309655  0.13052707957806
 0.38654194551920  0.12899127738118
 0.40197102539801  0.12726679799271
 0.41749782269060  0.12536225363535
 0.43310685994776  0.12328599567717
 0.44878257774169  0.12105541545415
 0.46450935017599  0.11884253692506
 0.48027150046187  0.11654539664356
 0.49605331654514  0.11405098831428
 0.51183906676831  0.11139361354710
 0.52761301555225  0.10860695596702
 0.54335943908178  0.10571163375658
 0.55906264097945  0.10271820160741
 0.57470696795213  0.09963347542962
 0.59027682539445  0.09647779217053
 0.60575669293391  0.09326791595024
 0.62113113990189  0.09000779544895
 0.63638484071530  0.08671546670457
 0.65150259015344  0.08340906127056
 0.66646931851488  0.08009592744045
 0.68127010663931  0.07679626667775
 0.69589020077925  0.07344269738401
 0.71031502730689  0.07010428427856
 0.72453020724146  0.06679267768619
 0.73852157058244  0.06352088677065
 0.75227517043459  0.06030833641753
 0.76577729691045  0.05715866489155
 0.77901449079672  0.05407740141738
 0.79197355697065  0.05119394281750
 0.80464157755326  0.04837654036365
 0.81700592478612  0.04562931429022
 0.82905427361902  0.04295330972970
 0.84077461399582  0.04035095077791
 0.85215526282634  0.03782871448036
 0.86318487563232  0.03539165160730
 0.87385245785585  0.03303712434403
 0.88414737581899  0.03077255244216
 0.89405936732360  0.02842992996704
 0.90357855188099  0.02625340877261
 0.91269544056099  0.02424109131583
 0.92140094545068  0.02235241909191
 0.92968638871346  0.02056861970568
 0.93754351123930  0.01889178413683
 0.94496448087759  0.01731783479245
 0.95194190024441  0.01583983001094
 0.95846881409639  0.01445991975364
 0.96453871626387  0.01318001165752
 0.97014555613634  0.01200167220106
 0.97528374469389  0.01092644880816
 0.97994816007843  0.00995520149760
 0.98413415269925  0.00909014514620
 0.98783754986789  0.00832936106577
 0.99105465995749  0.00766924644053
 0.99378227608276  0.00713214737424
 0.99601767929663  0.00670786132073
 0.99775864130055  0.00639384540856
 0.99900342666575  0.00628834865914
 0.99975079456309  0.00579217903708
 1.00000000000000  0.00002401792303
</coords>