<reference>
Airfoil "Interp_017241" created on 04-Oct-2021 11:48:48 for blade project BAR0_NREL_1_4_2021_numad
</reference>
<coords>
 1.00000000000000  0.00000000000000
 0.98431523075272 -0.01187007632701
 0.96863111656192 -0.01530558320667
 0.95295156988675 -0.01920943383563
 0.93728050447676 -0.02371642131110
 0.92162183439039 -0.02935073781066
 0.90597947301111 -0.03572842069244
 0.89035733206114 -0.04269784062004
 0.87475932061339 -0.05021914304836
 0.85918934410153 -0.05809607137265
 0.84365130332864 -0.06630549142066
 0.82814909347470 -0.07478691950669
 0.81268660310312 -0.08334322748376
 0.79726771316663 -0.09212592099162
 0.78189629601273 -0.10112598792896
 0.76657621438916 -0.11006668442527
 0.75131132044936 -0.11893242554874
 0.73610545475856 -0.12781212084819
 0.72096244530045 -0.13657919937614
 0.70588610648494 -0.14514235891737
 0.69088023815724 -0.15341204380507
 0.67594862460843 -0.16146715550040
 0.66109503358802 -0.16935766591166
 0.64632321531856 -0.17685857979429
 0.63163690151280 -0.18404412859990
 0.61703980439358 -0.19092529554348
 0.60253561571668 -0.19747222372354
 0.58812800579716 -0.20369860084335
 0.57382062253918 -0.20961691594443
 0.55961709046984 -0.21523528323314
 0.54552100977727 -0.22051403975027
 0.53153595535315 -0.22538267595940
 0.51766547584018 -0.22987204359857
 0.50391309268453 -0.23410382237274
 0.49028229919388 -0.23801824360237
 0.47677655960104 -0.24143954703214
 0.46339930813368 -0.24464712922470
 0.45015394809035 -0.24754174659714
 0.43704385092308 -0.24995886374120
 0.42407235532701 -0.25209710396722
 0.41124276633708 -0.25395578499405
 0.39855835443239 -0.25553706421106
 0.38602235464820 -0.25685074778991
 0.37363796569619 -0.25783955411447
 0.36140834909297 -0.25845785676728
 0.34933662829738 -0.25882567855937
 0.33742588785669 -0.25905770603655
 0.32567917256210 -0.25887802629090
 0.31409948661377 -0.25841143837271
 0.30268979279566 -0.25775074010659
 0.29145301166055 -0.25682955248531
 0.28039202072537 -0.25579516283984
 0.26950965367721 -0.25442677937413
 0.25880869959036 -0.25273199827426
 0.24829190215443 -0.25093685051942
 0.23796195891408 -0.24882337998624
 0.22782152052040 -0.24657268123372
 0.21787318999434 -0.24418712234902
 0.20811952200246 -0.24151335395240
 0.19856302214509 -0.23863946242035
 0.18920614625740 -0.23565541113903
 0.18005129972340 -0.23239954250580
 0.17110083680324 -0.22895395782308
 0.16235705997408 -0.22545653560491
 0.15382221928460 -0.22165253487365
 0.14549851172357 -0.21773682297213
 0.13738808060262 -0.21367795156884
 0.12949301495343 -0.20944672734986
 0.12181534893956 -0.20502032497716
 0.11435706128317 -0.20042250029244
 0.10712007470678 -0.19577684037681
 0.10010625539036 -0.19084307898601
 0.09331741244386 -0.18582425717115
 0.08675529739539 -0.18063699500039
 0.08042160369531 -0.17523869744380
 0.07431796623635 -0.16974955305026
 0.06844596088990 -0.16408069859335
 0.06280710405874 -0.15821421214575
 0.05740285224633 -0.15230653831546
 0.05223460164280 -0.14628423238005
 0.04730368772777 -0.14019041826600
 0.04261138489028 -0.13397657986945
 0.03815890606579 -0.12743427651526
 0.03394740239052 -0.12096757989873
 0.02997796287323 -0.11435595677158
 0.02625161408453 -0.10739524004652
 0.02276931986381 -0.10031703314302
 0.01953198104402 -0.09335274881300
 0.01654043519430 -0.08622731384987
 0.01379545638058 -0.07905961620916
 0.01129775494422 -0.07200646194603
 0.00904797729885 -0.06467956911432
 0.00704670574543 -0.05709685501152
 0.00529445830554 -0.04910211698707
 0.00379168857312 -0.04048936260602
 0.00253878558456 -0.03166760551149
 0.00153607370727 -0.02292392879878
 0.00078381254678 -0.01468601488398
 0.00028219687236 -0.00612347878488
 0.00003135656120 -0.00225432628729
 0.00000000000000  0.00000000000000
 0.00012542421504  0.00593726492055
 0.00050166438505  0.01147305430218
 0.00112862309400  0.01957922566229
 0.00200613801284  0.02786508221606
 0.00313398194604  0.03753596594555
 0.00451186289666  0.04663929104531
 0.00613942415004  0.05606797371188
 0.00801624437592  0.06432330089830
 0.01014183774917  0.07201291844965
 0.01251565408881  0.07936082915748
 0.01513707901559  0.08659730117657
 0.01800543412774  0.09396324495391
 0.02111997719509  0.10110650166644
 0.02447990237129  0.10841896881065
 0.02808434042427  0.11565042849940
 0.03193235898455  0.12261192210363
 0.03602296281161  0.12945207558747
 0.04035509407804  0.13619854190293
 0.04492763267142  0.14292335314820
 0.04973939651376  0.14941361161495
 0.05478914189854  0.15574115348604
 0.06007556384498  0.16202683223958
 0.06559729646962  0.16817948203980
 0.07135291337496  0.17419197882845
 0.07734092805510  0.18001102706048
 0.08355979431805  0.18566183316052
 0.09000790672482  0.19111656492864
 0.09668360104490  0.19633859458962
 0.10358515472805  0.20152194116391
 0.11071078739225  0.20644223087629
 0.11805866132759  0.21115617330813
 0.12562688201592  0.21581338443150
 0.13341349866607  0.22020061799087
 0.14141650476445  0.22444907959121
 0.14963383864086  0.22847215402901
 0.15806338404919  0.23232622359322
 0.16670297076299  0.23601590972430
 0.17555037518547  0.23950458122906
 0.18460332097392  0.24278598082164
 0.19385947967814  0.24584122770517
 0.20331647139279  0.24862105777907
 0.21297186542336  0.25118316031083
 0.22282318096555  0.25353880980266
 0.23286788779772  0.25567936363422
 0.24310340698636  0.25761649308603
 0.25352711160413  0.25929867954884
 0.26413632746035  0.26079394669188
 0.27492833384355  0.26204114386622
 0.28590036427603  0.26298607866574
 0.29704960727992  0.26380628263933
 0.30837320715461  0.26436929752508
 0.31986826476536  0.26465635694625
 0.33153183834255  0.26468296829186
 0.34336094429161  0.26440255076264
 0.35535255801309  0.26407018572614
 0.36750361473277  0.26344683059928
 0.37981101034147  0.26239886022559
 0.39227160224416  0.26127445656911
 0.40488221021831  0.25990624188526
 0.41763961728098  0.25827660920571
 0.43054057056451  0.25642064385945
 0.44358178220040  0.25421103573032
 0.45675993021115  0.25177602537955
 0.47007165940983  0.24914489301629
 0.48351358230690  0.24625914962983
 0.49708228002415  0.24308033306941
 0.51077430321546  0.23967658912396
 0.52458617299390  0.23602778869883
 0.53851438186515  0.23207490017591
 0.55255539466666  0.22787233677512
 0.56670564951248  0.22356109059935
 0.58096155874334  0.21899298157575
 0.59531950988164  0.21407980357144
 0.60977586659124  0.20907601688906
 0.62432696964151  0.20388950394444
 0.63896913787553  0.19838634780197
 0.65369866918205  0.19263323987452
 0.66851184147095  0.18677409082389
 0.68340491365188  0.18066840633337
 0.69837412661579  0.17424110009062
 0.71341570421908  0.16763020615802
 0.72852585427004  0.16091739795529
 0.74370076951734  0.15398869329441
 0.75893662864022  0.14680451976468
 0.77422959724011  0.13949677619291
 0.78957582883347  0.13188427916838
 0.80497146584543  0.12414225889971
 0.82041264060404  0.11623274902365
 0.83589547633486  0.10818329058728
 0.85141608815553  0.09982894400269
 0.86697058407013  0.09127366261531
 0.88255506596298  0.08255989547022
 0.89816563059171  0.07389796300796
 0.91379837057922  0.06485242978825
 0.92944937540429  0.05563610047499
 0.94511473239068  0.04631839264969
 0.96079052769429  0.03637434636976
 0.97647284728829  0.02605747218189
 0.99215777794581  0.01562774893222
</coords>