<reference>
Airfoil "Interp_010344" created on 05-Oct-2021 10:11:11 for blade project BAR2_HeavyTow_SNL_1_25_2021_numad
</reference>
<coords>
 1.00000000000000  0.00000000000000
 1.00000000000000 -0.01013125093608
 0.98421375798636 -0.01142446170264
 0.96843145023519 -0.01382614076899
 0.95265701002844 -0.01708604978158
 0.93689436868733 -0.02093139748342
 0.92114745459252 -0.02581579644605
 0.90542019220516 -0.03129737297444
 0.88971650108872 -0.03736373454380
 0.87404029493228 -0.04400739482294
 0.85839548057505 -0.05106206817817
 0.84278595703275 -0.05849499209895
 0.82721561452590 -0.06623393128171
 0.81168833351028 -0.07410113940844
 0.79620798370985 -0.08222863655181
 0.78077842315231 -0.09060967957893
 0.76540349720763 -0.09897869578401
 0.75008703762969 -0.10732135467369
 0.73483286160132 -0.11571830905491
 0.71964477078299 -0.12404408672863
 0.70452655036533 -0.13220778499322
 0.68948196812583 -0.14011989364662
 0.67451477348979 -0.14785037730057
 0.65962869659589 -0.15544963979354
 0.64482744736657 -0.16269285749641
 0.63011471458345 -0.16964290208446
 0.61549416496799 -0.17631173276503
 0.60096944226766 -0.18266848967126
 0.58654416634787 -0.18872128742922
 0.57222193228979 -0.19448329211350
 0.55800630949442 -0.19996561766670
 0.54390084079298 -0.20512311754699
 0.52990904156400 -0.20988866617812
 0.51603439885716 -0.21429557130910
 0.50228037052432 -0.21845869900262
 0.48865038435767 -0.22231996009640
 0.47514783723553 -0.22571846075785
 0.46177609427571 -0.22891378102708
 0.44853848799689 -0.23181464612900
 0.43543831748808 -0.23428289051455
 0.42247884758641 -0.23643451663020
 0.40966330806347 -0.23830029655256
 0.39699489282039 -0.23989990939199
 0.38447675909182 -0.24124594486570
 0.37211202665914 -0.24227562523140
 0.35990377707289 -0.24295041191588
 0.34785505288481 -0.24339717700760
 0.33596885688957 -0.24370564724726
 0.32424815137639 -0.24361905602651
 0.31269585739082 -0.24326198745994
 0.30131485400669 -0.24271912935028
 0.29010797760867 -0.24193136869761
 0.27907802118528 -0.24102854755441
 0.26822773363292 -0.23980592632679
 0.25755981907072 -0.23827663776228
 0.24707693616662 -0.23664456262537
 0.23678169747483 -0.23471110227160
 0.22667666878466 -0.23264586898451
 0.21676436848111 -0.23044857810853
 0.20704726691722 -0.22797662680555
 0.19752778579842 -0.22531146097414
 0.18820829757898 -0.22254115545902
 0.17909112487074 -0.21951396269647
 0.17017853986427 -0.21630523267711
 0.16147276376262 -0.21304474528739
 0.15297596622770 -0.20949081555630
 0.14469026483959 -0.20582441552498
 0.13661772456878 -0.20202105251225
 0.12876035726154 -0.19805130438954
 0.12112012113854 -0.19389572314130
 0.11369892030679 -0.18957920429644
 0.10649860428513 -0.18520496801436
 0.09952096754325 -0.18057110928474
 0.09276774905452 -0.17584717565015
 0.08624063186256 -0.17096027240258
 0.07994124266183 -0.16587833757179
 0.07387115139216 -0.16071223937265
 0.06803187084757 -0.15537562744750
 0.06242485629917 -0.14985003544674
 0.05705150513256 -0.14428004309659
 0.05191315649949 -0.13859513713096
 0.04701109098416 -0.13283570577808
 0.04234653028407 -0.12696787402198
 0.03792063690554 -0.12079187769533
 0.03373451387398 -0.11467783525931
 0.02978920445901 -0.10842411927545
 0.02608569191446 -0.10184560002236
 0.02262489923329 -0.09516473686882
 0.01940768891760 -0.08856190646201
 0.01643486276363 -0.08180234565849
 0.01370716166200 -0.07501009943165
 0.01122526541300 -0.06831859355016
 0.00898979255721 -0.06139894148048
 0.00700130022133 -0.05426442949039
 0.00526028397934 -0.04673076334838
 0.00376717772899 -0.03857900504817
 0.00252235358366 -0.03007209254153
 0.00152612177962 -0.02167858600054
 0.00077873059872 -0.01378812420839
 0.00028036630652 -0.00552286488226
 0.00003115310584 -0.00191407765916
 0.00000000000000  0.00000000000000
 0.00003115310584  0.00237992082441
 0.00028036630652  0.00738215488763
 0.00077873059872  0.01519375134078
 0.00152612177962  0.02268471356599
 0.00252235358366  0.03063232906129
 0.00376717772899  0.04017025494392
 0.00526028397934  0.04922986769747
 0.00700130022133  0.05740436995839
 0.00898979255721  0.06497149678427
 0.01122526541300  0.07204545551847
 0.01370716166200  0.07891303902158
 0.01643486276363  0.08588707918828
 0.01940768891760  0.09278396758710
 0.02262489923329  0.09958591809739
 0.02608569191446  0.10655062248856
 0.02978920445901  0.11324813122737
 0.03373451387398  0.11978411336062
 0.03792063690554  0.12621725151060
 0.04234653028407  0.13260318753631
 0.04701109098416  0.13888045225246
 0.05191315649949  0.14493510260357
 0.05705150513256  0.15090857947622
 0.06242485629917  0.15679879847750
 0.06803187084757  0.16254591035701
 0.07387115139216  0.16813332544046
 0.07994124266183  0.17354433597943
 0.08624063186256  0.17878929749858
 0.09276774905452  0.18382246181367
 0.09952096754325  0.18870715926087
 0.10649860428513  0.19352110178549
 0.11369892030679  0.19799820716460
 0.12112012113854  0.20244639482714
 0.12876035726154  0.20668643269417
 0.13661772456878  0.21074288918072
 0.14469026483959  0.21462909457099
 0.15297596622770  0.21830743469121
 0.16147276376262  0.22183520105324
 0.17017853986427  0.22518949823488
 0.17909112487074  0.22833621273020
 0.18820829757898  0.23128124644398
 0.19752778579842  0.23398404622772
 0.20704726691722  0.23643474838489
 0.21676436848111  0.23869441589078
 0.22667666878466  0.24074795679773
 0.23678169747483  0.24260257052231
 0.24707693616662  0.24422953327651
 0.25755981907072  0.24563601728545
 0.26822773363292  0.24686178724627
 0.27907802118528  0.24778961790122
 0.29010797760867  0.24853381497557
 0.30131485400669  0.24911328504383
 0.31269585739082  0.24940586910586
 0.32424815137639  0.24946597595456
 0.33596885688957  0.24922949801787
 0.34785505288481  0.24882410332830
 0.35990377707289  0.24833667782275
 0.37211202665914  0.24740009061164
 0.38447675909182  0.24626437741524
 0.39699489282039  0.24501645930090
 0.40966330806347  0.24348545423461
 0.42247884758641  0.24175186675879
 0.43543831748808  0.23975787692968
 0.44853848799689  0.23751813407361
 0.46177609427571  0.23508961381099
 0.47514783723553  0.23244831827100
 0.48865038435767  0.22954206857398
 0.50228037052432  0.22638981893837
 0.51603439885716  0.22304310676812
 0.52990904156400  0.21942997335639
 0.54390084079298  0.21555145653570
 0.55800630949442  0.21151737086727
 0.57222193228979  0.20737365196344
 0.58654416634787  0.20288385276046
 0.60096944226766  0.19821687344511
 0.61549416496799  0.19346428807660
 0.63011471458345  0.18847651552375
 0.64482744736657  0.18319136087825
 0.65962869659589  0.17778527255831
 0.67451477348979  0.17223322361019
 0.68948196812583  0.16639352895947
 0.70452655036533  0.16029254174610
 0.71964477078299  0.15409856486058
 0.73483286160132  0.14775853075039
 0.75008703762969  0.14116842879705
 0.76540349720763  0.13441420762887
 0.78077842315231  0.12746631656897
 0.79620798370985  0.12026162565607
 0.81168833351028  0.11297349522003
 0.82721561452590  0.10549966811822
 0.84278595703275  0.09786804242817
 0.85839548057505  0.08991287132841
 0.87404029493228  0.08184984890333
 0.88971650108872  0.07370876433435
 0.90542019220516  0.06543472444781
 0.92114745459252  0.05694461619297
 0.93689436868733  0.04840002998529
 0.95265701002844  0.03963415399986
 0.96843145023519  0.03047357471411
 0.98421375798636  0.02101086788393
 1.00000000000000  0.01013125093608
</coords>