<reference>
Airfoil "Interp_082758" created on 05-Oct-2021 10:11:11 for blade project BAR2_HeavyTow_SNL_1_25_2021_numad
</reference>
<coords>
 1.00000000000000 -0.00000123275861
 0.99711633762907  0.00030656593014
 0.99381964822148  0.00054721232195
 0.99011121737556  0.00090997248540
 0.98599274211973  0.00107689551048
 0.98146632971929  0.00120324276648
 0.97653449607378  0.00140609179155
 0.97120016370657  0.00158417522151
 0.96546665934845  0.00168945274725
 0.95933771111765  0.00176821923427
 0.95281744529874  0.00185877773947
 0.94591038272375  0.00194126216728
 0.93862143475885  0.00200401438193
 0.93095589890046  0.00206810540738
 0.92291945398515  0.00212791729038
 0.91451815501792  0.00217679797062
 0.90575842762384  0.00221309853557
 0.89664706212864  0.00220752684117
 0.88719120727379  0.00212000935820
 0.87739836357241  0.00195064604320
 0.86727637631242  0.00168275879500
 0.85683342821379  0.00130153215432
 0.84607803174714  0.00081123267185
 0.83501902112113  0.00020074623470
 0.82366554394664 -0.00053853129328
 0.81202705258581 -0.00141238233823
 0.80011329519456 -0.00244001722664
 0.78793430646728 -0.00361848160296
 0.77550039809289 -0.00495465895737
 0.76282214893167 -0.00645757410004
 0.74991039492247 -0.00813476750043
 0.73677621873033 -0.01000298851621
 0.72343093914463 -0.01205242803406
 0.70988610023835 -0.01426461215442
 0.69615346029894 -0.01664881121211
 0.68224498054202 -0.01921481555196
 0.66817281361869 -0.02195161941709
 0.65394929192812 -0.02485133598454
 0.63958691574678 -0.02790599580579
 0.62509834118610 -0.03102972808026
 0.61049636799042 -0.03427923624186
 0.59579392718736 -0.03764543190743
 0.58100406860278 -0.04111592626333
 0.56613994825261 -0.04465750488668
 0.55121481562413 -0.04824500021363
 0.53624200085925 -0.05181758433119
 0.52123490185238 -0.05536001841343
 0.50620697127578 -0.05886088021865
 0.49117170354516 -0.06227677274158
 0.47614262173840 -0.06559271250201
 0.46113326448046 -0.06875922449277
 0.44615717280729 -0.07179055491851
 0.43122787702190 -0.07364716013978
 0.41635888355552 -0.07573503766831
 0.40156366184688 -0.07766864475779
 0.38685563125256 -0.07937301525840
 0.37224814800154 -0.08081863910762
 0.35775449220658 -0.08201473131622
 0.34338785494562 -0.08296658942675
 0.32916132542573 -0.08365019840840
 0.31508787824252 -0.08407545248948
 0.30118036074751 -0.08424457008594
 0.28745148053601 -0.08415386284687
 0.27391379306798 -0.08383962907374
 0.26057968943401 -0.08330270630249
 0.24746138427865 -0.08254264402280
 0.23457090389305 -0.08159129282127
 0.22192007448860 -0.08044983861395
 0.20952051066338 -0.07911629480706
 0.19738360407266 -0.07762346092405
 0.18552051231488 -0.07598037722649
 0.17394214804391 -0.07417300118965
 0.16265916831857 -0.07220765290590
 0.15168196419990 -0.07012256529699
 0.14102065060644 -0.06791078072153
 0.13068505643768 -0.06560116351359
 0.12068471497542 -0.06320971427537
 0.11102885457251 -0.06072765556107
 0.10172638963837 -0.05817162581273
 0.09278591193000 -0.05554321977928
 0.08421568215728 -0.05286478261538
 0.07602362191090 -0.05014240071158
 0.06821730592073 -0.04738382579990
 0.06080395465261 -0.04460460303716
 0.05379042725061 -0.04182366353839
 0.04718321483193 -0.03903179449281
 0.04098843414106 -0.03622492810229
 0.03521182156952 -0.03342399459879
 0.02985872754696 -0.03063652342123
 0.02493411130943 -0.02785572981694
 0.02044253604979 -0.02510692515038
 0.01638816445522 -0.02234922333114
 0.01277475463614 -0.01966515504650
 0.00960565645071 -0.01705642134973
 0.00688380822840 -0.01453399312486
 0.00461173389602 -0.01211083683401
 0.00279154050897 -0.00933058374493
 0.00142491619023 -0.00551304634182
 0.00051312847906 -0.00199604811024
 0.00005702309110 -0.00028594232520
 0.00000000000000  0.00000000000000
 0.00022807914038  0.00083421172103
 0.00091210500326  0.00445979179751
 0.00205144312088  0.01036426610017
 0.00364503673656  0.01426981958731
 0.00569140783844  0.01750892446013
 0.00818865860527  0.02102876112078
 0.01113447326277  0.02464000606185
 0.01452612034884  0.02834416692573
 0.01836045538519  0.03208976520179
 0.02263392395294  0.03590848795533
 0.02734256516906  0.03977122652577
 0.03248201556006  0.04366345400503
 0.03804751332938  0.04756765473499
 0.04403390301397  0.05146975954842
 0.05043564052558  0.05535537219480
 0.05724679857176  0.05923135753075
 0.06446107245112  0.06307719234531
 0.07207178621720  0.06687944811219
 0.08007189920471  0.07062850389297
 0.08845401291181  0.07430545335383
 0.09721037823149  0.07791106507145
 0.10633290302494  0.08144111787667
 0.11581316002934  0.08485915822641
 0.12564239509230  0.08815541624109
 0.13581153572478  0.09133228104859
 0.14631119996387  0.09442619759490
 0.15713170553683  0.09727413347400
 0.16826307931723  0.10003985488491
 0.17969506706371  0.10260330767613
 0.19141714343190  0.10497112085935
 0.20341852224937  0.10717233298759
 0.21568816704359  0.10919855280050
 0.22821480181232  0.11093379572624
 0.24098692202592  0.11240420787195
 0.25399280585044  0.11362816637789
 0.26722052558060  0.11465132625410
 0.28065795927117  0.11540011957607
 0.29429280255530  0.11584026692460
 0.30811258063800  0.11604122974729
 0.32210466045304  0.11593374652694
 0.33625626297101  0.11564135478994
 0.35055447564651  0.11510665085915
 0.36498626499207  0.11435699338933
 0.37953848926636  0.11340595703389
 0.39419791126405  0.11235170234074
 0.40895121119477  0.11109360281866
 0.42378499963833  0.10978647720525
 0.43868583056330  0.10849957546050
 0.45364021439626  0.10707159748181
 0.46863463112856  0.10496488995192
 0.48365554344775  0.10281618737174
 0.49868940988056  0.10051846155286
 0.51372269793458  0.09811725780825
 0.52874189722541  0.09560358059198
 0.54373353257656  0.09296173696938
 0.55868417707882  0.09023963756303
 0.57358046509642  0.08746357556907
 0.58840910520706  0.08462143741033
 0.60315689306285  0.08176852158837
 0.61781072415968  0.07885217788185
 0.63235760650220  0.07588970298905
 0.64678467315197  0.07296339897540
 0.66107919464634  0.07008794667269
 0.67522859127581  0.06724530194586
 0.68922044520771  0.06439540462231
 0.70304251244424  0.06156631401570
 0.71668273460302  0.05878817368071
 0.73012925050857  0.05604649388485
 0.74337040758320  0.05334426414799
 0.75639477302610  0.05069584876995
 0.76919114476966  0.04810148538781
 0.78174856220206  0.04556278080527
 0.79405631664565  0.04308035524793
 0.80610396158088  0.04065569948494
 0.81788132260541  0.03827527451491
 0.82937850711892  0.03594438849452
 0.84058591372388  0.03369366472978
 0.85149424133304  0.03150364337497
 0.86209449797475  0.02936903795050
 0.87237800928742  0.02730811010996
 0.88233642669470  0.02530554747121
 0.89196173525346  0.02336818982270
 0.90124626116678  0.02149902321891
 0.91018267895466  0.01969310094600
 0.91876401827530  0.01796423295839
 0.92698367039036  0.01630619767526
 0.93483539426796  0.01471407296970
 0.94231332231718  0.01319062899284
 0.94941196574880  0.01173581741743
 0.95612621955680  0.01035300694161
 0.96245136711590  0.00904046323003
 0.96838308439071  0.00779836326042
 0.97391744375224  0.00663151541766
 0.97905091739837  0.00554594710917
 0.98378038037466  0.00453808837418
 0.98810311319294  0.00359302258351
 0.99201680404495  0.00270264128356
 0.99551955060904  0.00187121153704
 0.99860986144830  0.00108748695745
</coords>