<reference>ref. NREL, Jim Tangler</reference>
<coords>
1 -0.002762
0.990001 -0.00247
0.97999 -0.0021
0.95998 -0.00125
0.93997 -0.00048
0.91997 -0.00008
0.900001 -0.00044
0.84998 -0.00533
0.79999 -0.01175
0.74999 -0.019
0.700001 -0.02659
0.650001 -0.03422
0.600001 -0.04158
0.550001 -0.04843
0.50001 -0.05465
0.45002 -0.0599
0.40002 -0.06365
0.35001 -0.06547
0.300001 -0.06507
0.250001 -0.06258
0.200001 -0.05825
0.14997 -0.05196
0.11998 -0.04709
0.09999 -0.04328
0.07997 -0.03889
0.05996 -0.03375
0.04999 -0.03083
0.03993 -0.02759
0.02997 -0.02386
0.01997 -0.01935
0.010001 -0.01384
0.00296 -0.00775
0.00002 -0.00068
0.00269 0.00854
0.00996 0.01836
0.01993 0.02716
0.02985 0.03396
0.03996 0.03983
0.0499 0.04487
0.05996 0.04942
0.07998 0.05723
0.09994 0.06378
0.11995 0.06937
0.14996 0.07624
0.19998 0.08407
0.250001 0.08822
0.30001 0.08989
0.35001 0.08981
0.40001 0.08831
0.45001 0.0854
0.50001 0.08109
0.55001 0.07564
0.60001 0.0694
0.65001 0.06265
0.700001 0.05555
0.75001 0.04814
0.80001 0.04042
0.85001 0.03226
0.90001 0.02321
0.92004 0.01928
0.94004 0.01522
0.96004 0.0111
0.98002 0.00694
0.99001 0.00485
</coords>
