<reference>
Airfoil "Interp_010344" created on 04-Oct-2021 11:48:48 for blade project BAR0_NREL_1_4_2021_numad
</reference>
<coords>
 1.00000000000000  0.00000000000000
 0.99148031244544 -0.01324702943000
 0.98272973231475 -0.02307861382415
 0.97375070175104 -0.03261836674385
 0.96454589375275 -0.04248609160195
 0.95511821107354 -0.05305198246430
 0.94547078489212 -0.06419795280321
 0.93560697325277 -0.07564340777426
 0.92553035927779 -0.08730052853361
 0.91524474915319 -0.09901003560673
 0.90475416988937 -0.11076747722638
 0.89406286685853 -0.12255810598824
 0.88317530111093 -0.13424023252552
 0.87209614647224 -0.14591607161260
 0.86083028642454 -0.15757021698314
 0.84938281077369 -0.16904353408635
 0.83775901210597 -0.18031571781249
 0.82596438203718 -0.19143557795324
 0.81400460725753 -0.20233548701837
 0.80188556537592 -0.21296171942734
 0.78961332056732 -0.22326024794484
 0.77719411902729 -0.23327907581902
 0.76463438423775 -0.24304541474556
 0.75194071204829 -0.25242775314292
 0.73911986557767 -0.26147067413978
 0.72617876994021 -0.27017983417553
 0.71312450680182 -0.27853608736578
 0.69996430877088 -0.28654631712667
 0.68670555362918 -0.29421145311771
 0.67335575840829 -0.30152881500664
 0.65992257331679 -0.30847772899036
 0.64641377552435 -0.31501485922225
 0.63283726280818 -0.32115190267059
 0.61920104706804 -0.32695734229401
 0.60551324771591 -0.33239133947844
 0.59178208494643 -0.33733850022375
 0.57801587289467 -0.34196893013189
 0.56422301268758 -0.34621620053557
 0.55041198539571 -0.34994806345953
 0.53659134489203 -0.35339382494684
 0.52276971062447 -0.35651212981157
 0.50895576030918 -0.35926503662107
 0.49515822255139 -0.36165412479739
 0.48138586940101 -0.36365325645938
 0.46764750884997 -0.36523010018633
 0.45395197727856 -0.36644024094846
 0.44030813185789 -0.36736727557421
 0.42672484291588 -0.36784198751308
 0.41321098627393 -0.36793364461750
 0.39977543556182 -0.36770126438775
 0.38642705451796 -0.36709895383953
 0.37317468928257 -0.36622374365621
 0.36002716069120 -0.36494234007109
 0.34699325657579 -0.36325191401807
 0.33408172408091 -0.36129723554176
 0.32130126200246 -0.35894205393955
 0.30866051315617 -0.35629848831046
 0.29616805678332 -0.35337346125301
 0.28383240100099 -0.35007328939812
 0.27166197530403 -0.34645353474203
 0.25966512312614 -0.34256603365563
 0.24785009446701 -0.33831435972673
 0.23622503859290 -0.33375237215527
 0.22479799681744 -0.32896632074706
 0.21357689536986 -0.32380843286632
 0.20256953835734 -0.31840209603511
 0.19178360082845 -0.31272407696817
 0.18122662194419 -0.30676155140058
 0.17090599826346 -0.30050382068162
 0.16082897714930 -0.29396683415537
 0.15100265030227 -0.28724255721975
 0.14143394742731 -0.28016126439541
 0.13212963004023 -0.27287377355624
 0.12309628541964 -0.26532821533821
 0.11434032071045 -0.25749734480142
 0.10586795718439 -0.24946363081872
 0.09768522466328 -0.24117736684446
 0.08979795611042 -0.23263388882229
 0.08221178239527 -0.22393416067121
 0.07493212723659 -0.21503877345637
 0.06796420232885 -0.20597984841101
 0.06131300265676 -0.19672117786693
 0.05498330200229 -0.18714798449942
 0.04897964864872 -0.17752289917679
 0.04330636128573 -0.16770844713437
 0.03796752511967 -0.15757817197298
 0.03296698819254 -0.14727581331958
 0.02830835791356 -0.13699424886232
 0.02399499780644 -0.12654105731273
 0.02003002447560 -0.11597597757438
 0.01641630479435 -0.10541519131297
 0.01315645331762 -0.09458615395568
 0.01025282992190 -0.08351507547351
 0.00770753767454 -0.07217013506003
 0.00552242093461 -0.06047491020133
 0.00369906368706 -0.04884974960991
 0.00223878811186 -0.03715552131943
 0.00114265338947 -0.02567744122505
 0.00041145474384 -0.01408552453481
 0.00004572272385 -0.00496771877392
 0.00000000000000  0.00000000000000
 0.00018288259995  0.01075650901434
 0.00073139768764  0.02042018069840
 0.00164514724650  0.03183186839600
 0.00292346831521  0.04338086558559
 0.00456543358683  0.05556940211307
 0.00656985224665  0.06733364418520
 0.00893527104809  0.07951851083687
 0.01165997562557  0.09097358571237
 0.01474199204302  0.10205554607658
 0.01817908857661  0.11283179211732
 0.02196877772991  0.12345583627880
 0.02610831847953  0.13409211839116
 0.03059471874910  0.14449902803518
 0.03542473810915  0.15495744316124
 0.04059489070023  0.16528751372837
 0.04610144837658  0.17535914395222
 0.05194044406709  0.18523253918175
 0.05810767535052  0.19496397541758
 0.06459870824123  0.20457241506223
 0.07140888118207  0.21390619181447
 0.07853330924031  0.22302950550368
 0.08596688850260  0.23199951812671
 0.09370430066476  0.24076323007778
 0.10174001781193  0.24931313778200
 0.11006830738434  0.25759930545529
 0.11868323732408  0.26564478985471
 0.12757868139764  0.27342162631802
 0.13674832468933  0.28089824100737
 0.14618566926001  0.28819879735098
 0.15588403996578  0.29517082315315
 0.16583659043106  0.30184783700474
 0.17603630917000  0.30832801313707
 0.18647602585069  0.31446695400573
 0.19714841769576  0.32034508534756
 0.20804601601330  0.32590437824952
 0.21916121285193  0.33118520027072
 0.23048626777327  0.33617875507036
 0.24201331473557  0.34086048130252
 0.25373436908164  0.34523380015753
 0.26564133462445  0.34926743541529
 0.27772601082343  0.35294065205190
 0.28998010004472  0.35628834834062
 0.30239521489814  0.35930793709054
 0.31496288564398  0.36199478992782
 0.32767456766242  0.36436664941592
 0.34052164897827  0.36637422815416
 0.35349545783395  0.36806255406050
 0.36658727030323  0.36939998667070
 0.37978831793863  0.37033599504831
 0.39308979544481  0.37099249232827
 0.40648286837087  0.37128819411431
 0.41995868081399  0.37120887176687
 0.43350836312700  0.37076991161423
 0.44712303962257  0.36992948474407
 0.46079383626660  0.36884397962303
 0.47451188835332  0.36738304027971
 0.48826834815488  0.36546091838853
 0.50205439253805  0.36328226500832
 0.51586123054074  0.36075342327770
 0.52968011090100  0.35786608481996
 0.54350232953151  0.35464054845769
 0.55731923693219  0.35090315320980
 0.57112224553406  0.34683924311476
 0.58490283696715  0.34248280771692
 0.59865256924570  0.33777961100721
 0.61236308386376  0.33271048952267
 0.62602611279438  0.32731478246314
 0.63963348538588  0.32158414265090
 0.65317713514849  0.31548766025102
 0.66664910642511  0.30905676901870
 0.68004156093978  0.30237434744981
 0.69334678421762  0.29535996931705
 0.70655719187038  0.28796762674353
 0.71966533574149  0.28034746971862
 0.73266390990492  0.27245445346345
 0.74554575651227  0.26421839285471
 0.75830387148250  0.25568113258666
 0.77093141002910  0.24692903994792
 0.78342169201951  0.23788958346829
 0.79576820716181  0.22852433101751
 0.80796462001384  0.21892341047519
 0.82000477481026  0.20914717098055
 0.83188270010290  0.19913833140069
 0.84359261321035  0.18887091071005
 0.85512892447258  0.17843178179638
 0.86648624130686  0.16773025239512
 0.87765937206115  0.15687407698531
 0.88864332966165  0.14582510098673
 0.89943333505119  0.13462565465783
 0.91002482041540  0.12317610439585
 0.92041343219384  0.11153161612031
 0.93059503387352  0.09974089690030
 0.94056570856231  0.08794462546958
 0.95032176134016  0.07586197173996
 0.95985972138614  0.06344672267253
 0.96917634387954  0.05083546590871
 0.97826861167353  0.03751514551879
 0.98713373674015  0.02385740772601
 0.99576916138556  0.01086218821168
</coords>