<reference>
Airfoil "Interp_034482" created on 04-Oct-2021 11:48:48 for blade project BAR0_NREL_1_4_2021_numad
</reference>
<coords>
 1.00000000000000  0.00000000000000
 1.00000000000000 -0.00012749222995
 0.99963039192612 -0.00283838695347
 0.99876651233776 -0.00901617033626
 0.99740913093480 -0.00878284960991
 0.99555950939605 -0.00843412158479
 0.99321940014436 -0.00798908949912
 0.99039104462250 -0.00744663103050
 0.98707717108158 -0.00682995809326
 0.98328099188422 -0.00615303664451
 0.97900620032501 -0.00543326949551
 0.97425696697164 -0.00468704521804
 0.96903793553015 -0.00393187736307
 0.96335421823851 -0.00318588712474
 0.95721139079314 -0.00246969027282
 0.95061548681334 -0.00180155926181
 0.94357299184919 -0.00119953983053
 0.93609083693891 -0.00071329825354
 0.92817639172202 -0.00036703681440
 0.91983745711527 -0.00016056830844
 0.91108225755853 -0.00012408459662
 0.90191943283840 -0.00026161735557
 0.89235802949775 -0.00060752754725
 0.88240749183960 -0.00121888977277
 0.87207765253450 -0.00203762981170
 0.86137872284056 -0.00312038530330
 0.85032128244603 -0.00448181731011
 0.83891626894450 -0.00612839217981
 0.82717496695313 -0.00807303266796
 0.81510899688494 -0.01032987304732
 0.80273030338609 -0.01290686584595
 0.79005114344990 -0.01581105718571
 0.77708407421937 -0.01907915584950
 0.76384194049026 -0.02273608815467
 0.75033786192735 -0.02674184463098
 0.73658522000651 -0.03106668978890
 0.72259764469559 -0.03570074500440
 0.70838900088749 -0.04063461349215
 0.69397337459876 -0.04584998986993
 0.67936505894775 -0.05131599048727
 0.66457853992595 -0.05699291376713
 0.64962848197700 -0.06283540759476
 0.63452971339757 -0.06879992873343
 0.61929721157465 -0.07484510221891
 0.60394608807410 -0.08092191093890
 0.58849157359517 -0.08697177451850
 0.57294900280605 -0.09294630141217
 0.55733379907560 -0.09880580140187
 0.54166145911637 -0.10450363152046
 0.52594753755428 -0.10998988501973
 0.51020763144042 -0.11523837461977
 0.49445736472018 -0.12021722635601
 0.47871237267544 -0.12489170688467
 0.46298828635514 -0.12923118948495
 0.44730071700985 -0.13324767752080
 0.43166524054579 -0.13695940419613
 0.41609738201383 -0.14031523618116
 0.40061260014893 -0.14330365040542
 0.38522627197539 -0.14590805238747
 0.36995367749329 -0.14814241080357
 0.35480998446139 -0.14999028998252
 0.33981023329155 -0.15145593316066
 0.32496932206993 -0.15253609788404
 0.31030199171967 -0.15324165337354
 0.29582281131999 -0.15357337186419
 0.28154616359629 -0.15353351691013
 0.26748623059570 -0.15312234441583
 0.25365697956237 -0.15234251315275
 0.24007214902660 -0.15121740860607
 0.22674523512161 -0.14973525366504
 0.21368947814164 -0.14791110246937
 0.20091784935482 -0.14575574551845
 0.18844303808376 -0.14327318929923
 0.17627743906702 -0.14047811234941
 0.16443314011382 -0.13737474644910
 0.15292191006438 -0.13398729776855
 0.14175518706794 -0.13036075369890
 0.13094406719003 -0.12645914246595
 0.12049929336047 -0.12229690775270
 0.11043124467297 -0.11789976193415
 0.10074992604717 -0.11327287273345
 0.09146495826322 -0.10844621153328
 0.08258556837906 -0.10343993730048
 0.07412058053970 -0.09827274854713
 0.06607840718791 -0.09297329520724
 0.05846704068487 -0.08754959536644
 0.05129404534928 -0.08203954493550
 0.04456654992274 -0.07644821533457
 0.03829124046908 -0.07082637920331
 0.03247435371445 -0.06516981542263
 0.02712167083516 -0.05950361104104
 0.02223851169909 -0.05382548853539
 0.01782972956672 -0.04814465264395
 0.01389970625685 -0.04247593571219
 0.01045234778194 -0.03682413728110
 0.00749108045740 -0.03113252303278
 0.00501884748865 -0.02547847264989
 0.00303810603944 -0.01986610712153
 0.00155082478432 -0.01451272915663
 0.00055848194761 -0.00751707636565
 0.00006206383096 -0.00086930384488
 0.00000000000000  0.00000000000000
 0.00006206383096  0.00082430225431
 0.00055848194761  0.00769417698743
 0.00155082478432  0.01487332462208
 0.00303810603944  0.02057082353489
 0.00501884748865  0.02657193290342
 0.00749108045740  0.03257158866606
 0.01045234778194  0.03861503223131
 0.01389970625685  0.04461654334730
 0.01782972956672  0.05056743459030
 0.02223851169909  0.05649043608620
 0.02712167083516  0.06236303069249
 0.03247435371445  0.06817177958589
 0.03829124046908  0.07391793974174
 0.04456654992274  0.07957501487245
 0.05129404534928  0.08513886669322
 0.05846704068487  0.09058032688477
 0.06607840718791  0.09587203987345
 0.07412058053970  0.10101010170021
 0.08258556837906  0.10597780142399
 0.09146495826322  0.11074086254978
 0.10074992604717  0.11529715745303
 0.11043124467297  0.11961157755027
 0.12049929336047  0.12368188225556
 0.13094406719003  0.12748703376310
 0.14175518706794  0.13102220063664
 0.15292191006438  0.13426813036021
 0.16443314011382  0.13726078926024
 0.17627743906702  0.13996973694993
 0.18844303808376  0.14236564959755
 0.20091784935482  0.14444987883084
 0.21368947814164  0.14621683944875
 0.22674523512161  0.14766702839078
 0.24007214902660  0.14881242620805
 0.25365697956237  0.14965635024412
 0.26748623059570  0.15020059924217
 0.28154616359629  0.15043792594610
 0.29582281131999  0.15040162399576
 0.31030199171967  0.15007313396959
 0.32496932206993  0.14947861196238
 0.33981023329155  0.14863820715746
 0.35480998446139  0.14755229748040
 0.36995367749329  0.14622610279507
 0.38522627197539  0.14468440908732
 0.40061260014893  0.14292383686629
 0.41609738201383  0.14095698816464
 0.43166524054579  0.13880843001214
 0.44730071700985  0.13648416690139
 0.46298828635514  0.13395505138978
 0.47871237267544  0.13124533557362
 0.49445736472018  0.12841899354647
 0.51020763144042  0.12547118859622
 0.52594753755428  0.12242195902024
 0.54166145911637  0.11929462842435
 0.55733379907560  0.11608935046752
 0.57294900280605  0.11280449105040
 0.58849157359517  0.10945739425203
 0.60394608807410  0.10606169739070
 0.61929721157465  0.10262012498330
 0.63452971339757  0.09914441777801
 0.64962848197700  0.09564737139078
 0.66457853992595  0.09213054116284
 0.67936505894775  0.08859806183708
 0.69397337459876  0.08507648368832
 0.70838900088749  0.08156321104469
 0.72259764469559  0.07805817228142
 0.73658522000651  0.07458216960208
 0.75033786192735  0.07114430822338
 0.76384194049026  0.06775049296554
 0.77708407421937  0.06441097412993
 0.79005114344990  0.06112109482240
 0.80273030338609  0.05789959189870
 0.81510899688494  0.05474278492704
 0.82717496695313  0.05166653230857
 0.83891626894450  0.04868261989319
 0.85032128244603  0.04578622670634
 0.86137872284056  0.04298974837984
 0.87207765253450  0.04029844065564
 0.88240749183960  0.03770971049772
 0.89235802949775  0.03527275960876
 0.90191943283840  0.03293298117041
 0.91108225755853  0.03069037601350
 0.91983745711527  0.02856056837742
 0.92817639172202  0.02655196873140
 0.93609083693891  0.02465897165885
 0.94357299184919  0.02287572332494
 0.95061548681334  0.02119991358321
 0.95721139079314  0.01963142921668
 0.96335421823851  0.01817115986302
 0.96903793553015  0.01682080551305
 0.97425696697164  0.01558116521585
 0.97900620032501  0.01445135813158
 0.98328099188422  0.01343738557160
 0.98707717108158  0.01253202188895
 0.99039104462250  0.01173355093072
 0.99321940014436  0.01108880391583
 0.99555950939605  0.01049344082614
 0.99740913093480  0.00994381184159
 0.99876651233776  0.00957113621844
 0.99963039192612  0.00938276484074
 1.00000000000000  0.00012749222995
</coords>