<reference>
Airfoil "Interp_075862" created on 04-Oct-2021 11:48:48 for blade project BAR0_NREL_1_4_2021_numad
</reference>
<coords>
 1.00000000000000 -0.00000271086452
 0.99975079456309  0.00001196343911
 0.99900342666575 -0.00040895373239
 0.99775864130055 -0.00019495564057
 0.99601767929663 -0.00002406405243
 0.99378227608276  0.00016862979199
 0.99105465995749  0.00045906987362
 0.98783754986789  0.00075893956996
 0.98413415269925  0.00109980160574
 0.97994816007843  0.00148019355683
 0.97528374469389  0.00188805223320
 0.97014555613634  0.00232381215549
 0.96453871626387  0.00278292906881
 0.95846881409639  0.00326080458997
 0.95194190024441  0.00375537599750
 0.94496448087759  0.00426493129461
 0.93754351123930  0.00477207254274
 0.92968638871346  0.00523941081870
 0.92140094545068  0.00562664257153
 0.91269544056099  0.00592347448028
 0.90357855188099  0.00610578606523
 0.89405936732360  0.00615738861806
 0.88414737581899  0.00608061283163
 0.87385245785585  0.00585395222101
 0.86318487563232  0.00547032072727
 0.85215526282634  0.00492214040112
 0.84077461399582  0.00418219482432
 0.82905427361902  0.00325219023018
 0.81700592478612  0.00212608136116
 0.80464157755326  0.00078780819509
 0.79197355697065 -0.00077471289629
 0.77901449079672 -0.00257887444611
 0.76577729691045 -0.00463154246651
 0.75227517043459 -0.00690514514914
 0.73852157058244 -0.00940891727519
 0.72453020724146 -0.01214758843200
 0.71031502730689 -0.01511524220625
 0.69589020077925 -0.01830594081643
 0.68127010663931 -0.02172468201355
 0.66646931851488 -0.02542959394314
 0.65150259015344 -0.02931352493340
 0.63638484071530 -0.03335166780280
 0.62113113990189 -0.03751737404189
 0.60575669293391 -0.04177080477306
 0.59027682539445 -0.04609858624494
 0.57470696795213 -0.05043655586662
 0.55906264097945 -0.05474319630009
 0.54335943908178 -0.05899495956264
 0.52761301555225 -0.06314832111363
 0.51183906676831 -0.06718402908239
 0.49605331654514 -0.07105301545023
 0.48027150046187 -0.07478665791222
 0.46450935017599 -0.07882423042689
 0.44878257774169 -0.08227046830335
 0.43310685994776 -0.08525753459472
 0.41749782269060 -0.08784116126254
 0.40197102539801 -0.09004094252597
 0.38654194551920 -0.09188810596012
 0.37122596309655 -0.09339153974010
 0.35603834543442 -0.09454133246099
 0.34099423188038 -0.09536645585464
 0.32610861873401 -0.09587374367256
 0.31139634429821 -0.09605954305305
 0.29687207408811 -0.09595750832777
 0.28255028621210 -0.09557790714110
 0.26844525693983 -0.09491779939589
 0.25457104647120 -0.09401860893323
 0.24094148492096 -0.09287925934103
 0.22757015853246 -0.09150731916975
 0.21447039613465 -0.08992973092230
 0.20165525585557 -0.08814786885988
 0.18913751210575 -0.08616278333859
 0.17692964284440 -0.08399441296667
 0.16504381714107 -0.08166508117886
 0.15349188304533 -0.07916934745624
 0.14228535577631 -0.07654182438620
 0.13143540624411 -0.07379799996887
 0.12095284991438 -0.07093980669818
 0.11084813602724 -0.06798652484699
 0.10113133718124 -0.06493900286041
 0.09181213929280 -0.06181777740061
 0.08289983194104 -0.05863798816710
 0.07440329910775 -0.05540768813664
 0.06633101032164 -0.05214636141647
 0.05869101221573 -0.04886770441388
 0.05149092050627 -0.04557280804173
 0.04473791240127 -0.04226243818497
 0.03843871944607 -0.03895532191061
 0.03259962081320 -0.03565638249807
 0.02722643704317 -0.03237989913803
 0.02232452424240 -0.02914026546120
 0.01789876874419 -0.02597266228805
 0.01395358223787 -0.02288698419307
 0.01049289737114 -0.01981887862469
 0.00752016382994 -0.01685887774757
 0.00503834489972 -0.01406274852888
 0.00304991451156 -0.01089739696270
 0.00155685477610 -0.00682639489929
 0.00056065400778 -0.00255619505464
 0.00006230524117 -0.00031833102731
 0.00000000000000  0.00000000000000
 0.00024920543691  0.00111113458537
 0.00099657333425  0.00509609435971
 0.00224135869945  0.01045446912490
 0.00398232070337  0.01454400270558
 0.00621772391724  0.01833109615143
 0.00894534004251  0.02237654329643
 0.01216245013211  0.02646134237563
 0.01586584730075  0.03064057228228
 0.02005183992157  0.03485337341669
 0.02471625530611  0.03908557340797
 0.02985444386366  0.04331667922057
 0.03546128373613  0.04757939637599
 0.04153118590361  0.05185184077690
 0.04805809975559  0.05611104951550
 0.05503551912241  0.06033907678853
 0.06245648876070  0.06454365937810
 0.07031361128654  0.06870020022453
 0.07859905454932  0.07278698525950
 0.08730455943901  0.07678858178117
 0.09642144811901  0.08068669362619
 0.10594063267640  0.08448482523260
 0.11585262418101  0.08817475343413
 0.12614754214415  0.09171581999306
 0.13681512436768  0.09508956418383
 0.14784473717366  0.09829711298119
 0.15922538600418  0.10137951565763
 0.17094572638098  0.10417901636641
 0.18299407521388  0.10686338559020
 0.19535842244674  0.10929327961059
 0.20802644302935  0.11147182637381
 0.22098550920328  0.11343560449377
 0.23422270308955  0.11517764289403
 0.24772482956541  0.11658551830759
 0.26147842941756  0.11769319278059
 0.27546979275854  0.11851632775405
 0.28968497269311  0.11909299126527
 0.30410979922075  0.11935873124417
 0.31872989336069  0.11928035342403
 0.33353068148512  0.11892998692377
 0.34849740984656  0.11824816021181
 0.36361515928470  0.11734609290610
 0.37886886009811  0.11616356544146
 0.39424330706609  0.11472083686889
 0.40972317460555  0.11302958664965
 0.42529303204787  0.11116873131883
 0.44093735902055  0.10900170844636
 0.45664056091822  0.10659386071167
 0.47238698444775  0.10382567801800
 0.48816093323169  0.10089459066117
 0.50394668345486  0.09838486620258
 0.51972849953813  0.09579364566582
 0.53549064982401  0.09305601597750
 0.55121742225831  0.09023779511560
 0.56689314005224  0.08735502174211
 0.58250217730940  0.08440184078390
 0.59802897460199  0.08139074290447
 0.61345805448080  0.07832793152619
 0.62877403690345  0.07521170146379
 0.64396165456558  0.07210809689733
 0.65900576811962  0.06899842451533
 0.67389138126599  0.06590456511236
 0.68860365570179  0.06279789453925
 0.70312792591189  0.05964143718873
 0.71744971378790  0.05655341406450
 0.73155474306017  0.05350009043074
 0.74542895352880  0.05049347605031
 0.75905851507904  0.04756751052168
 0.77242984146754  0.04471456100415
 0.78552960386535  0.04193236666480
 0.79834474414443  0.03922741494855
 0.81086248789425  0.03661473240077
 0.82307035715560  0.03409909025442
 0.83495618285893  0.03167602303343
 0.84650811695467  0.02934382874652
 0.85771464422369  0.02709484066343
 0.86856459375589  0.02493143303303
 0.87904715008562  0.02288138473440
 0.88915186397276  0.02092323200353
 0.89886866281876  0.01905488953918
 0.90818786070720  0.01729097549167
 0.91710016805896  0.01561573375394
 0.92559670089225  0.01403853860276
 0.93366898967836  0.01255828210547
 0.94130898778427  0.01116503168933
 0.94850907949373  0.00987766881023
 0.95526208759873  0.00868628422683
 0.96156128055393  0.00757927416312
 0.96740037918680  0.00656093049411
 0.97277356295683  0.00563115439554
 0.97767547575760  0.00478945909344
 0.98210123125581  0.00403563676283
 0.98604641776213  0.00336915082872
 0.98950710262886  0.00279008799328
 0.99247983617006  0.00229227322609
 0.99496165510028  0.00187754907419
 0.99695008548844  0.00154664578654
 0.99844314522390  0.00129980584442
 0.99943934599222  0.00113482283030
 0.99993769475883  0.00105831693126
</coords>