<reference>
Airfoil "Interp_065517" created on 04-Oct-2021 11:48:48 for blade project BAR0_NREL_1_4_2021_numad
</reference>
<coords>
 1.00000000000000 -0.00000468582067
 0.99975079456309  0.00108656150221
 0.99900342666575 -0.00121864070883
 0.99775864130055 -0.00100761135337
 0.99601767929663 -0.00079278253609
 0.99378227608276 -0.00053743858017
 0.99105465995749 -0.00019634638553
 0.98783754986789  0.00014345675188
 0.98413415269925  0.00052706928782
 0.97994816007843  0.00095707853594
 0.97528374469389  0.00142036315507
 0.97014555613634  0.00191398044840
 0.96453871626387  0.00243205928170
 0.95846881409639  0.00296839534755
 0.95194190024441  0.00352030736508
 0.94496448087759  0.00408598240010
 0.93754351123930  0.00463799033777
 0.92968638871346  0.00514172539040
 0.92140094545068  0.00556795919428
 0.91269544056099  0.00589983124434
 0.90357855188099  0.00610824584929
 0.89405936732360  0.00617570083058
 0.88414737581899  0.00610758685175
 0.87385245785585  0.00587774986830
 0.86318487563232  0.00547916379861
 0.85215526282634  0.00491055705714
 0.84077461399582  0.00414527899887
 0.82905427361902  0.00317986610239
 0.81700592478612  0.00200693260267
 0.80464157755326  0.00061145028734
 0.79197355697065 -0.00102509625299
 0.77901449079672 -0.00292202533998
 0.76577729691045 -0.00518429317346
 0.75227517043459 -0.00771440196334
 0.73852157058244 -0.01051769891322
 0.72453020724146 -0.01358685141233
 0.71031502730689 -0.01690964612968
 0.69589020077925 -0.02048298693702
 0.68127010663931 -0.02429590162991
 0.66646931851488 -0.02832488621696
 0.65150259015344 -0.03255832314669
 0.63638484071530 -0.03695755538616
 0.62113113990189 -0.04148468635523
 0.60575669293391 -0.04609355855964
 0.59027682539445 -0.05076019428463
 0.57470696795213 -0.05542579260006
 0.55906264097945 -0.06004378551778
 0.54335943908178 -0.06458428599758
 0.52761301555225 -0.06900494727858
 0.51183906676831 -0.07327312720752
 0.49605331654514 -0.07735204479880
 0.48027150046187 -0.08130000520711
 0.46450935017599 -0.08561395794798
 0.44878257774169 -0.08928825622007
 0.43310685994776 -0.09248418890703
 0.41749782269060 -0.09526382377092
 0.40197102539801 -0.09764574049253
 0.38654194551920 -0.09966642618954
 0.37122596309655 -0.10132212492034
 0.35603834543442 -0.10261226112985
 0.34099423188038 -0.10356028466397
 0.32610861873401 -0.10417958200774
 0.31139634429821 -0.10446073423008
 0.29687207408811 -0.10443648582740
 0.28255028621210 -0.10411025461598
 0.26844525693983 -0.10348527840477
 0.25457104647120 -0.10259968558935
 0.24094148492096 -0.10144631892207
 0.22757015853246 -0.10004317877981
 0.21447039613465 -0.09840111941524
 0.20165525585557 -0.09652862775287
 0.18913751210575 -0.09443034479049
 0.17692964284440 -0.09212522573610
 0.16504381714107 -0.08963073298982
 0.15349188304533 -0.08694708289394
 0.14228535577631 -0.08410233657077
 0.13143540624411 -0.08111766238698
 0.12095284991438 -0.07799615891948
 0.11084813602724 -0.07475737983044
 0.10113133718124 -0.07140909720033
 0.09181213929280 -0.06797148397890
 0.08289983194104 -0.06446519433963
 0.07440329910775 -0.06089681438119
 0.06633101032164 -0.05729118049839
 0.05869101221573 -0.05365570593335
 0.05149092050627 -0.05000648478853
 0.04473791240127 -0.04634997538413
 0.03843871944607 -0.04270068914795
 0.03259962081320 -0.03906446174154
 0.02722643704317 -0.03545440256620
 0.02232452424240 -0.03188657585185
 0.01789876874419 -0.02837583397765
 0.01395358223787 -0.02492592986083
 0.01049289737114 -0.02150363008618
 0.00752016382994 -0.01813724704754
 0.00503834489972 -0.01505443525673
 0.00304991451156 -0.01174143581034
 0.00155685477610 -0.00764830601343
 0.00056065400778 -0.00286380004588
 0.00006230524117 -0.00030951673352
 0.00000000000000  0.00000000000000
 0.00024920543691  0.00138566559211
 0.00099657333425  0.00618738748952
 0.00224135869945  0.01168728059406
 0.00398232070337  0.01602871765591
 0.00621772391724  0.02017043981233
 0.00894534004251  0.02440588923954
 0.01216245013211  0.02871499086056
 0.01586584730075  0.03308199388544
 0.02005183992157  0.03749360702155
 0.02471625530611  0.04192539388824
 0.02985444386366  0.04634732576330
 0.03546128373613  0.05078376073415
 0.04153118590361  0.05521506739204
 0.04805809975559  0.05961871255797
 0.05503551912241  0.06397483065407
 0.06245648876070  0.06828815265722
 0.07031361128654  0.07253761882183
 0.07859905454932  0.07670028829719
 0.08730455943901  0.08076227681852
 0.09642144811901  0.08470757664026
 0.10594063267640  0.08853108064885
 0.11585262418101  0.09222358497321
 0.12614754214415  0.09575689249588
 0.13681512436768  0.09911408788138
 0.14784473717366  0.10228611327250
 0.15922538600418  0.10529539798479
 0.17094572638098  0.10804863902059
 0.18299407521388  0.11063802457546
 0.19535842244674  0.11297429312244
 0.20802644302935  0.11505488531390
 0.22098550920328  0.11690234647431
 0.23422270308955  0.11851283752496
 0.24772482956541  0.11981428407171
 0.26147842941756  0.12082914445703
 0.27546979275854  0.12156317193121
 0.28968497269311  0.12203097490761
 0.30410979922075  0.12220718783852
 0.31872989336069  0.12206549910339
 0.33353068148512  0.12165110674159
 0.34849740984656  0.12093973118489
 0.36361515928470  0.11999223680377
 0.37886886009811  0.11878248263648
 0.39424330706609  0.11732156046798
 0.40972317460555  0.11562458017829
 0.42529303204787  0.11372940842590
 0.44093735902055  0.11155139915222
 0.45664056091822  0.10911223336559
 0.47238698444775  0.10629932072770
 0.48816093323169  0.10333889631338
 0.50394668345486  0.10083883302664
 0.51972849953813  0.09824857660816
 0.53549064982401  0.09553089889012
 0.55121742225831  0.09273173829831
 0.56689314005224  0.08986232325704
 0.58250217730940  0.08692389493767
 0.59802897460199  0.08392809377832
 0.61345805448080  0.08088199479956
 0.62877403690345  0.07778602083858
 0.64396165456558  0.07468977615467
 0.65900576811962  0.07158001168735
 0.67389138126599  0.06846937737177
 0.68860365570179  0.06536747723867
 0.70312792591189  0.06227919215180
 0.71744971378790  0.05923841329874
 0.73155474306017  0.05622575661849
 0.74542895352880  0.05325557707281
 0.75905851507904  0.05035175469712
 0.77242984146754  0.04750675024704
 0.78552960386535  0.04468088649419
 0.79834474414443  0.04188802456293
 0.81086248789425  0.03919327469408
 0.82307035715560  0.03660014314713
 0.83495618285893  0.03409982377214
 0.84650811695467  0.03169242039119
 0.85771464422369  0.02937473517218
 0.86856459375589  0.02714706782999
 0.87904715008562  0.02502621613296
 0.88915186397276  0.02300184793328
 0.89886866281876  0.02107157945684
 0.90818786070720  0.01923915367482
 0.91710016805896  0.01750017742750
 0.92559670089225  0.01585876299444
 0.93366898967836  0.01431426090564
 0.94130898778427  0.01286358269973
 0.94850907949373  0.01151367075197
 0.95526208759873  0.01025848029923
 0.96156128055393  0.00909203140104
 0.96740037918680  0.00801693672028
 0.97277356295683  0.00703358170897
 0.97767547575760  0.00614237529864
 0.98210123125581  0.00534411078497
 0.98604641776213  0.00463990931872
 0.98950710262886  0.00403563444473
 0.99247983617006  0.00349374960525
 0.99496165510028  0.00303266803149
 0.99695008548844  0.00266158296843
 0.99844314522390  0.00239092453782
 0.99943934599222  0.00220325069729
 0.99993769475883  0.00212131446098
</coords>