<reference>
Airfoil "Interp_096551" created on 04-Oct-2021 11:48:48 for blade project BAR0_NREL_1_4_2021_numad
</reference>
<coords>
 1.00000000000000 -0.00000018248928
 0.98803054312426  0.00190766971842
 0.97594167682827  0.00347070128729
 0.96373655116772  0.00430855837463
 0.95141843652500  0.00444270683520
 0.93899072256635  0.00433010619443
 0.92645691707831  0.00421349330489
 0.91382064468430  0.00394676711391
 0.90108564544192  0.00320977291682
 0.88825577332192  0.00221994989755
 0.87533499456972  0.00119287043133
 0.86232738595059  0.00003529874547
 0.84923713287975 -0.00128986671709
 0.83606852743861 -0.00267162612265
 0.82282596627867 -0.00412860161714
 0.80951394841453 -0.00568457189086
 0.79613707290780 -0.00728928647684
 0.78270003644354 -0.00894149215781
 0.76920763080121 -0.01067397939470
 0.75566474022203 -0.01245219050189
 0.74207633867491 -0.01426893256826
 0.72844748702317 -0.01613436276058
 0.71478333009417 -0.01803521766738
 0.70108909365447 -0.01994850513642
 0.68737008129288 -0.02188719683566
 0.67363167121400 -0.02384722953158
 0.65987931294491 -0.02581894206700
 0.64611852395790 -0.02779750194496
 0.63235488621192 -0.02979330368992
 0.61859404261581 -0.03178893686647
 0.60484169341624 -0.03377863915740
 0.59110359251360 -0.03577812240075
 0.57738554370886 -0.03777544240236
 0.56369339688470 -0.03974345203158
 0.55003304412432 -0.04168971220194
 0.53641041577111 -0.04363602104671
 0.52283147643288 -0.04555137529073
 0.50930222093390 -0.04742063337443
 0.49582867021855 -0.04925967536995
 0.48241686720998 -0.05106716854694
 0.46907287262761 -0.05280462860316
 0.45580276076707 -0.05447864067895
 0.44261261524645 -0.05612818959022
 0.42950852472249 -0.05773636063793
 0.41649657858065 -0.05921949409920
 0.40358286260299 -0.06056241977048
 0.39077345461747 -0.06182396620546
 0.37807442013294 -0.06302823075338
 0.36549180796341 -0.06414578041266
 0.35303164584584 -0.06515039669043
 0.34069993605518 -0.06602164359547
 0.32850265102073 -0.06714852566457
 0.31644572894781 -0.06723235110428
 0.30453506944865 -0.06767677232632
 0.29277652918653 -0.06802500429756
 0.28117591753703 -0.06820128823524
 0.26973899227054 -0.06821842703209
 0.25847145525966 -0.06811226688189
 0.24737894821577 -0.06790354257148
 0.23646704845836 -0.06758247737911
 0.22574126472116 -0.06711873811104
 0.21520703299884 -0.06652143850595
 0.20486971243814 -0.06580624988839
 0.19473458127715 -0.06499750018902
 0.18480683283648 -0.06410267426485
 0.17509157156600 -0.06310392844276
 0.16559380915089 -0.06200966990808
 0.15631846068033 -0.06082689436532
 0.14727034088264 -0.05956033130772
 0.13845416043024 -0.05822877430537
 0.12987452231766 -0.05683742067678
 0.12153591831630 -0.05536271001135
 0.11344272550888 -0.05379024879170
 0.10559920290695 -0.05214818637090
 0.09800948815460 -0.05045139204111
 0.09067759432128 -0.04871155610890
 0.08360740678690 -0.04692816352354
 0.07680268022192 -0.04509496569258
 0.07026703566528 -0.04321493980346
 0.06400395770297 -0.04129458602044
 0.05801679174969 -0.03934740466570
 0.05230874143628 -0.03737283386089
 0.04688286610521 -0.03537426082846
 0.04174207841658 -0.03335881804874
 0.03688914206677 -0.03133720614140
 0.03232666962184 -0.02929172322867
 0.02805712046781 -0.02721044996685
 0.02408279887960 -0.02510486283695
 0.02040585221047 -0.02298761830275
 0.01702826920365 -0.02078281541111
 0.01395187842781 -0.01858315077067
 0.01117834683758 -0.01636851987685
 0.00870917846080 -0.01420485831260
 0.00654571321339 -0.01226227732259
 0.00468912584324 -0.01029264903885
 0.00314042500383 -0.00821572609554
 0.00190045245869 -0.00595599350412
 0.00096988241722 -0.00339006457768
 0.00034922100267 -0.00127455286234
 0.00003880585266 -0.00024059646373
 0.00000000000000  0.00000000000000
 0.00015521813191  0.00052649091044
 0.00062078807657  0.00437245897881
 0.00139645654744  0.01213429791740
 0.00248180162246  0.01603876153896
 0.00387623307706  0.01833824055913
 0.00557899285001  0.02092811021661
 0.00758915564156  0.02375670838056
 0.00990562964338  0.02663048924884
 0.01252715739964  0.02951964232834
 0.01545231679836  0.03247008497967
 0.01867952219215  0.03545671242683
 0.02220702564733  0.03846659342234
 0.02603291832017  0.04150658155337
 0.03015513195906  0.04458215180767
 0.03457144053120  0.04767879452893
 0.03927946197223  0.05078945311558
 0.04427666005727  0.05390358704646
 0.04956034639154  0.05701825179950
 0.05512768251874  0.06013528992739
 0.06097568214533  0.06323368057957
 0.06710121347845  0.06629527794524
 0.07350100167545  0.06932113884002
 0.08017163140275  0.07230384700776
 0.08710954950159  0.07524868510658
 0.09431106775823  0.07815322784074
 0.10177236577606  0.08101325569383
 0.10948949394690  0.08375800307390
 0.11745837651878  0.08642789879500
 0.12567481475734  0.08902165280388
 0.13413449019795  0.09155166598016
 0.14283296798549  0.09401661125059
 0.15176570029873  0.09640506108693
 0.16092802985616  0.09866810851854
 0.17031519350003  0.10080297670884
 0.17992232585526  0.10281128454488
 0.18974446305982  0.10472712881713
 0.19977654656329  0.10652246076296
 0.21001342698987  0.10817553722022
 0.22044986806251  0.10969711716448
 0.23108055058437  0.11105393613529
 0.24190007647404  0.11229164545623
 0.25290297285085  0.11341070528306
 0.26408369616641  0.11441220002898
 0.27543663637865  0.11527681150360
 0.28695612116462  0.11602001960395
 0.29863642016797  0.11660880164478
 0.31047174927750  0.11712487149430
 0.32245627493267  0.11766727921879
 0.33458411845221  0.11804907444765
 0.34684936038196  0.11788252575602
 0.35924604485779  0.11783444288009
 0.37176818397986  0.11771079508203
 0.38440976219409  0.11745866493165
 0.39716474067695  0.11696970541118
 0.41002706171954  0.11620820588911
 0.42299065310707  0.11532339080411
 0.43604943248971  0.11442093260353
 0.44919731174093  0.11346957306469
 0.46242820129941  0.11244964399540
 0.47573601449054  0.11120427154540
 0.48911467182378  0.10970255364077
 0.50255810526189  0.10810288254122
 0.51606026245833  0.10646283330071
 0.52961511095903  0.10470678345596
 0.54321664236471  0.10278062923324
 0.55685887645024  0.10076988062728
 0.57053586523719  0.09868517977880
 0.58424169701618  0.09648804751936
 0.59797050031535  0.09417840692557
 0.61171644781154  0.09180191855015
 0.62547376018074  0.08933583038258
 0.63923670988453  0.08677011099948
 0.65299962488904  0.08412189493025
 0.66675689231353  0.08140548058870
 0.68050296200511  0.07858887446341
 0.69423235003676  0.07568728880828
 0.70793964212567  0.07273606793314
 0.72161949696885  0.06972890627247
 0.73526664949333  0.06665012276424
 0.74887591401822  0.06352552486034
 0.76244218732594  0.06034760412602
 0.77596045164008  0.05711240420283
 0.78942577750757  0.05383870735950
 0.80283332658259  0.05054398274304
 0.81617835431024  0.04721905458224
 0.82945621250760  0.04387463822794
 0.84266235184029  0.04053343279829
 0.85579232419251  0.03719097784712
 0.86884178492886  0.03384864048286
 0.88180649504597  0.03052561588325
 0.89468232321272  0.02721291209512
 0.90746524769719  0.02391562711068
 0.92015135817919  0.02066343800077
 0.93273685744705  0.01748574972026
 0.94521806297750  0.01436504962148
 0.95759140839766  0.01123937090315
 0.96985344482819  0.00807643619745
 0.98200084210687  0.00491541646087
 0.99403038989184  0.00171387316047
</coords>