1.000000  0.000000
0.997980  0.000163
0.991941  0.000432
0.981928  0.000595
0.968019  0.000430
0.950323  -0.000290
0.928985  -0.001773
0.904180  -0.004169
0.876116  -0.007491
0.845027  -0.011787
0.811170  -0.017015
0.774826  -0.023093
0.736294  -0.029867
0.695893  -0.037118
0.653951  -0.044575
0.610809  -0.051979
0.566816  -0.059045
0.522323  -0.065489
0.477685  -0.071026
0.433254  -0.075389
0.389381  -0.078356
0.346407  -0.079754
0.304668  -0.079489
0.264493  -0.077860
0.226198  -0.075016
0.190088  -0.071094
0.156446  -0.066236
0.125542  -0.060659
0.097617  -0.054373
0.072890  -0.047535
0.051555  -0.040236
0.033785  -0.032774
0.019710  -0.025143
0.009391  -0.016941
0.002765  -0.008682
0.000000  0.000000
0.001260  0.009181
0.006680  0.018430
0.016327  0.028015
0.029980  0.037269
0.047476  0.046509
0.068661  0.055672
0.093366  0.064401
0.121386  0.072556
0.152491  0.079935
0.186422  0.086490
0.222905  0.091970
0.261639  0.096203
0.302307  0.099027
0.344576  0.100273
0.388098  0.099625
0.432512  0.097165
0.477450  0.093057
0.522542  0.087520
0.567417  0.080821
0.611712  0.073248
0.655066  0.065093
0.697132  0.056656
0.737574  0.048210
0.776071  0.040047
0.812320  0.032411
0.846036  0.025486
0.876955  0.019389
0.904837  0.014198
0.929464  0.009911
0.950646  0.006563
0.968216  0.004065
0.982035  0.002277
0.991989  0.001056
0.997994  0.000299
1.000000  0.000000
