1.000000  0.000000
0.997979  0.000144
0.991934  0.000346
0.981913  0.000359
0.967991  -0.000086
0.950277  -0.001274
0.928916  -0.003465
0.904084  -0.006843
0.875994  -0.011410
0.844879  -0.017244
0.811000  -0.024326
0.774639  -0.032555
0.736100  -0.041735
0.695701  -0.051578
0.653777  -0.061717
0.610667  -0.071795
0.566720  -0.081434
0.522288  -0.090225
0.477723  -0.097780
0.433376  -0.103750
0.389593  -0.107835
0.346712  -0.109777
0.305063  -0.109388
0.264972  -0.107084
0.226752  -0.103089
0.190704  -0.097578
0.157109  -0.090744
0.126237  -0.082943
0.098324  -0.074155
0.073589  -0.064591
0.052222  -0.054416
0.034396  -0.044019
0.020234  -0.033386
0.009788  -0.022128
0.002978  -0.011206
0.000000  0.000000
0.001048  0.011705
0.006282  0.023617
0.015803  0.036258
0.029369  0.048514
0.046809  0.060689
0.067962  0.072729
0.092659  0.084184
0.120691  0.094841
0.151828  0.104444
0.185807  0.112974
0.222351  0.120042
0.261160  0.125426
0.301912  0.128926
0.344271  0.130295
0.387886  0.129104
0.432391  0.125525
0.477412  0.119812
0.522577  0.112257
0.567513  0.103210
0.611854  0.093064
0.655240  0.082235
0.697324  0.071116
0.737769  0.060078
0.776258  0.049509
0.812490  0.039722
0.846183  0.030944
0.877077  0.023307
0.904933  0.016872
0.929533  0.011603
0.950692  0.007548
0.968244  0.004581
0.982050  0.002513
0.991995  0.001142
0.997996  0.000318
1.000000  0.000000
