AeroDyn airfoil file.  Compatible with AeroDyn v13.0.
Interpolated thickness: 0.179

  1        Number of airfoil tables in this file
  9990     Reynolds number in millions.  For efficiency, make very large if only one table.
  0        Control setting
  13.6619  Stall angle (deg)
  -5.30312 Zero lift angle of attack (deg)
  6.12831  Cn slope for zero lift (dimensionless)
  2.02849  Cn at stall value for positive angle of attack
  -0.8     Cn at stall value for negative angle of attack
  -4.09    Angle of attack for minimum CD (deg)
  0.00712611 Minimum CD value
  -180.00  0.00000  0.18070  0.00000
  -170.00  0.40010  0.22067  0.40000
  -160.00  0.80120  0.33543  -0.13832
  -150.00  0.71074  0.51049  -0.06204
  -140.00  0.65974  0.72342  -0.00693
  -130.00  0.58987  0.94709  0.04639
  -120.00  0.48387  1.15236  0.09843
  -110.00  0.34200  1.31218  0.14527
  -100.00  0.17500  1.40471  0.18215
   -90.00  0.00000  1.41600  0.20416
   -80.00  -0.17500  1.40471  0.22509
   -70.00  -0.34200  1.31218  0.23000
   -60.00  -0.48387  1.15236  0.22174
   -50.00  -0.58987  0.94709  0.20607
   -40.00  -0.65974  0.72342  0.19234
   -30.00  -0.71074  0.51049  0.19789
   -20.00  -0.80007  0.33514  0.27190
   -10.00  -0.27146  0.10487  0.06139
    -6.04  -0.08318  0.01376  -0.13357
    -5.04  0.03039  0.00913  -0.14849
    -4.09  0.12873  0.00713  -0.15562
    -3.02  0.24460  0.00720  -0.15693
    -2.02  0.35144  0.00728  -0.15766
    -1.03  0.45751  0.00736  -0.15822
    -0.01  0.56609  0.00755  -0.15921
     0.76  0.65015  0.00775  -0.15894
     1.53  0.73205  0.00802  -0.15922
     2.29  0.81276  0.00837  -0.15998
     3.05  0.89229  0.00869  -0.15935
     3.81  0.97058  0.00904  -0.15862
     4.58  1.04527  0.00938  -0.15740
     6.85  1.20932  0.01370  -0.14596
     9.12  1.32997  0.02457  -0.13359
    11.39  1.44761  0.03822  -0.12431
    13.66  1.48567  0.07065  -0.11595
    15.93  1.31569  0.20106  -0.12988
    18.20  1.23359  0.27477  -0.13900
    20.48  1.14124  0.34377  -0.17092
    22.75  1.11127  0.38355  -0.19322
    25.02  1.08130  0.42334  -0.21552
    27.29  1.05134  0.46313  -0.23781
    29.56  1.02224  0.50351  -0.25946
    31.83  1.00216  0.54963  -0.27540
    34.10  0.98561  0.59797  -0.28912
    36.37  0.96906  0.64631  -0.30284
    38.64  0.95250  0.69465  -0.31656
    40.92  0.93341  0.74399  -0.32935
    43.19  0.91053  0.79476  -0.34075
    45.46  0.88764  0.84554  -0.35216
    47.73  0.86476  0.89632  -0.36357
    50.00  0.84187  0.94709  -0.37498
    60.00  0.69087  1.15236  -0.41884
    70.00  0.48887  1.31218  -0.45592
    80.00  0.25000  1.40471  -0.48484
    90.00  0.00000  1.41600  -0.50384
   100.00  -0.17500  1.40471  -0.52476
   110.00  -0.34200  1.31218  -0.52968
   120.00  -0.48387  1.15236  -0.52142
   130.00  -0.58987  0.94709  -0.50575
   140.00  -0.65974  0.72342  -0.49202
   150.00  -0.71074  0.51049  -0.49756
   160.00  -0.80120  0.33543  -0.57194
   170.00  -0.40010  0.22067  -0.50000
   180.00  0.00000  0.18070  0.00000
EOT
