AeroDyn airfoil file.  Compatible with AeroDyn v13.0.
Interpolated thickness: 0.734

  1        Number of airfoil tables in this file
  9990     Reynolds number in millions.  For efficiency, make very large if only one table.
  0        Control setting
  10.6972  Stall angle (deg)
  -3.1694  Zero lift angle of attack (deg)
  2.53933  Cn slope for zero lift (dimensionless)
  0.614561 Cn at stall value for positive angle of attack
  -0.8     Cn at stall value for negative angle of attack
  -2.12    Angle of attack for minimum CD (deg)
  0.231175 Minimum CD value
  -180.00  0.00007  0.26631  -0.00007
  -170.00  0.13797  0.28070  0.13993
  -160.00  0.27621  0.32196  -0.05019
  -150.00  0.24821  0.38503  -0.02211
  -140.00  0.23037  0.46200  -0.00255
  -130.00  0.20621  0.54330  0.01639
  -120.00  0.16911  0.61862  0.03518
  -110.00  0.11977  0.67840  0.05261
  -100.00  0.06131  0.71491  0.06689
   -90.00  0.00007  0.72310  0.07627
   -80.00  -0.06118  0.71491  0.08320
   -70.00  -0.11964  0.67840  0.08446
   -60.00  -0.16898  0.61862  0.08120
   -50.00  -0.20608  0.54330  0.07554
   -40.00  -0.23024  0.46200  0.07092
   -30.00  -0.24808  0.38503  0.07368
   -20.00  -0.27538  0.32189  0.10056
   -10.00  -0.11264  0.26460  0.04442
    -4.17  -0.02513  0.23124  -0.04718
    -3.17  0.01477  0.23121  -0.04788
    -2.12  0.05606  0.23117  -0.04843
    -1.08  0.09771  0.23117  -0.04907
    -0.05  0.13902  0.23121  -0.04941
    -0.02  0.13911  0.23121  -0.04942
     1.15  0.18790  0.23129  -0.04987
     2.31  0.23385  0.23135  -0.05025
     3.46  0.27995  0.23147  -0.05051
     4.62  0.32460  0.23157  -0.05045
     5.77  0.36783  0.23170  -0.05013
     6.92  0.40881  0.23192  -0.04938
     8.08  0.44246  0.23215  -0.04732
    10.70  0.45776  0.23659  -0.03679
    13.32  0.40065  0.26757  -0.03398
    15.94  0.38689  0.28675  -0.03696
    18.56  0.39572  0.30585  -0.04159
    21.18  0.39352  0.32983  -0.04913
    23.80  0.38177  0.34635  -0.05871
    26.42  0.37002  0.36288  -0.06828
    29.04  0.35827  0.37940  -0.07786
    31.66  0.34993  0.39828  -0.08491
    34.28  0.34335  0.41838  -0.09065
    36.90  0.33677  0.43848  -0.09639
    39.52  0.33019  0.45858  -0.10213
    42.14  0.32156  0.47961  -0.10705
    44.76  0.31251  0.50084  -0.11180
    47.38  0.30346  0.52207  -0.11655
    50.00  0.29441  0.54330  -0.12130
    60.00  0.24156  0.61862  -0.13751
    70.00  0.17086  0.67840  -0.15162
    80.00  0.08756  0.71491  -0.16320
    90.00  0.00007  0.72310  -0.17153
   100.00  -0.06118  0.71491  -0.17843
   110.00  -0.11964  0.67840  -0.17972
   120.00  -0.16898  0.61862  -0.17643
   130.00  -0.20608  0.54330  -0.17080
   140.00  -0.23024  0.46200  -0.16614
   150.00  -0.24808  0.38503  -0.16891
   160.00  -0.27609  0.32196  -0.19607
   170.00  -0.13783  0.28070  -0.17507
   180.00  0.00007  0.26631  -0.00007
EOT
