AeroDyn airfoil file.  Compatible with AeroDyn v13.0.
Interpolated thickness: 0.71

  1        Number of airfoil tables in this file
  9990     Reynolds number in millions.  For efficiency, make very large if only one table.
  0        Control setting
  10.7037  Stall angle (deg)
  -3.21039 Zero lift angle of attack (deg)
  2.73374  Cn slope for zero lift (dimensionless)
  0.663879 Cn at stall value for positive angle of attack
  -0.8     Cn at stall value for negative angle of attack
  -2.12    Angle of attack for minimum CD (deg)
  0.220454 Minimum CD value
  -180.00  0.00006  0.25876  -0.00006
  -170.00  0.15040  0.27445  0.15257
  -160.00  0.30113  0.31944  -0.05470
  -150.00  0.27060  0.38820  -0.02410
  -140.00  0.25114  0.47211  -0.00277
  -130.00  0.22481  0.56075  0.01787
  -120.00  0.18436  0.64286  0.03836
  -110.00  0.13056  0.70804  0.05737
  -100.00  0.06684  0.74783  0.07293
   -90.00  0.00006  0.75676  0.08316
   -80.00  -0.06671  0.74783  0.09072
   -70.00  -0.13044  0.70804  0.09209
   -60.00  -0.18424  0.64286  0.08854
   -50.00  -0.22469  0.56075  0.08236
   -40.00  -0.25102  0.47211  0.07732
   -30.00  -0.27048  0.38820  0.08034
   -20.00  -0.30024  0.31936  0.10964
   -10.00  -0.12281  0.25689  0.04844
    -4.17  -0.02741  0.22053  -0.05142
    -3.17  0.01609  0.22049  -0.05219
    -2.12  0.06111  0.22045  -0.05280
    -1.08  0.10652  0.22045  -0.05348
    -0.05  0.15155  0.22049  -0.05386
    -0.02  0.15165  0.22049  -0.05387
     1.15  0.20484  0.22058  -0.05436
     2.31  0.25494  0.22064  -0.05477
     3.46  0.30520  0.22077  -0.05506
     4.62  0.35388  0.22088  -0.05499
     5.77  0.40101  0.22102  -0.05465
     6.93  0.44569  0.22126  -0.05383
     8.08  0.48238  0.22152  -0.05158
    10.70  0.49905  0.22636  -0.04010
    13.32  0.43679  0.26013  -0.03704
    15.94  0.42179  0.28104  -0.04028
    18.56  0.43141  0.30186  -0.04533
    21.18  0.42902  0.32801  -0.05355
    23.80  0.41621  0.34602  -0.06399
    26.42  0.40340  0.36404  -0.07443
    29.04  0.39059  0.38206  -0.08488
    31.66  0.38149  0.40264  -0.09256
    34.28  0.37432  0.42455  -0.09882
    36.90  0.36714  0.44646  -0.10507
    39.52  0.35997  0.46837  -0.11133
    42.14  0.35056  0.49131  -0.11670
    44.76  0.34070  0.51445  -0.12188
    47.38  0.33083  0.53760  -0.12706
    50.00  0.32097  0.56075  -0.13224
    60.00  0.26335  0.64286  -0.14991
    70.00  0.18627  0.70804  -0.16529
    80.00  0.09546  0.74783  -0.17792
    90.00  0.00006  0.75676  -0.18700
   100.00  -0.06671  0.74783  -0.19451
   110.00  -0.13044  0.70804  -0.19593
   120.00  -0.18424  0.64286  -0.19234
   130.00  -0.22469  0.56075  -0.18620
   140.00  -0.25102  0.47211  -0.18112
   150.00  -0.27048  0.38820  -0.18414
   160.00  -0.30100  0.31944  -0.21375
   170.00  -0.15028  0.27445  -0.19085
   180.00  0.00006  0.25876  -0.00006
EOT
