AeroDyn airfoil file.  Compatible with AeroDyn v13.0.
Interpolated thickness: 0.397

  1        Number of airfoil tables in this file
  9990     Reynolds number in millions.  For efficiency, make very large if only one table.
  0        Control setting
  10.7886  Stall angle (deg)
  -3.50605 Zero lift angle of attack (deg)
  5.22299  Cn slope for zero lift (dimensionless)
  1.30308  Cn at stall value for positive angle of attack
  -0.8     Cn at stall value for negative angle of attack
  -2.12    Angle of attack for minimum CD (deg)
  0.0806336 Minimum CD value
  -180.00  0.00002  0.16029  -0.00002
  -170.00  0.31263  0.19290  0.31735
  -160.00  0.62603  0.28645  -0.11364
  -150.00  0.56256  0.42942  -0.05001
  -140.00  0.52209  0.60389  -0.00565
  -130.00  0.46735  0.78821  0.03727
  -120.00  0.38324  0.95895  0.07988
  -110.00  0.27137  1.09447  0.11939
  -100.00  0.13887  1.17722  0.15176
   -90.00  0.00002  1.19579  0.17302
   -80.00  -0.13883  1.17722  0.18873
   -70.00  -0.27133  1.09447  0.19159
   -60.00  -0.38320  0.95895  0.18421
   -50.00  -0.46730  0.78821  0.17136
   -40.00  -0.52205  0.60389  0.16089
   -30.00  -0.56251  0.42942  0.16715
   -20.00  -0.62440  0.28629  0.22809
   -10.00  -0.25546  0.15641  0.10082
    -4.17  -0.05711  0.08079  -0.10682
    -3.17  0.03334  0.08071  -0.10840
    -2.12  0.12697  0.08063  -0.10967
    -1.08  0.22139  0.08063  -0.11110
    -0.05  0.31501  0.08071  -0.11189
    -0.04  0.31523  0.08071  -0.11190
     1.17  0.42583  0.08089  -0.11291
     2.34  0.53000  0.08103  -0.11378
     3.50  0.63450  0.08130  -0.11438
     4.67  0.73572  0.08152  -0.11423
     5.84  0.83371  0.08181  -0.11352
     7.01  0.92662  0.08231  -0.11182
     8.17  1.00290  0.08286  -0.10713
    10.79  1.03757  0.09291  -0.08326
    13.40  0.90812  0.16313  -0.07691
    16.02  0.87692  0.20661  -0.08366
    18.63  0.89693  0.24991  -0.09415
    21.25  0.89195  0.30427  -0.11124
    23.86  0.86532  0.34173  -0.13295
    26.47  0.83868  0.37919  -0.15467
    29.09  0.81204  0.41665  -0.17638
    31.70  0.79313  0.45945  -0.19235
    34.32  0.77821  0.50501  -0.20536
    36.93  0.76330  0.55057  -0.21838
    39.54  0.74838  0.59613  -0.23139
    42.16  0.72882  0.64382  -0.24254
    44.77  0.70831  0.69195  -0.25331
    47.39  0.68780  0.74008  -0.26409
    50.00  0.66729  0.78821  -0.27486
    60.00  0.54748  0.95895  -0.31160
    70.00  0.38721  1.09447  -0.34357
    80.00  0.19838  1.17722  -0.36983
    90.00  0.00002  1.19579  -0.38872
   100.00  -0.13883  1.17722  -0.40435
   110.00  -0.27133  1.09447  -0.40728
   120.00  -0.38320  0.95895  -0.39983
   130.00  -0.46730  0.78821  -0.38705
   140.00  -0.52205  0.60389  -0.37650
   150.00  -0.56251  0.42942  -0.38277
   160.00  -0.62599  0.28645  -0.44434
   170.00  -0.31259  0.19290  -0.39673
   180.00  0.00002  0.16029  -0.00002
EOT
