AeroDyn airfoil file.  Compatible with AeroDyn v13.0.
Interpolated thickness: 0.824

  1        Number of airfoil tables in this file
  9990     Reynolds number in millions.  For efficiency, make very large if only one table.
  0        Control setting
  10.6728  Stall angle (deg)
  -3.0257  Zero lift angle of attack (deg)
  1.78074  Cn slope for zero lift (dimensionless)
  0.425746 Cn at stall value for positive angle of attack
  -0.8     Cn at stall value for negative angle of attack
  -2.12    Angle of attack for minimum CD (deg)
  0.271379 Minimum CD value
  -180.00  0.00008  0.29463  -0.00008
  -170.00  0.09132  0.30415  0.09255
  -160.00  0.18279  0.33145  -0.03324
  -150.00  0.16427  0.37318  -0.01467
  -140.00  0.15246  0.42411  -0.00172
  -130.00  0.13648  0.47790  0.01081
  -120.00  0.11193  0.52774  0.02324
  -110.00  0.07928  0.56729  0.03478
  -100.00  0.04060  0.59144  0.04422
   -90.00  0.00008  0.59686  0.05043
   -80.00  -0.04045  0.59144  0.05502
   -70.00  -0.07912  0.56729  0.05585
   -60.00  -0.11178  0.52774  0.05370
   -50.00  -0.13632  0.47790  0.04994
   -40.00  -0.15230  0.42411  0.04689
   -30.00  -0.16411  0.37318  0.04872
   -20.00  -0.18218  0.33140  0.06650
   -10.00  -0.07449  0.29349  0.02936
    -4.17  -0.01660  0.27143  -0.03125
    -3.17  0.00980  0.27140  -0.03171
    -2.12  0.03713  0.27138  -0.03208
    -1.08  0.06469  0.27138  -0.03250
    -0.05  0.09201  0.27140  -0.03273
    -0.01  0.09208  0.27140  -0.03273
     1.15  0.12436  0.27145  -0.03303
     2.30  0.15476  0.27149  -0.03328
     3.45  0.18527  0.27157  -0.03346
     4.60  0.21481  0.27164  -0.03341
     5.75  0.24341  0.27172  -0.03320
     6.90  0.27053  0.27187  -0.03271
     8.05  0.29279  0.27203  -0.03134
    10.67  0.30291  0.27496  -0.02437
    13.29  0.26513  0.29546  -0.02252
    15.92  0.25602  0.30815  -0.02449
    18.54  0.26186  0.32079  -0.02755
    21.16  0.26041  0.33665  -0.03254
    23.78  0.25263  0.34759  -0.03888
    26.40  0.24486  0.35852  -0.04521
    29.03  0.23708  0.36945  -0.05155
    31.65  0.23156  0.38195  -0.05621
    34.27  0.22721  0.39524  -0.06001
    36.89  0.22286  0.40854  -0.06381
    39.51  0.21850  0.42184  -0.06761
    42.13  0.21279  0.43576  -0.07086
    44.76  0.20681  0.44981  -0.07401
    47.38  0.20082  0.46385  -0.07715
    50.00  0.19483  0.47790  -0.08030
    60.00  0.15987  0.52774  -0.09102
    70.00  0.11309  0.56729  -0.10035
    80.00  0.05797  0.59144  -0.10802
    90.00  0.00008  0.59686  -0.11353
   100.00  -0.04045  0.59144  -0.11809
   110.00  -0.07912  0.56729  -0.11895
   120.00  -0.11178  0.52774  -0.11677
   130.00  -0.13632  0.47790  -0.11304
   140.00  -0.15230  0.42411  -0.10996
   150.00  -0.16411  0.37318  -0.11179
   160.00  -0.18264  0.33145  -0.12976
   170.00  -0.09117  0.30415  -0.11587
   180.00  0.00008  0.29463  -0.00008
EOT
