AeroDyn airfoil file.  Compatible with AeroDyn v13.0.
Interpolated thickness: 0.965

  1        Number of airfoil tables in this file
  9990     Reynolds number in millions.  For efficiency, make very large if only one table.
  0        Control setting
  10.6345  Stall angle (deg)
  -1.69285 Zero lift angle of attack (deg)
  0.635823 Cn slope for zero lift (dimensionless)
  0.136799 Cn at stall value for positive angle of attack
  -0.8     Cn at stall value for negative angle of attack
  -2.12    Angle of attack for minimum CD (deg)
  0.334365 Minimum CD value
  -180.00  0.00010  0.33899  -0.00010
  -170.00  0.01824  0.34088  0.01833
  -160.00  0.03643  0.34631  -0.00669
  -150.00  0.03275  0.35461  -0.00300
  -140.00  0.03040  0.36474  -0.00042
  -130.00  0.02722  0.37543  0.00207
  -120.00  0.02234  0.38535  0.00454
  -110.00  0.01585  0.39321  0.00684
  -100.00  0.00815  0.39801  0.00871
   -90.00  0.00010  0.39909  0.00995
   -80.00  -0.00796  0.39801  0.01086
   -70.00  -0.01565  0.39321  0.01103
   -60.00  -0.02215  0.38535  0.01060
   -50.00  -0.02703  0.37543  0.00985
   -40.00  -0.03021  0.36474  0.00924
   -30.00  -0.03256  0.35461  0.00961
   -20.00  -0.03615  0.34630  0.01314
   -10.00  -0.01473  0.33876  0.00576
    -4.17  -0.00322  0.33437  -0.00629
    -3.17  0.00203  0.33437  -0.00639
    -2.12  0.00746  0.33437  -0.00646
    -1.08  0.01294  0.33437  -0.00654
    -0.05  0.01838  0.33437  -0.00659
    -0.00  0.01839  0.33437  -0.00659
     1.14  0.02481  0.33438  -0.00665
     2.29  0.03086  0.33439  -0.00670
     3.43  0.03692  0.33440  -0.00673
     4.58  0.04280  0.33442  -0.00672
     5.72  0.04849  0.33443  -0.00668
     6.87  0.05388  0.33446  -0.00658
     8.01  0.05831  0.33449  -0.00631
    10.63  0.06032  0.33508  -0.00493
    13.26  0.05280  0.33915  -0.00456
    15.88  0.05099  0.34168  -0.00495
    18.51  0.05215  0.34419  -0.00556
    21.13  0.05187  0.34735  -0.00655
    23.76  0.05032  0.34952  -0.00781
    26.38  0.04877  0.35169  -0.00907
    29.01  0.04723  0.35387  -0.01033
    31.63  0.04613  0.35635  -0.01126
    34.25  0.04526  0.35900  -0.01201
    36.88  0.04440  0.36164  -0.01277
    39.50  0.04353  0.36429  -0.01352
    42.13  0.04240  0.36705  -0.01417
    44.75  0.04121  0.36985  -0.01480
    47.38  0.04002  0.37264  -0.01542
    50.00  0.03883  0.37543  -0.01605
    60.00  0.03187  0.38535  -0.01818
    70.00  0.02257  0.39321  -0.02004
    80.00  0.01161  0.39801  -0.02156
    90.00  0.00010  0.39909  -0.02266
   100.00  -0.00796  0.39801  -0.02356
   110.00  -0.01565  0.39321  -0.02373
   120.00  -0.02215  0.38535  -0.02330
   130.00  -0.02703  0.37543  -0.02256
   140.00  -0.03021  0.36474  -0.02195
   150.00  -0.03256  0.35461  -0.02231
   160.00  -0.03624  0.34631  -0.02588
   170.00  -0.01805  0.34088  -0.02312
   180.00  0.00010  0.33899  -0.00010
EOT
