AeroDyn airfoil file.  Compatible with AeroDyn v13.0.
Interpolated thickness: 0.69

  1        Number of airfoil tables in this file
  9990     Reynolds number in millions.  For efficiency, make very large if only one table.
  0        Control setting
  10.7091  Stall angle (deg)
  -3.24089 Zero lift angle of attack (deg)
  2.89536  Cn slope for zero lift (dimensionless)
  0.704944 Cn at stall value for positive angle of attack
  -0.8     Cn at stall value for negative angle of attack
  -2.12    Angle of attack for minimum CD (deg)
  0.21152  Minimum CD value
  -180.00  0.00006  0.25247  -0.00006
  -170.00  0.16077  0.26924  0.16310
  -160.00  0.32189  0.31733  -0.05847
  -150.00  0.28926  0.39083  -0.02576
  -140.00  0.26845  0.48053  -0.00296
  -130.00  0.24031  0.57528  0.01911
  -120.00  0.19707  0.66306  0.04102
  -110.00  0.13956  0.73273  0.06133
  -100.00  0.07144  0.77527  0.07797
   -90.00  0.00006  0.78482  0.08890
   -80.00  -0.07132  0.77527  0.09698
   -70.00  -0.13944  0.73273  0.09845
   -60.00  -0.19695  0.66306  0.09465
   -50.00  -0.24019  0.57528  0.08805
   -40.00  -0.26834  0.48053  0.08266
   -30.00  -0.28914  0.39083  0.08588
   -20.00  -0.32095  0.31725  0.11721
   -10.00  -0.13128  0.25047  0.05178
    -4.17  -0.02931  0.21160  -0.05496
    -3.17  0.01719  0.21156  -0.05578
    -2.12  0.06532  0.21152  -0.05643
    -1.08  0.11386  0.21152  -0.05716
    -0.05  0.16199  0.21156  -0.05757
    -0.02  0.16211  0.21156  -0.05757
     1.16  0.21896  0.21165  -0.05810
     2.31  0.27252  0.21172  -0.05854
     3.47  0.32624  0.21186  -0.05885
     4.62  0.37828  0.21198  -0.05877
     5.78  0.42866  0.21213  -0.05841
     6.93  0.47642  0.21238  -0.05753
     8.09  0.51564  0.21266  -0.05513
    10.71  0.53346  0.21783  -0.04285
    13.33  0.46691  0.25393  -0.03959
    15.95  0.45087  0.27628  -0.04306
    18.57  0.46116  0.29854  -0.04845
    21.19  0.45860  0.32649  -0.05724
    23.81  0.44490  0.34575  -0.06840
    26.43  0.43121  0.36501  -0.07956
    29.04  0.41752  0.38427  -0.09072
    31.66  0.40779  0.40627  -0.09894
    34.28  0.40012  0.42969  -0.10563
    36.90  0.39246  0.45311  -0.11231
    39.52  0.38479  0.47653  -0.11900
    42.14  0.37473  0.50105  -0.12474
    44.76  0.36419  0.52580  -0.13028
    47.38  0.35364  0.55054  -0.13582
    50.00  0.34310  0.57528  -0.14135
    60.00  0.28151  0.66306  -0.16024
    70.00  0.19911  0.73273  -0.17668
    80.00  0.10203  0.77527  -0.19018
    90.00  0.00006  0.78482  -0.19989
   100.00  -0.07132  0.77527  -0.20792
   110.00  -0.13944  0.73273  -0.20943
   120.00  -0.19695  0.66306  -0.20560
   130.00  -0.24019  0.57528  -0.19903
   140.00  -0.26834  0.48053  -0.19361
   150.00  -0.28914  0.39083  -0.19683
   160.00  -0.32177  0.31733  -0.22848
   170.00  -0.16065  0.26924  -0.20401
   180.00  0.00006  0.25247  -0.00006
EOT
