AeroDyn airfoil file.  Compatible with AeroDyn v13.0.
Interpolated thickness: 0.177

  1        Number of airfoil tables in this file
  9990     Reynolds number in millions.  For efficiency, make very large if only one table.
  0        Control setting
  13.5664  Stall angle (deg)
  -5.35808 Zero lift angle of attack (deg)
  6.12156  Cn slope for zero lift (dimensionless)
  2.02192  Cn at stall value for positive angle of attack
  -0.8     Cn at stall value for negative angle of attack
  -4.09    Angle of attack for minimum CD (deg)
  0.0070092 Minimum CD value
  -180.00  0.00000  0.18299  0.00000
  -170.00  0.40030  0.22292  0.40000
  -160.00  0.80160  0.33758  -0.13816
  -150.00  0.71080  0.51247  -0.06201
  -140.00  0.65980  0.72517  -0.00692
  -130.00  0.58990  0.94856  0.04637
  -120.00  0.48390  1.15350  0.09836
  -110.00  0.34200  1.31296  0.14510
  -100.00  0.17500  1.40511  0.18185
   -90.00  0.00000  1.41600  0.20370
   -80.00  -0.17500  1.40511  0.22467
   -70.00  -0.34200  1.31296  0.22962
   -60.00  -0.48390  1.15350  0.22140
   -50.00  -0.58990  0.94856  0.20574
   -40.00  -0.65980  0.72517  0.19200
   -30.00  -0.71080  0.51247  0.19747
   -20.00  -0.80050  0.33729  0.27139
   -10.00  -0.26980  0.10483  0.05924
    -6.04  -0.08092  0.01286  -0.13629
    -5.04  0.03497  0.00861  -0.15022
    -4.09  0.13501  0.00701  -0.15631
    -3.02  0.25069  0.00709  -0.15759
    -2.02  0.35734  0.00717  -0.15829
    -1.03  0.46317  0.00726  -0.15881
    -0.00  0.57163  0.00745  -0.15981
     0.74  0.65315  0.00765  -0.15948
     1.49  0.73271  0.00792  -0.15973
     2.23  0.81105  0.00826  -0.16049
     2.97  0.88844  0.00859  -0.15988
     3.72  0.96474  0.00893  -0.15919
     4.46  1.03810  0.00925  -0.15813
     6.74  1.20615  0.01344  -0.14713
     9.01  1.33516  0.02290  -0.13487
    11.29  1.45818  0.03500  -0.12512
    13.57  1.49833  0.06684  -0.11624
    15.84  1.32176  0.20031  -0.13025
    18.12  1.23696  0.27450  -0.13914
    20.40  1.14246  0.34453  -0.17139
    22.67  1.11239  0.38438  -0.19370
    24.95  1.08232  0.42423  -0.21601
    27.23  1.05225  0.46408  -0.23832
    29.51  1.02286  0.50440  -0.26013
    31.78  1.00262  0.55052  -0.27616
    34.06  0.98601  0.59894  -0.28990
    36.34  0.96941  0.64736  -0.30364
    38.61  0.95281  0.69578  -0.31738
    40.89  0.93373  0.74516  -0.33021
    43.17  0.91077  0.79601  -0.34164
    45.45  0.88781  0.84686  -0.35307
    47.72  0.86486  0.89771  -0.36449
    50.00  0.84190  0.94856  -0.37592
    60.00  0.69090  1.15350  -0.41970
    70.00  0.48890  1.31296  -0.45667
    80.00  0.25000  1.40511  -0.48545
    90.00  0.00000  1.41600  -0.50430
   100.00  -0.17500  1.40511  -0.52526
   110.00  -0.34200  1.31296  -0.53022
   120.00  -0.48390  1.15350  -0.52199
   130.00  -0.58990  0.94856  -0.50634
   140.00  -0.65980  0.72517  -0.49259
   150.00  -0.71080  0.51247  -0.49806
   160.00  -0.80160  0.33758  -0.57233
   170.00  -0.40030  0.22292  -0.50000
   180.00  0.00000  0.18299  0.00000
EOT
