AeroDyn airfoil file.  Compatible with AeroDyn v13.0.
Interpolated thickness: 0.541

  1        Number of airfoil tables in this file
  9990     Reynolds number in millions.  For efficiency, make very large if only one table.
  0        Control setting
  10.7496  Stall angle (deg)
  -3.40389 Zero lift angle of attack (deg)
  4.08834  Cn slope for zero lift (dimensionless)
  1.00992  Cn at stall value for positive angle of attack
  -0.8     Cn at stall value for negative angle of attack
  -2.12    Angle of attack for minimum CD (deg)
  0.14496  Minimum CD value
  -180.00  0.00004  0.20560  -0.00004
  -170.00  0.23799  0.23042  0.24154
  -160.00  0.47655  0.30162  -0.08652
  -150.00  0.42824  0.41046  -0.03809
  -140.00  0.39744  0.54326  -0.00433
  -130.00  0.35576  0.68356  0.02835
  -120.00  0.29175  0.81353  0.06078
  -110.00  0.20659  0.91668  0.09085
  -100.00  0.10573  0.97968  0.11550
   -90.00  0.00004  0.99381  0.13168
   -80.00  -0.10565  0.97968  0.14364
   -70.00  -0.20651  0.91668  0.14581
   -60.00  -0.29167  0.81353  0.14020
   -50.00  -0.35569  0.68356  0.13041
   -40.00  -0.39736  0.54326  0.12244
   -30.00  -0.42816  0.41046  0.12721
   -20.00  -0.47527  0.30150  0.17360
   -10.00  -0.19443  0.20264  0.07672
    -4.17  -0.04344  0.14508  -0.08133
    -3.17  0.02541  0.14502  -0.08254
    -2.12  0.09667  0.14496  -0.08351
    -1.08  0.16854  0.14496  -0.08459
    -0.05  0.23981  0.14502  -0.08520
    -0.03  0.23997  0.14502  -0.08520
     1.16  0.32416  0.14515  -0.08597
     2.32  0.40345  0.14526  -0.08664
     3.49  0.48300  0.14546  -0.08709
     4.65  0.56005  0.14564  -0.08698
     5.81  0.63464  0.14586  -0.08643
     6.97  0.70536  0.14624  -0.08514
     8.13  0.76343  0.14665  -0.08157
    10.75  0.78982  0.15430  -0.06340
    13.37  0.69128  0.20776  -0.05856
    15.98  0.66753  0.24085  -0.06370
    18.60  0.68276  0.27381  -0.07169
    21.22  0.67897  0.31519  -0.08470
    23.83  0.65870  0.34370  -0.10123
    26.45  0.63842  0.37222  -0.11775
    29.07  0.61815  0.40074  -0.13428
    31.68  0.60375  0.43331  -0.14644
    34.30  0.59239  0.46799  -0.15635
    36.92  0.58104  0.50267  -0.16625
    39.53  0.56969  0.53735  -0.17615
    42.15  0.55480  0.57365  -0.18464
    44.77  0.53919  0.61029  -0.19285
    47.38  0.52357  0.64693  -0.20105
    50.00  0.50796  0.68356  -0.20925
    60.00  0.41676  0.81353  -0.23721
    70.00  0.29477  0.91668  -0.26155
    80.00  0.15103  0.97968  -0.28154
    90.00  0.00004  0.99381  -0.29591
   100.00  -0.10565  0.97968  -0.30781
   110.00  -0.20651  0.91668  -0.31005
   120.00  -0.29167  0.81353  -0.30437
   130.00  -0.35569  0.68356  -0.29465
   140.00  -0.39736  0.54326  -0.28661
   150.00  -0.42816  0.41046  -0.29138
   160.00  -0.47647  0.30162  -0.33825
   170.00  -0.23792  0.23042  -0.30201
   180.00  0.00004  0.20560  -0.00004
EOT
