AeroDyn airfoil file.  Compatible with AeroDyn v13.0.
Interpolated thickness: 0.505

  1        Number of airfoil tables in this file
  9990     Reynolds number in millions.  For efficiency, make very large if only one table.
  0        Control setting
  10.7593  Stall angle (deg)
  -3.43277 Zero lift angle of attack (deg)
  4.37367  Cn slope for zero lift (dimensionless)
  1.08335  Cn at stall value for positive angle of attack
  -0.8     Cn at stall value for negative angle of attack
  -2.12    Angle of attack for minimum CD (deg)
  0.128878 Minimum CD value
  -180.00  0.00003  0.19427  -0.00003
  -170.00  0.25665  0.22104  0.26049
  -160.00  0.51392  0.29783  -0.09330
  -150.00  0.46182  0.41520  -0.04107
  -140.00  0.42860  0.55842  -0.00466
  -130.00  0.38366  0.70972  0.03058
  -120.00  0.31462  0.84988  0.06555
  -110.00  0.22278  0.96113  0.09799
  -100.00  0.11402  1.02906  0.12456
   -90.00  0.00003  1.04430  0.14202
   -80.00  -0.11395  1.02906  0.15491
   -70.00  -0.22272  0.96113  0.15726
   -60.00  -0.31455  0.84988  0.15120
   -50.00  -0.38359  0.70972  0.14065
   -40.00  -0.42853  0.55842  0.13205
   -30.00  -0.46175  0.41520  0.13720
   -20.00  -0.51255  0.29770  0.18722
   -10.00  -0.20969  0.19108  0.08275
    -4.17  -0.04686  0.12901  -0.08770
    -3.17  0.02739  0.12894  -0.08900
    -2.12  0.10425  0.12888  -0.09005
    -1.08  0.18175  0.12888  -0.09122
    -0.05  0.25861  0.12894  -0.09187
    -0.03  0.25879  0.12894  -0.09187
     1.16  0.34958  0.12909  -0.09271
     2.33  0.43509  0.12920  -0.09342
     3.49  0.52088  0.12942  -0.09391
     4.65  0.60397  0.12961  -0.09379
     5.82  0.68441  0.12985  -0.09321
     6.98  0.76068  0.13026  -0.09181
     8.14  0.82330  0.13070  -0.08796
    10.76  0.85176  0.13895  -0.06837
    13.38  0.74549  0.19660  -0.06315
    15.99  0.71988  0.23229  -0.06869
    18.61  0.73630  0.26784  -0.07730
    21.22  0.73222  0.31246  -0.09134
    23.84  0.71035  0.34321  -0.10916
    26.46  0.68849  0.37396  -0.12698
    29.07  0.66662  0.40472  -0.14480
    31.69  0.65109  0.43985  -0.15792
    34.30  0.63885  0.47725  -0.16860
    36.92  0.62660  0.51465  -0.17928
    39.54  0.61436  0.55205  -0.18996
    42.15  0.59830  0.59120  -0.19912
    44.77  0.58147  0.63070  -0.20796
    47.38  0.56463  0.67021  -0.21681
    50.00  0.54779  0.70972  -0.22565
    60.00  0.44944  0.84988  -0.25581
    70.00  0.31788  0.96113  -0.28205
    80.00  0.16286  1.02906  -0.30361
    90.00  0.00003  1.04430  -0.31911
   100.00  -0.11395  1.02906  -0.33195
   110.00  -0.22272  0.96113  -0.33436
   120.00  -0.31455  0.84988  -0.32823
   130.00  -0.38359  0.70972  -0.31775
   140.00  -0.42853  0.55842  -0.30908
   150.00  -0.46175  0.41520  -0.31423
   160.00  -0.51385  0.29783  -0.36477
   170.00  -0.25658  0.22104  -0.32569
   180.00  0.00003  0.19427  -0.00003
EOT
