AeroDyn airfoil file.  Compatible with AeroDyn v13.0.
Interpolated thickness: 0.283

  1        Number of airfoil tables in this file
  9990     Reynolds number in millions.  For efficiency, make very large if only one table.
  0        Control setting
  10.8196  Stall angle (deg)
  -3.56906 Zero lift angle of attack (deg)
  6.10875  Cn slope for zero lift (dimensionless)
  1.53408  Cn at stall value for positive angle of attack
  -0.8     Cn at stall value for negative angle of attack
  -2.12    Angle of attack for minimum CD (deg)
  0.0297086 Minimum CD value
  -180.00  0.00001  0.12443  -0.00001
  -170.00  0.37171  0.16320  0.37736
  -160.00  0.74436  0.27443  -0.13510
  -150.00  0.66889  0.44444  -0.05944
  -140.00  0.62078  0.65189  -0.00670
  -130.00  0.55568  0.87105  0.04434
  -120.00  0.45568  1.07408  0.09500
  -110.00  0.32266  1.23521  0.14198
  -100.00  0.16510  1.33361  0.18047
   -90.00  0.00001  1.35569  0.20575
   -80.00  -0.16509  1.33361  0.22443
   -70.00  -0.32264  1.23521  0.22783
   -60.00  -0.45567  1.07408  0.21906
   -50.00  -0.55567  0.87105  0.20377
   -40.00  -0.62077  0.65189  0.19132
   -30.00  -0.66888  0.44444  0.19877
   -20.00  -0.74247  0.27424  0.27123
   -10.00  -0.30378  0.11981  0.11990
    -4.17  -0.06792  0.02990  -0.12699
    -3.17  0.03963  0.02980  -0.12888
    -2.12  0.15095  0.02971  -0.13039
    -1.08  0.26322  0.02971  -0.13208
    -0.05  0.37454  0.02980  -0.13303
    -0.04  0.37480  0.02980  -0.13303
     1.17  0.50631  0.03001  -0.13424
     2.35  0.63018  0.03018  -0.13528
     3.52  0.75444  0.03050  -0.13599
     4.69  0.87479  0.03076  -0.13581
     5.86  0.99131  0.03111  -0.13496
     7.04  1.10178  0.03170  -0.13294
     8.21  1.19249  0.03235  -0.12737
    10.82  1.23371  0.04430  -0.09899
    13.43  1.07979  0.12780  -0.09143
    16.04  1.04268  0.17950  -0.09945
    18.66  1.06648  0.23099  -0.11193
    21.27  1.06056  0.29562  -0.13225
    23.88  1.02889  0.34017  -0.15807
    26.49  0.99722  0.38471  -0.18389
    29.10  0.96554  0.42925  -0.20970
    31.72  0.94306  0.48015  -0.22870
    34.33  0.92532  0.53432  -0.24417
    36.94  0.90758  0.58849  -0.25964
    39.55  0.88984  0.64266  -0.27511
    42.16  0.86659  0.69937  -0.28838
    44.78  0.84220  0.75660  -0.30119
    47.39  0.81781  0.81382  -0.31400
    50.00  0.79342  0.87105  -0.32681
    60.00  0.65097  1.07408  -0.37049
    70.00  0.46040  1.23521  -0.40851
    80.00  0.23586  1.33361  -0.43973
    90.00  0.00001  1.35569  -0.46219
   100.00  -0.16509  1.33361  -0.48077
   110.00  -0.32264  1.23521  -0.48426
   120.00  -0.45567  1.07408  -0.47540
   130.00  -0.55567  0.87105  -0.46021
   140.00  -0.62077  0.65189  -0.44766
   150.00  -0.66888  0.44444  -0.45511
   160.00  -0.74435  0.27443  -0.52832
   170.00  -0.37170  0.16320  -0.47172
   180.00  0.00001  0.12443  -0.00001
EOT
