AeroDyn airfoil file.  Compatible with AeroDyn v13.0.
Interpolated thickness: 0.253

  1        Number of airfoil tables in this file
  9990     Reynolds number in millions.  For efficiency, make very large if only one table.
  0        Control setting
  10.8277  Stall angle (deg)
  -3.58398 Zero lift angle of attack (deg)
  6.34003  Cn slope for zero lift (dimensionless)
  1.59472  Cn at stall value for positive angle of attack
  -0.8     Cn at stall value for negative angle of attack
  -2.12    Angle of attack for minimum CD (deg)
  0.0163072 Minimum CD value
  -180.00  0.00000  0.11499  -0.00000
  -170.00  0.38726  0.15539  0.39316
  -160.00  0.77551  0.27127  -0.14075
  -150.00  0.69687  0.44839  -0.06192
  -140.00  0.64675  0.66453  -0.00698
  -130.00  0.57893  0.89285  0.04619
  -120.00  0.47474  1.10437  0.09898
  -110.00  0.33615  1.27225  0.14792
  -100.00  0.17201  1.37477  0.18803
   -90.00  0.00000  1.39777  0.21437
   -80.00  -0.17200  1.37477  0.23383
   -70.00  -0.33615  1.27225  0.23737
   -60.00  -0.47474  1.10437  0.22823
   -50.00  -0.57892  0.89285  0.21230
   -40.00  -0.64674  0.66453  0.19933
   -30.00  -0.69687  0.44839  0.20709
   -20.00  -0.77354  0.27107  0.28258
   -10.00  -0.31649  0.11017  0.12492
    -4.17  -0.07077  0.01650  -0.13230
    -3.17  0.04128  0.01641  -0.13427
    -2.12  0.15726  0.01631  -0.13584
    -1.08  0.27423  0.01631  -0.13761
    -0.05  0.39021  0.01641  -0.13859
    -0.05  0.39048  0.01641  -0.13859
     1.17  0.52749  0.01662  -0.13985
     2.35  0.65654  0.01679  -0.14093
     3.52  0.78600  0.01713  -0.14167
     4.69  0.91139  0.01741  -0.14149
     5.87  1.03278  0.01777  -0.14060
     7.04  1.14788  0.01839  -0.13850
     8.22  1.24238  0.01906  -0.13269
    10.83  1.28533  0.03151  -0.10312
    13.44  1.12496  0.11851  -0.09525
    16.05  1.08631  0.17237  -0.10361
    18.66  1.11110  0.22601  -0.11661
    21.27  1.10494  0.29335  -0.13778
    23.89  1.07194  0.33975  -0.16468
    26.50  1.03894  0.38616  -0.19158
    29.11  1.00594  0.43257  -0.21847
    31.72  0.98251  0.48559  -0.23826
    34.33  0.96403  0.54203  -0.25438
    36.94  0.94555  0.59847  -0.27050
    39.55  0.92707  0.65491  -0.28662
    42.17  0.90284  0.71399  -0.30044
    44.78  0.87743  0.77361  -0.31378
    47.39  0.85203  0.83323  -0.32713
    50.00  0.82662  0.89285  -0.34048
    60.00  0.67820  1.10437  -0.38598
    70.00  0.47965  1.27225  -0.42560
    80.00  0.24573  1.37477  -0.45813
    90.00  0.00000  1.39777  -0.48152
   100.00  -0.17200  1.37477  -0.50088
   110.00  -0.33615  1.27225  -0.50452
   120.00  -0.47474  1.10437  -0.49528
   130.00  -0.57892  0.89285  -0.47946
   140.00  -0.64674  0.66453  -0.46639
   150.00  -0.69687  0.44839  -0.47415
   160.00  -0.77550  0.27127  -0.55042
   170.00  -0.38726  0.15539  -0.49145
   180.00  0.00000  0.11499  -0.00000
EOT
