AeroDyn airfoil file.  Compatible with AeroDyn v13.0.
Interpolated thickness: 0.802

  1        Number of airfoil tables in this file
  9990     Reynolds number in millions.  For efficiency, make very large if only one table.
  0        Control setting
  10.6787  Stall angle (deg)
  -3.09495 Zero lift angle of attack (deg)
  1.95827  Cn slope for zero lift (dimensionless)
  0.470761 Cn at stall value for positive angle of attack
  -0.8     Cn at stall value for negative angle of attack
  -2.12    Angle of attack for minimum CD (deg)
  0.261551 Minimum CD value
  -180.00  0.00007  0.28771  -0.00007
  -170.00  0.10272  0.29842  0.10414
  -160.00  0.20563  0.32913  -0.03738
  -150.00  0.18479  0.37608  -0.01649
  -140.00  0.17150  0.43337  -0.00192
  -130.00  0.15352  0.49389  0.01217
  -120.00  0.12591  0.54995  0.02616
  -110.00  0.08917  0.59445  0.03914
  -100.00  0.04567  0.62162  0.04976
   -90.00  0.00007  0.62772  0.05675
   -80.00  -0.04552  0.62162  0.06191
   -70.00  -0.08903  0.59445  0.06284
   -60.00  -0.12576  0.54995  0.06042
   -50.00  -0.15338  0.49389  0.05620
   -40.00  -0.17135  0.43337  0.05276
   -30.00  -0.18464  0.37608  0.05482
   -20.00  -0.20496  0.32908  0.07483
   -10.00  -0.08382  0.28643  0.03304
    -4.17  -0.01868  0.26160  -0.03514
    -3.17  0.01102  0.26158  -0.03566
    -2.12  0.04176  0.26155  -0.03608
    -1.08  0.07276  0.26155  -0.03655
    -0.05  0.10350  0.26158  -0.03681
    -0.01  0.10357  0.26158  -0.03681
     1.15  0.13989  0.26163  -0.03714
     2.30  0.17410  0.26168  -0.03743
     3.45  0.20841  0.26177  -0.03762
     4.60  0.24165  0.26184  -0.03758
     5.76  0.27382  0.26194  -0.03734
     6.91  0.30433  0.26210  -0.03678
     8.06  0.32938  0.26228  -0.03524
    10.68  0.34076  0.26558  -0.02741
    13.30  0.29826  0.28864  -0.02532
    15.92  0.28801  0.30292  -0.02754
    18.54  0.29458  0.31714  -0.03098
    21.16  0.29295  0.33498  -0.03659
    23.79  0.28420  0.34728  -0.04372
    26.41  0.27545  0.35959  -0.05085
    29.03  0.26671  0.37189  -0.05798
    31.65  0.26050  0.38594  -0.06323
    34.27  0.25560  0.40090  -0.06750
    36.89  0.25070  0.41586  -0.07177
    39.51  0.24580  0.43082  -0.07604
    42.14  0.23938  0.44648  -0.07971
    44.76  0.23265  0.46228  -0.08325
    47.38  0.22591  0.47809  -0.08678
    50.00  0.21918  0.49389  -0.09032
    60.00  0.17984  0.54995  -0.10238
    70.00  0.12721  0.59445  -0.11288
    80.00  0.06521  0.62162  -0.12151
    90.00  0.00007  0.62772  -0.12771
   100.00  -0.04552  0.62162  -0.13284
   110.00  -0.08903  0.59445  -0.13380
   120.00  -0.12576  0.54995  -0.13135
   130.00  -0.15338  0.49389  -0.12716
   140.00  -0.17135  0.43337  -0.12369
   150.00  -0.18464  0.37608  -0.12575
   160.00  -0.20548  0.32913  -0.14597
   170.00  -0.10257  0.29842  -0.13034
   180.00  0.00007  0.28771  -0.00007
EOT
