AeroDyn airfoil file.  Compatible with AeroDyn v13.0.
Interpolated thickness: 0.811

  1        Number of airfoil tables in this file
  9990     Reynolds number in millions.  For efficiency, make very large if only one table.
  0        Control setting
  10.6763  Stall angle (deg)
  -3.06814 Zero lift angle of attack (deg)
  1.88568  Cn slope for zero lift (dimensionless)
  0.452348 Cn at stall value for positive angle of attack
  -0.8     Cn at stall value for negative angle of attack
  -2.12    Angle of attack for minimum CD (deg)
  0.265572 Minimum CD value
  -180.00  0.00008  0.29054  -0.00008
  -170.00  0.09806  0.30076  0.09940
  -160.00  0.19629  0.33008  -0.03569
  -150.00  0.17639  0.37489  -0.01574
  -140.00  0.16371  0.42958  -0.00184
  -130.00  0.14655  0.48735  0.01161
  -120.00  0.12019  0.54087  0.02497
  -110.00  0.08513  0.58334  0.03735
  -100.00  0.04359  0.60928  0.04750
   -90.00  0.00008  0.61510  0.05416
   -80.00  -0.04344  0.60928  0.05909
   -70.00  -0.08497  0.58334  0.05998
   -60.00  -0.12004  0.54087  0.05767
   -50.00  -0.14640  0.48735  0.05364
   -40.00  -0.16356  0.42958  0.05036
   -30.00  -0.17624  0.37489  0.05232
   -20.00  -0.19564  0.33003  0.07142
   -10.00  -0.08000  0.28932  0.03153
    -4.17  -0.01783  0.26562  -0.03355
    -3.17  0.01052  0.26560  -0.03405
    -2.12  0.03986  0.26557  -0.03444
    -1.08  0.06946  0.26557  -0.03489
    -0.05  0.09880  0.26560  -0.03514
    -0.01  0.09887  0.26560  -0.03514
     1.15  0.13354  0.26565  -0.03546
     2.30  0.16619  0.26569  -0.03573
     3.45  0.19894  0.26578  -0.03592
     4.60  0.23067  0.26585  -0.03587
     5.75  0.26138  0.26594  -0.03565
     6.90  0.29050  0.26610  -0.03512
     8.05  0.31441  0.26627  -0.03365
    10.68  0.32528  0.26942  -0.02617
    13.30  0.28470  0.29143  -0.02417
    15.92  0.27492  0.30506  -0.02629
    18.54  0.28120  0.31863  -0.02958
    21.16  0.27964  0.33567  -0.03494
    23.78  0.27129  0.34741  -0.04174
    26.41  0.26294  0.35915  -0.04855
    29.03  0.25459  0.37089  -0.05535
    31.65  0.24866  0.38431  -0.06036
    34.27  0.24399  0.39859  -0.06444
    36.89  0.23931  0.41287  -0.06851
    39.51  0.23464  0.42715  -0.07259
    42.14  0.22851  0.44209  -0.07609
    44.76  0.22208  0.45718  -0.07947
    47.38  0.21565  0.47226  -0.08284
    50.00  0.20922  0.48735  -0.08622
    60.00  0.17167  0.54087  -0.09773
    70.00  0.12143  0.58334  -0.10776
    80.00  0.06225  0.60928  -0.11599
    90.00  0.00008  0.61510  -0.12191
   100.00  -0.04344  0.60928  -0.12680
   110.00  -0.08497  0.58334  -0.12772
   120.00  -0.12004  0.54087  -0.12539
   130.00  -0.14640  0.48735  -0.12138
   140.00  -0.16356  0.42958  -0.11808
   150.00  -0.17624  0.37489  -0.12004
   160.00  -0.19614  0.33008  -0.13934
   170.00  -0.09791  0.30076  -0.12442
   180.00  0.00008  0.29054  -0.00008
EOT
