AeroDyn airfoil file.  Compatible with AeroDyn v13.0.
Interpolated thickness: 0.346

  1        Number of airfoil tables in this file
  9990     Reynolds number in millions.  For efficiency, make very large if only one table.
  0        Control setting
  10.8025  Stall angle (deg)
  -3.53564 Zero lift angle of attack (deg)
  5.6206   Cn slope for zero lift (dimensionless)
  1.40654  Cn at stall value for positive angle of attack
  -0.8     Cn at stall value for negative angle of attack
  -2.12    Angle of attack for minimum CD (deg)
  0.0578513 Minimum CD value
  -180.00  0.00001  0.14425  -0.00001
  -170.00  0.33906  0.17962  0.34420
  -160.00  0.67897  0.28107  -0.12324
  -150.00  0.61013  0.43614  -0.05423
  -140.00  0.56624  0.62537  -0.00612
  -130.00  0.50686  0.82527  0.04043
  -120.00  0.41565  1.01045  0.08664
  -110.00  0.29431  1.15743  0.12950
  -100.00  0.15061  1.24718  0.16460
   -90.00  0.00001  1.26732  0.18767
   -80.00  -0.15058  1.24718  0.20471
   -70.00  -0.29429  1.15743  0.20780
   -60.00  -0.41562  1.01045  0.19980
   -50.00  -0.50684  0.82527  0.18586
   -40.00  -0.56621  0.62537  0.17450
   -30.00  -0.61010  0.43614  0.18130
   -20.00  -0.67722  0.28090  0.24739
   -10.00  -0.27708  0.14003  0.10936
    -4.17  -0.06194  0.05802  -0.11584
    -3.17  0.03616  0.05794  -0.11756
    -2.12  0.13770  0.05785  -0.11894
    -1.08  0.24010  0.05785  -0.12049
    -0.05  0.34164  0.05794  -0.12135
    -0.04  0.34188  0.05794  -0.12135
     1.17  0.46183  0.05813  -0.12246
     2.34  0.57481  0.05828  -0.12340
     3.51  0.68816  0.05857  -0.12405
     4.68  0.79794  0.05881  -0.12388
     5.85  0.90422  0.05913  -0.12311
     7.02  1.00498  0.05967  -0.12127
     8.19  1.08772  0.06026  -0.11619
    10.80  1.12532  0.07116  -0.09030
    13.42  0.98492  0.14733  -0.08340
    16.03  0.95108  0.19448  -0.09072
    18.64  0.97278  0.24145  -0.10210
    21.26  0.96739  0.30040  -0.12064
    23.87  0.93849  0.34103  -0.14419
    26.48  0.90960  0.38166  -0.16774
    29.09  0.88071  0.42229  -0.19129
    31.71  0.86020  0.46871  -0.20861
    34.32  0.84402  0.51812  -0.22273
    36.93  0.82784  0.56754  -0.23684
    39.55  0.81167  0.61695  -0.25095
    42.16  0.79045  0.66867  -0.26305
    44.77  0.76821  0.72087  -0.27473
    47.39  0.74596  0.77307  -0.28642
    50.00  0.72372  0.82527  -0.29810
    60.00  0.59378  1.01045  -0.33794
    70.00  0.41995  1.15743  -0.37262
    80.00  0.21515  1.24718  -0.40111
    90.00  0.00001  1.26732  -0.42159
   100.00  -0.15058  1.24718  -0.43854
   110.00  -0.29429  1.15743  -0.44172
   120.00  -0.41562  1.01045  -0.43363
   130.00  -0.50684  0.82527  -0.41978
   140.00  -0.56621  0.62537  -0.40833
   150.00  -0.61010  0.43614  -0.41513
   160.00  -0.67894  0.28107  -0.48191
   170.00  -0.33903  0.17962  -0.43028
   180.00  0.00001  0.14425  -0.00001
EOT
