AeroDyn airfoil file.  Compatible with AeroDyn v13.0.
Interpolated thickness: 0.926

  1        Number of airfoil tables in this file
  9990     Reynolds number in millions.  For efficiency, make very large if only one table.
  0        Control setting
  10.6451  Stall angle (deg)
  -2.37896 Zero lift angle of attack (deg)
  0.953746 Cn slope for zero lift (dimensionless)
  0.216798 Cn at stall value for positive angle of attack
  -0.8     Cn at stall value for negative angle of attack
  -2.12    Angle of attack for minimum CD (deg)
  0.316943 Minimum CD value
  -180.00  0.00009  0.32672  -0.00009
  -170.00  0.03845  0.33072  0.03886
  -160.00  0.07691  0.34220  -0.01403
  -150.00  0.06912  0.35975  -0.00622
  -140.00  0.06416  0.38116  -0.00078
  -130.00  0.05744  0.40378  0.00449
  -120.00  0.04712  0.42473  0.00971
  -110.00  0.03339  0.44136  0.01456
  -100.00  0.01713  0.45152  0.01854
   -90.00  0.00009  0.45379  0.02115
   -80.00  -0.01695  0.45152  0.02307
   -70.00  -0.03321  0.44136  0.02342
   -60.00  -0.04694  0.42473  0.02252
   -50.00  -0.05726  0.40378  0.02094
   -40.00  -0.06398  0.38116  0.01966
   -30.00  -0.06894  0.35975  0.02043
   -20.00  -0.07654  0.34218  0.02790
   -10.00  -0.03126  0.32624  0.01229
    -4.17  -0.00692  0.31696  -0.01320
    -3.17  0.00418  0.31695  -0.01339
    -2.12  0.01567  0.31694  -0.01355
    -1.08  0.02726  0.31694  -0.01372
    -0.05  0.03875  0.31695  -0.01382
    -0.00  0.03877  0.31695  -0.01382
     1.15  0.05235  0.31697  -0.01394
     2.29  0.06513  0.31699  -0.01405
     3.44  0.07795  0.31702  -0.01412
     4.58  0.09038  0.31705  -0.01411
     5.73  0.10240  0.31709  -0.01402
     6.88  0.11380  0.31715  -0.01381
     8.02  0.12316  0.31722  -0.01323
    10.65  0.12742  0.31845  -0.01031
    13.27  0.11153  0.32707  -0.00953
    15.89  0.10770  0.33240  -0.01035
    18.52  0.11016  0.33772  -0.01164
    21.14  0.10955  0.34439  -0.01374
    23.76  0.10628  0.34899  -0.01640
    26.39  0.10301  0.35358  -0.01907
    29.01  0.09974  0.35818  -0.02173
    31.63  0.09742  0.36343  -0.02369
    34.26  0.09559  0.36902  -0.02529
    36.88  0.09376  0.37461  -0.02689
    39.51  0.09193  0.38021  -0.02848
    42.13  0.08953  0.38606  -0.02985
    44.75  0.08701  0.39196  -0.03117
    47.38  0.08449  0.39787  -0.03250
    50.00  0.08198  0.40378  -0.03382
    60.00  0.06727  0.42473  -0.03833
    70.00  0.04761  0.44136  -0.04225
    80.00  0.02443  0.45152  -0.04547
    90.00  0.00009  0.45379  -0.04779
   100.00  -0.01695  0.45152  -0.04971
   110.00  -0.03321  0.44136  -0.05007
   120.00  -0.04694  0.42473  -0.04915
   130.00  -0.05726  0.40378  -0.04759
   140.00  -0.06398  0.38116  -0.04629
   150.00  -0.06894  0.35975  -0.04706
   160.00  -0.07673  0.34220  -0.05462
   170.00  -0.03827  0.33072  -0.04877
   180.00  0.00009  0.32672  -0.00009
EOT
