AeroDyn airfoil file.  Compatible with AeroDyn v13.0.
Interpolated thickness: 0.595

  1        Number of airfoil tables in this file
  9990     Reynolds number in millions.  For efficiency, make very large if only one table.
  0        Control setting
  10.7349  Stall angle (deg)
  -3.35454 Zero lift angle of attack (deg)
  3.65823  Cn slope for zero lift (dimensionless)
  0.899584 Cn at stall value for positive angle of attack
  -0.8     Cn at stall value for negative angle of attack
  -2.12    Angle of attack for minimum CD (deg)
  0.169082 Minimum CD value
  -180.00  0.00005  0.22258  -0.00005
  -170.00  0.21001  0.24449  0.21311
  -160.00  0.42050  0.30732  -0.07636
  -150.00  0.37787  0.40334  -0.03362
  -140.00  0.35069  0.52053  -0.00383
  -130.00  0.31392  0.64432  0.02500
  -120.00  0.25743  0.75900  0.05362
  -110.00  0.18230  0.85002  0.08015
  -100.00  0.09330  0.90560  0.10190
   -90.00  0.00005  0.91807  0.11618
   -80.00  -0.09321  0.90560  0.12673
   -70.00  -0.18220  0.85002  0.12865
   -60.00  -0.25734  0.75900  0.12369
   -50.00  -0.31383  0.64432  0.11506
   -40.00  -0.35060  0.52053  0.10802
   -30.00  -0.37778  0.40334  0.11223
   -20.00  -0.41934  0.30721  0.15316
   -10.00  -0.17155  0.21997  0.06768
    -4.17  -0.03832  0.16919  -0.07177
    -3.17  0.02243  0.16914  -0.07284
    -2.12  0.08531  0.16908  -0.07369
    -1.08  0.14872  0.16908  -0.07465
    -0.05  0.21161  0.16914  -0.07518
    -0.03  0.21175  0.16914  -0.07519
     1.16  0.28604  0.16925  -0.07587
     2.32  0.35600  0.16935  -0.07646
     3.48  0.42619  0.16953  -0.07686
     4.64  0.49417  0.16968  -0.07675
     5.80  0.55999  0.16988  -0.07628
     6.96  0.62239  0.17021  -0.07514
     8.12  0.67363  0.17057  -0.07199
    10.73  0.69691  0.17733  -0.05596
    13.35  0.60996  0.22449  -0.05169
    15.97  0.58901  0.25369  -0.05622
    18.59  0.60245  0.28278  -0.06327
    21.21  0.59911  0.31928  -0.07475
    23.82  0.58122  0.34445  -0.08933
    26.44  0.56333  0.36961  -0.10391
    29.06  0.54543  0.39477  -0.11849
    31.68  0.53273  0.42351  -0.12923
    34.29  0.52271  0.45411  -0.13796
    36.91  0.51269  0.48471  -0.14670
    39.53  0.50268  0.51531  -0.15544
    42.15  0.48954  0.54734  -0.16293
    44.76  0.47576  0.57967  -0.17017
    47.38  0.46199  0.61199  -0.17741
    50.00  0.44821  0.64432  -0.18464
    60.00  0.36774  0.75900  -0.20931
    70.00  0.26010  0.85002  -0.23079
    80.00  0.13327  0.90560  -0.24843
    90.00  0.00005  0.91807  -0.26111
   100.00  -0.09321  0.90560  -0.27161
   110.00  -0.18220  0.85002  -0.27358
   120.00  -0.25734  0.75900  -0.26857
   130.00  -0.31383  0.64432  -0.25999
   140.00  -0.35060  0.52053  -0.25291
   150.00  -0.37778  0.40334  -0.25712
   160.00  -0.42041  0.30732  -0.29847
   170.00  -0.20991  0.24449  -0.26649
   180.00  0.00005  0.22258  -0.00005
EOT
