AeroDyn airfoil file.  Compatible with AeroDyn v13.0.
Interpolated thickness: 0.347

  1        Number of airfoil tables in this file
  9990     Reynolds number in millions.  For efficiency, make very large if only one table.
  0        Control setting
  10.8022  Stall angle (deg)
  -3.53508 Zero lift angle of attack (deg)
  5.61283  Cn slope for zero lift (dimensionless)
  1.40451  Cn at stall value for positive angle of attack
  -0.8     Cn at stall value for negative angle of attack
  -2.12    Angle of attack for minimum CD (deg)
  0.058298 Minimum CD value
  -180.00  0.00001  0.14456  -0.00001
  -170.00  0.33854  0.17988  0.34367
  -160.00  0.67793  0.28118  -0.12305
  -150.00  0.60919  0.43601  -0.05414
  -140.00  0.56537  0.62495  -0.00611
  -130.00  0.50609  0.82454  0.04037
  -120.00  0.41501  1.00944  0.08651
  -110.00  0.29386  1.15620  0.12930
  -100.00  0.15038  1.24581  0.16435
   -90.00  0.00001  1.26592  0.18738
   -80.00  -0.15035  1.24581  0.20439
   -70.00  -0.29384  1.15620  0.20749
   -60.00  -0.41498  1.00944  0.19949
   -50.00  -0.50606  0.82454  0.18558
   -40.00  -0.56535  0.62495  0.17423
   -30.00  -0.60917  0.43601  0.18102
   -20.00  -0.67618  0.28101  0.24701
   -10.00  -0.27665  0.14035  0.10919
    -4.17  -0.06185  0.05847  -0.11566
    -3.17  0.03610  0.05838  -0.11738
    -2.12  0.13749  0.05830  -0.11876
    -1.08  0.23973  0.05830  -0.12030
    -0.05  0.34112  0.05838  -0.12116
    -0.04  0.34136  0.05838  -0.12116
     1.17  0.46113  0.05857  -0.12227
     2.34  0.57394  0.05872  -0.12321
     3.51  0.68711  0.05902  -0.12386
     4.68  0.79672  0.05926  -0.12369
     5.85  0.90283  0.05958  -0.12292
     7.02  1.00344  0.06012  -0.12108
     8.19  1.08606  0.06070  -0.11601
    10.80  1.12360  0.07159  -0.09016
    13.42  0.98341  0.14764  -0.08327
    16.03  0.94962  0.19472  -0.09058
    18.64  0.97130  0.24161  -0.10195
    21.25  0.96591  0.30048  -0.12046
    23.87  0.93706  0.34104  -0.14397
    26.48  0.90821  0.38161  -0.16748
    29.09  0.87937  0.42218  -0.19099
    31.71  0.85889  0.46853  -0.20829
    34.32  0.84273  0.51787  -0.22238
    36.93  0.82658  0.56720  -0.23647
    39.55  0.81042  0.61654  -0.25056
    42.16  0.78925  0.66818  -0.26264
    44.77  0.76703  0.72030  -0.27431
    47.39  0.74482  0.77242  -0.28598
    50.00  0.72261  0.82454  -0.29764
    60.00  0.59287  1.00944  -0.33743
    70.00  0.41931  1.15620  -0.37205
    80.00  0.21482  1.24581  -0.40049
    90.00  0.00001  1.26592  -0.42094
   100.00  -0.15035  1.24581  -0.43787
   110.00  -0.29384  1.15620  -0.44105
   120.00  -0.41498  1.00944  -0.43297
   130.00  -0.50606  0.82454  -0.41914
   140.00  -0.56535  0.62495  -0.40771
   150.00  -0.60917  0.43601  -0.41450
   160.00  -0.67790  0.28118  -0.48117
   170.00  -0.33851  0.17988  -0.42962
   180.00  0.00001  0.14456  -0.00001
EOT
