AeroDyn airfoil file.  Compatible with AeroDyn v13.0.
Interpolated thickness: 0.409

  1        Number of airfoil tables in this file
  9990     Reynolds number in millions.  For efficiency, make very large if only one table.
  0        Control setting
  10.7854  Stall angle (deg)
  -3.49869 Zero lift angle of attack (deg)
  5.12911  Cn slope for zero lift (dimensionless)
  1.27871  Cn at stall value for positive angle of attack
  -0.8     Cn at stall value for negative angle of attack
  -2.12    Angle of attack for minimum CD (deg)
  0.0859941 Minimum CD value
  -180.00  0.00002  0.16407  -0.00002
  -170.00  0.30641  0.19603  0.31103
  -160.00  0.61357  0.28771  -0.11138
  -150.00  0.55136  0.42784  -0.04901
  -140.00  0.51170  0.59884  -0.00554
  -130.00  0.45805  0.77949  0.03653
  -120.00  0.37562  0.94683  0.07829
  -110.00  0.26597  1.07965  0.11701
  -100.00  0.13611  1.16076  0.14874
   -90.00  0.00002  1.17896  0.16958
   -80.00  -0.13606  1.16076  0.18498
   -70.00  -0.26593  1.07965  0.18778
   -60.00  -0.37557  0.94683  0.18054
   -50.00  -0.45800  0.77949  0.16795
   -40.00  -0.51166  0.59884  0.15768
   -30.00  -0.55132  0.42784  0.16382
   -20.00  -0.61197  0.28756  0.22355
   -10.00  -0.25038  0.16026  0.09881
    -4.17  -0.05597  0.08615  -0.10469
    -3.17  0.03268  0.08607  -0.10625
    -2.12  0.12444  0.08599  -0.10749
    -1.08  0.21698  0.08599  -0.10889
    -0.05  0.30874  0.08607  -0.10967
    -0.04  0.30896  0.08607  -0.10967
     1.17  0.41735  0.08624  -0.11067
     2.33  0.51945  0.08638  -0.11152
     3.50  0.62188  0.08664  -0.11211
     4.67  0.72108  0.08686  -0.11196
     5.84  0.81712  0.08715  -0.11126
     7.00  0.90818  0.08764  -0.10960
     8.17  0.98295  0.08817  -0.10500
    10.79  1.01693  0.09802  -0.08161
    13.40  0.89005  0.16685  -0.07538
    16.01  0.85947  0.20946  -0.08199
    18.63  0.87908  0.25190  -0.09228
    21.24  0.87421  0.30518  -0.10903
    23.86  0.84810  0.34189  -0.13031
    26.47  0.82199  0.37861  -0.15159
    29.09  0.79588  0.41533  -0.17287
    31.70  0.77735  0.45727  -0.18853
    34.31  0.76273  0.50193  -0.20128
    36.93  0.74811  0.54658  -0.21403
    39.54  0.73349  0.59123  -0.22678
    42.16  0.71432  0.63797  -0.23772
    44.77  0.69422  0.68514  -0.24828
    47.39  0.67411  0.73232  -0.25883
    50.00  0.65401  0.77949  -0.26939
    60.00  0.53659  0.94683  -0.30540
    70.00  0.37951  1.07965  -0.33674
    80.00  0.19443  1.16076  -0.36248
    90.00  0.00002  1.17896  -0.38098
   100.00  -0.13606  1.16076  -0.39630
   110.00  -0.26593  1.07965  -0.39918
   120.00  -0.37557  0.94683  -0.39187
   130.00  -0.45800  0.77949  -0.37935
   140.00  -0.51166  0.59884  -0.36901
   150.00  -0.55132  0.42784  -0.37515
   160.00  -0.61353  0.28771  -0.43550
   170.00  -0.30636  0.19603  -0.38884
   180.00  0.00002  0.16407  -0.00002
EOT
