AeroDyn airfoil file.  Compatible with AeroDyn v13.0.
Interpolated thickness: 0.793

  1        Number of airfoil tables in this file
  9990     Reynolds number in millions.  For efficiency, make very large if only one table.
  0        Control setting
  10.6812  Stall angle (deg)
  -3.03987 Zero lift angle of attack (deg)
  2.05921  Cn slope for zero lift (dimensionless)
  0.493134 Cn at stall value for positive angle of attack
  -0.8     Cn at stall value for negative angle of attack
  -2.12    Angle of attack for minimum CD (deg)
  0.257531 Minimum CD value
  -180.00  0.00007  0.28488  -0.00007
  -170.00  0.10739  0.29607  0.10887
  -160.00  0.21497  0.32818  -0.03908
  -150.00  0.19318  0.37726  -0.01723
  -140.00  0.17929  0.43716  -0.00201
  -130.00  0.16050  0.50043  0.01273
  -120.00  0.13163  0.55904  0.02735
  -110.00  0.09322  0.60556  0.04092
  -100.00  0.04774  0.63397  0.05203
   -90.00  0.00007  0.64034  0.05933
   -80.00  -0.04759  0.63397  0.06472
   -70.00  -0.09308  0.60556  0.06570
   -60.00  -0.13148  0.55904  0.06317
   -50.00  -0.16035  0.50043  0.05876
   -40.00  -0.17915  0.43716  0.05516
   -30.00  -0.19304  0.37726  0.05732
   -20.00  -0.21428  0.32813  0.07823
   -10.00  -0.08763  0.28354  0.03455
    -4.17  -0.01954  0.25759  -0.03673
    -3.17  0.01151  0.25756  -0.03728
    -2.12  0.04365  0.25753  -0.03771
    -1.08  0.07606  0.25753  -0.03820
    -0.05  0.10820  0.25756  -0.03848
    -0.01  0.10828  0.25756  -0.03848
     1.15  0.14624  0.25762  -0.03883
     2.30  0.18201  0.25767  -0.03913
     3.45  0.21788  0.25776  -0.03933
     4.61  0.25263  0.25784  -0.03928
     5.76  0.28627  0.25794  -0.03903
     6.91  0.31816  0.25811  -0.03845
     8.06  0.34435  0.25829  -0.03684
    10.68  0.35625  0.26174  -0.02865
    13.30  0.31181  0.28585  -0.02647
    15.92  0.30110  0.30078  -0.02878
    18.54  0.30797  0.31564  -0.03239
    21.17  0.30626  0.33430  -0.03825
    23.79  0.29711  0.34716  -0.04571
    26.41  0.28797  0.36002  -0.05316
    29.03  0.27883  0.37288  -0.06061
    31.65  0.27233  0.38757  -0.06610
    34.27  0.26721  0.40321  -0.07056
    36.89  0.26209  0.41885  -0.07503
    39.51  0.25697  0.43449  -0.07950
    42.14  0.25026  0.45086  -0.08333
    44.76  0.24322  0.46739  -0.08702
    47.38  0.23618  0.48391  -0.09072
    50.00  0.22913  0.50043  -0.09442
    60.00  0.18801  0.55904  -0.10703
    70.00  0.13299  0.60556  -0.11801
    80.00  0.06816  0.63397  -0.12702
    90.00  0.00007  0.64034  -0.13351
   100.00  -0.04759  0.63397  -0.13887
   110.00  -0.09308  0.60556  -0.13988
   120.00  -0.13148  0.55904  -0.13732
   130.00  -0.16035  0.50043  -0.13293
   140.00  -0.17915  0.43716  -0.12931
   150.00  -0.19304  0.37726  -0.13146
   160.00  -0.21483  0.32818  -0.15260
   170.00  -0.10724  0.29607  -0.13626
   180.00  0.00007  0.28488  -0.00007
EOT
