AeroDyn airfoil file.  Compatible with AeroDyn v13.0.
Interpolated thickness: 0.687

  1        Number of airfoil tables in this file
  9990     Reynolds number in millions.  For efficiency, make very large if only one table.
  0        Control setting
  10.7099  Stall angle (deg)
  -3.24522 Zero lift angle of attack (deg)
  2.91957  Cn slope for zero lift (dimensionless)
  0.711101 Cn at stall value for positive angle of attack
  -0.8     Cn at stall value for negative angle of attack
  -2.12    Angle of attack for minimum CD (deg)
  0.21018  Minimum CD value
  -180.00  0.00006  0.25153  -0.00006
  -170.00  0.16232  0.26846  0.16468
  -160.00  0.32500  0.31701  -0.05903
  -150.00  0.29205  0.39123  -0.02600
  -140.00  0.27105  0.48179  -0.00298
  -130.00  0.24263  0.57746  0.01930
  -120.00  0.19898  0.66609  0.04141
  -110.00  0.14091  0.73643  0.06192
  -100.00  0.07213  0.77939  0.07873
   -90.00  0.00006  0.78902  0.08976
   -80.00  -0.07201  0.77939  0.09792
   -70.00  -0.14079  0.73643  0.09940
   -60.00  -0.19886  0.66609  0.09557
   -50.00  -0.24252  0.57746  0.08890
   -40.00  -0.27093  0.48179  0.08346
   -30.00  -0.29194  0.39123  0.08672
   -20.00  -0.32406  0.31693  0.11835
   -10.00  -0.13255  0.24951  0.05229
    -4.17  -0.02959  0.21026  -0.05549
    -3.17  0.01736  0.21022  -0.05632
    -2.12  0.06595  0.21018  -0.05698
    -1.08  0.11496  0.21018  -0.05772
    -0.05  0.16356  0.21022  -0.05813
    -0.02  0.16367  0.21022  -0.05813
     1.16  0.22108  0.21031  -0.05866
     2.31  0.27515  0.21038  -0.05911
     3.47  0.32940  0.21052  -0.05942
     4.62  0.38194  0.21064  -0.05934
     5.78  0.43280  0.21079  -0.05897
     6.93  0.48103  0.21105  -0.05809
     8.09  0.52063  0.21133  -0.05566
    10.71  0.53862  0.21655  -0.04327
    13.33  0.47143  0.25300  -0.03997
    15.95  0.45523  0.27557  -0.04347
    18.57  0.46562  0.29805  -0.04892
    21.19  0.46304  0.32626  -0.05779
    23.81  0.44921  0.34571  -0.06906
    26.43  0.43538  0.36515  -0.08033
    29.05  0.42156  0.38460  -0.09160
    31.66  0.41174  0.40681  -0.09989
    34.28  0.40400  0.43046  -0.10665
    36.90  0.39625  0.45411  -0.11340
    39.52  0.38851  0.47776  -0.12015
    42.14  0.37836  0.50251  -0.12594
    44.76  0.36771  0.52750  -0.13154
    47.38  0.35706  0.55248  -0.13713
    50.00  0.34642  0.57746  -0.14272
    60.00  0.28423  0.66609  -0.16179
    70.00  0.20104  0.73643  -0.17839
    80.00  0.10302  0.77939  -0.19202
    90.00  0.00006  0.78902  -0.20182
   100.00  -0.07201  0.77939  -0.20993
   110.00  -0.14079  0.73643  -0.21146
   120.00  -0.19886  0.66609  -0.20759
   130.00  -0.24252  0.57746  -0.20096
   140.00  -0.27093  0.48179  -0.19548
   150.00  -0.29194  0.39123  -0.19873
   160.00  -0.32488  0.31701  -0.23069
   170.00  -0.16221  0.26846  -0.20598
   180.00  0.00006  0.25153  -0.00006
EOT
