AeroDyn airfoil file.  Compatible with AeroDyn v13.0.
Interpolated thickness: 0.493

  1        Number of airfoil tables in this file
  9990     Reynolds number in millions.  For efficiency, make very large if only one table.
  0        Control setting
  10.7626  Stall angle (deg)
  -3.44181 Zero lift angle of attack (deg)
  4.46853  Cn slope for zero lift (dimensionless)
  1.10781  Cn at stall value for positive angle of attack
  -0.8     Cn at stall value for negative angle of attack
  -2.12    Angle of attack for minimum CD (deg)
  0.123518 Minimum CD value
  -180.00  0.00003  0.19050  -0.00003
  -170.00  0.26287  0.21791  0.26681
  -160.00  0.52638  0.29656  -0.09556
  -150.00  0.47301  0.41678  -0.04206
  -140.00  0.43899  0.56347  -0.00477
  -130.00  0.39296  0.71844  0.03132
  -120.00  0.32225  0.86200  0.06714
  -110.00  0.22818  0.97594  0.10037
  -100.00  0.11678  1.04552  0.12758
   -90.00  0.00003  1.06113  0.14546
   -80.00  -0.11671  1.04552  0.15867
   -70.00  -0.22812  0.97594  0.16107
   -60.00  -0.32218  0.86200  0.15487
   -50.00  -0.39289  0.71844  0.14406
   -40.00  -0.43892  0.56347  0.13526
   -30.00  -0.47294  0.41678  0.14053
   -20.00  -0.52498  0.29643  0.19176
   -10.00  -0.21477  0.18723  0.08476
    -4.17  -0.04800  0.12365  -0.08983
    -3.17  0.02805  0.12358  -0.09116
    -2.12  0.10677  0.12352  -0.09223
    -1.08  0.18616  0.12352  -0.09343
    -0.05  0.26487  0.12358  -0.09410
    -0.03  0.26506  0.12358  -0.09410
     1.16  0.35805  0.12373  -0.09495
     2.33  0.44564  0.12385  -0.09569
     3.49  0.53350  0.12407  -0.09619
     4.66  0.61861  0.12426  -0.09606
     5.82  0.70100  0.12451  -0.09546
     6.98  0.77911  0.12493  -0.09403
     8.15  0.84325  0.12539  -0.09009
    10.76  0.87240  0.13384  -0.07002
    13.38  0.76356  0.19288  -0.06468
    15.99  0.73732  0.22944  -0.07035
    18.61  0.75415  0.26585  -0.07918
    21.23  0.74997  0.31155  -0.09355
    23.84  0.72757  0.34305  -0.11180
    26.46  0.70517  0.37454  -0.13006
    29.07  0.68278  0.40604  -0.14831
    31.69  0.66688  0.44203  -0.16175
    34.31  0.65433  0.48033  -0.17269
    36.92  0.64179  0.51864  -0.18363
    39.54  0.62925  0.55695  -0.19456
    42.15  0.61281  0.59704  -0.20394
    44.77  0.59556  0.63751  -0.21300
    47.38  0.57831  0.67798  -0.22206
    50.00  0.56107  0.71844  -0.23112
    60.00  0.46034  0.86200  -0.26201
    70.00  0.32558  0.97594  -0.28889
    80.00  0.16681  1.04552  -0.31097
    90.00  0.00003  1.06113  -0.32685
   100.00  -0.11671  1.04552  -0.33999
   110.00  -0.22812  0.97594  -0.34246
   120.00  -0.32218  0.86200  -0.33619
   130.00  -0.39289  0.71844  -0.32545
   140.00  -0.43892  0.56347  -0.31657
   150.00  -0.47294  0.41678  -0.32184
   160.00  -0.52631  0.29656  -0.37361
   170.00  -0.26281  0.21791  -0.33359
   180.00  0.00003  0.19050  -0.00003
EOT
