AeroDyn airfoil file.  Compatible with AeroDyn v13.0.
Interpolated thickness: 0.813

  1        Number of airfoil tables in this file
  9990     Reynolds number in millions.  For efficiency, make very large if only one table.
  0        Control setting
  10.6757  Stall angle (deg)
  -3.06191 Zero lift angle of attack (deg)
  1.86954  Cn slope for zero lift (dimensionless)
  0.448256 Cn at stall value for positive angle of attack
  -0.8     Cn at stall value for negative angle of attack
  -2.12    Angle of attack for minimum CD (deg)
  0.266465 Minimum CD value
  -180.00  0.00008  0.29117  -0.00008
  -170.00  0.09702  0.30128  0.09835
  -160.00  0.19421  0.33029  -0.03531
  -150.00  0.17453  0.37463  -0.01558
  -140.00  0.16198  0.42874  -0.00182
  -130.00  0.14500  0.48589  0.01149
  -120.00  0.11892  0.53885  0.02470
  -110.00  0.08423  0.58087  0.03696
  -100.00  0.04313  0.60653  0.04699
   -90.00  0.00008  0.61229  0.05359
   -80.00  -0.04298  0.60653  0.05846
   -70.00  -0.08407  0.58087  0.05935
   -60.00  -0.11877  0.53885  0.05706
   -50.00  -0.14485  0.48589  0.05307
   -40.00  -0.16183  0.42874  0.04982
   -30.00  -0.17438  0.37463  0.05177
   -20.00  -0.19357  0.33024  0.07066
   -10.00  -0.07915  0.28996  0.03120
    -4.17  -0.01764  0.26651  -0.03319
    -3.17  0.01041  0.26649  -0.03369
    -2.12  0.03944  0.26647  -0.03408
    -1.08  0.06872  0.26647  -0.03452
    -0.05  0.09776  0.26649  -0.03477
    -0.01  0.09783  0.26649  -0.03477
     1.15  0.13212  0.26654  -0.03509
     2.30  0.16443  0.26659  -0.03536
     3.45  0.19684  0.26667  -0.03554
     4.60  0.22823  0.26674  -0.03549
     5.75  0.25862  0.26683  -0.03527
     6.90  0.28743  0.26699  -0.03475
     8.05  0.31109  0.26715  -0.03329
    10.68  0.32184  0.27027  -0.02589
    13.30  0.28169  0.29205  -0.02392
    15.92  0.27202  0.30553  -0.02601
    18.54  0.27822  0.31896  -0.02927
    21.16  0.27668  0.33582  -0.03457
    23.78  0.26842  0.34744  -0.04130
    26.41  0.26016  0.35905  -0.04803
    29.03  0.25190  0.37067  -0.05477
    31.65  0.24603  0.38394  -0.05972
    34.27  0.24141  0.39807  -0.06376
    36.89  0.23678  0.41220  -0.06779
    39.51  0.23215  0.42633  -0.07183
    42.14  0.22609  0.44112  -0.07528
    44.76  0.21973  0.45604  -0.07863
    47.38  0.21337  0.47097  -0.08197
    50.00  0.20701  0.48589  -0.08531
    60.00  0.16985  0.53885  -0.09670
    70.00  0.12015  0.58087  -0.10662
    80.00  0.06159  0.60653  -0.11476
    90.00  0.00008  0.61229  -0.12062
   100.00  -0.04298  0.60653  -0.12546
   110.00  -0.08407  0.58087  -0.12637
   120.00  -0.11877  0.53885  -0.12406
   130.00  -0.14485  0.48589  -0.12010
   140.00  -0.16183  0.42874  -0.11683
   150.00  -0.17438  0.37463  -0.11877
   160.00  -0.19406  0.33029  -0.13786
   170.00  -0.09687  0.30128  -0.12310
   180.00  0.00008  0.29117  -0.00008
EOT
