AeroDyn airfoil file.  Compatible with AeroDyn v13.0.
Interpolated thickness: 0.845

  1        Number of airfoil tables in this file
  9990     Reynolds number in millions.  For efficiency, make very large if only one table.
  0        Control setting
  10.6671  Stall angle (deg)
  -2.94588 Zero lift angle of attack (deg)
  1.61101  Cn slope for zero lift (dimensionless)
  0.382761 Cn at stall value for positive angle of attack
  -0.8     Cn at stall value for negative angle of attack
  -2.12    Angle of attack for minimum CD (deg)
  0.28076  Minimum CD value
  -180.00  0.00008  0.30124  -0.00008
  -170.00  0.08043  0.30962  0.08150
  -160.00  0.16099  0.33366  -0.02928
  -150.00  0.14468  0.37042  -0.01293
  -140.00  0.13428  0.41526  -0.00153
  -130.00  0.12020  0.46264  0.00951
  -120.00  0.09859  0.50653  0.02046
  -110.00  0.06983  0.54136  0.03061
  -100.00  0.03577  0.56264  0.03894
   -90.00  0.00008  0.56741  0.04440
   -80.00  -0.03561  0.56264  0.04844
   -70.00  -0.06967  0.54136  0.04917
   -60.00  -0.09843  0.50653  0.04728
   -50.00  -0.12005  0.46264  0.04397
   -40.00  -0.13412  0.41526  0.04128
   -30.00  -0.14452  0.37042  0.04289
   -20.00  -0.16043  0.33362  0.05856
   -10.00  -0.06559  0.30024  0.02584
    -4.17  -0.01460  0.28080  -0.02753
    -3.17  0.00865  0.28078  -0.02794
    -2.12  0.03271  0.28076  -0.02827
    -1.08  0.05698  0.28076  -0.02863
    -0.05  0.08105  0.28078  -0.02884
    -0.01  0.08110  0.28078  -0.02884
     1.15  0.10953  0.28082  -0.02910
     2.30  0.13631  0.28086  -0.02932
     3.45  0.16317  0.28093  -0.02948
     4.60  0.18919  0.28099  -0.02944
     5.75  0.21438  0.28106  -0.02925
     6.90  0.23826  0.28119  -0.02882
     8.04  0.25787  0.28133  -0.02761
    10.67  0.26678  0.28391  -0.02148
    13.29  0.23351  0.30197  -0.01984
    15.91  0.22548  0.31314  -0.02158
    18.53  0.23063  0.32427  -0.02428
    21.16  0.22935  0.33824  -0.02867
    23.78  0.22250  0.34787  -0.03425
    26.40  0.21566  0.35750  -0.03983
    29.02  0.20881  0.36713  -0.04541
    31.64  0.20395  0.37813  -0.04952
    34.27  0.20011  0.38985  -0.05286
    36.89  0.19628  0.40156  -0.05621
    39.51  0.19244  0.41327  -0.05955
    42.13  0.18742  0.42553  -0.06242
    44.76  0.18214  0.43790  -0.06519
    47.38  0.17687  0.45027  -0.06796
    50.00  0.17160  0.46264  -0.07073
    60.00  0.14080  0.50653  -0.08017
    70.00  0.09961  0.54136  -0.08839
    80.00  0.05107  0.56264  -0.09514
    90.00  0.00008  0.56741  -0.09999
   100.00  -0.03561  0.56264  -0.10401
   110.00  -0.06967  0.54136  -0.10477
   120.00  -0.09843  0.50653  -0.10285
   130.00  -0.12005  0.46264  -0.09957
   140.00  -0.13412  0.41526  -0.09685
   150.00  -0.14452  0.37042  -0.09846
   160.00  -0.16083  0.33366  -0.11429
   170.00  -0.08028  0.30962  -0.10205
   180.00  0.00008  0.30124  -0.00008
EOT
