AeroDyn airfoil file.  Compatible with AeroDyn v13.0.
Interpolated thickness: 0.959

  1        Number of airfoil tables in this file
  9990     Reynolds number in millions.  For efficiency, make very large if only one table.
  0        Control setting
  10.6361  Stall angle (deg)
  -1.83971 Zero lift angle of attack (deg)
  0.684796 Cn slope for zero lift (dimensionless)
  0.149111 Cn at stall value for positive angle of attack
  -0.8     Cn at stall value for negative angle of attack
  -2.12    Angle of attack for minimum CD (deg)
  0.331685 Minimum CD value
  -180.00  0.00009  0.33710  -0.00009
  -170.00  0.02135  0.33932  0.02148
  -160.00  0.04266  0.34568  -0.00782
  -150.00  0.03834  0.35540  -0.00349
  -140.00  0.03559  0.36726  -0.00048
  -130.00  0.03187  0.37980  0.00244
  -120.00  0.02615  0.39140  0.00534
  -110.00  0.01854  0.40062  0.00802
  -100.00  0.00954  0.40625  0.01023
   -90.00  0.00009  0.40751  0.01167
   -80.00  -0.00935  0.40625  0.01274
   -70.00  -0.01836  0.40062  0.01293
   -60.00  -0.02596  0.39140  0.01243
   -50.00  -0.03168  0.37980  0.01156
   -40.00  -0.03540  0.36726  0.01085
   -30.00  -0.03815  0.35540  0.01127
   -20.00  -0.04236  0.34567  0.01542
   -10.00  -0.01728  0.33684  0.00676
    -4.17  -0.00379  0.33170  -0.00736
    -3.17  0.00236  0.33169  -0.00746
    -2.12  0.00873  0.33168  -0.00755
    -1.08  0.01515  0.33168  -0.00765
    -0.05  0.02151  0.33169  -0.00770
    -0.00  0.02153  0.33169  -0.00770
     1.14  0.02905  0.33170  -0.00777
     2.29  0.03613  0.33171  -0.00783
     3.43  0.04324  0.33173  -0.00787
     4.58  0.05012  0.33175  -0.00786
     5.72  0.05678  0.33177  -0.00781
     6.87  0.06310  0.33180  -0.00770
     8.01  0.06828  0.33184  -0.00738
    10.64  0.07064  0.33252  -0.00575
    13.26  0.06184  0.33729  -0.00532
    15.88  0.05972  0.34025  -0.00578
    18.51  0.06108  0.34319  -0.00649
    21.13  0.06074  0.34689  -0.00766
    23.76  0.05893  0.34944  -0.00913
    26.38  0.05712  0.35198  -0.01061
    29.01  0.05531  0.35453  -0.01209
    31.63  0.05402  0.35744  -0.01317
    34.25  0.05301  0.36054  -0.01406
    36.88  0.05199  0.36364  -0.01494
    39.50  0.05098  0.36674  -0.01583
    42.13  0.04965  0.36998  -0.01658
    44.75  0.04825  0.37325  -0.01732
    47.38  0.04686  0.37652  -0.01805
    50.00  0.04546  0.37980  -0.01878
    60.00  0.03732  0.39140  -0.02128
    70.00  0.02642  0.40062  -0.02345
    80.00  0.01358  0.40625  -0.02524
    90.00  0.00009  0.40751  -0.02652
   100.00  -0.00935  0.40625  -0.02759
   110.00  -0.01836  0.40062  -0.02779
   120.00  -0.02596  0.39140  -0.02728
   130.00  -0.03168  0.37980  -0.02641
   140.00  -0.03540  0.36726  -0.02569
   150.00  -0.03815  0.35540  -0.02612
   160.00  -0.04247  0.34568  -0.03031
   170.00  -0.02116  0.33932  -0.02707
   180.00  0.00009  0.33710  -0.00009
EOT
