AeroDyn airfoil file.  Compatible with AeroDyn v13.0.
Interpolated thickness: 0.238

  1        Number of airfoil tables in this file
  9990     Reynolds number in millions.  For efficiency, make very large if only one table.
  0        Control setting
  10.1955  Stall angle (deg)
  -3.58611 Zero lift angle of attack (deg)
  6.50443  Cn slope for zero lift (dimensionless)
  1.56454  Cn at stall value for positive angle of attack
  -0.8     Cn at stall value for negative angle of attack
  -2.02    Angle of attack for minimum CD (deg)
  0.0103943 Minimum CD value
  -180.00  0.00000  0.11319  0.00000
  -170.00  0.39420  0.15425  0.40000
  -160.00  0.78940  0.27205  -0.14304
  -150.00  0.70906  0.45208  -0.06297
  -140.00  0.65806  0.67175  -0.00709
  -130.00  0.58903  0.90377  0.04698
  -120.00  0.48303  1.11864  0.10063
  -110.00  0.34200  1.28908  0.15033
  -100.00  0.17500  1.39300  0.19100
   -90.00  0.00000  1.41600  0.21764
   -80.00  -0.17500  1.39300  0.23748
   -70.00  -0.34200  1.28908  0.24112
   -60.00  -0.48303  1.11864  0.23186
   -50.00  -0.58903  0.90377  0.21567
   -40.00  -0.65806  0.67175  0.20246
   -30.00  -0.70906  0.45208  0.21028
   -20.00  -0.78743  0.27185  0.28699
   -10.00  -0.32034  0.10596  0.12495
    -6.04  -0.14993  0.04037  -0.05338
    -5.04  -0.10473  0.02440  -0.09728
    -4.09  -0.05660  0.01058  -0.13544
    -3.02  0.06495  0.01047  -0.13749
    -2.02  0.17734  0.01039  -0.13901
    -1.03  0.29039  0.01040  -0.14064
    -0.05  0.40281  0.01050  -0.14160
     1.35  0.56150  0.01074  -0.14301
     2.70  0.71266  0.01101  -0.14423
     4.05  0.86340  0.01140  -0.14480
     5.40  1.00588  0.01174  -0.14391
     6.75  1.14282  0.01239  -0.14189
     8.10  1.25683  0.01317  -0.13573
    10.20  1.30297  0.02162  -0.11146
    12.29  1.17688  0.07396  -0.09585
    14.39  1.13572  0.13333  -0.10035
    16.48  1.11201  0.18328  -0.10722
    18.58  1.13651  0.22310  -0.11900
    20.67  1.13424  0.28265  -0.13485
    22.77  1.10524  0.32145  -0.15707
    24.86  1.07828  0.35928  -0.17897
    26.96  1.05132  0.39712  -0.20088
    29.05  1.02436  0.43496  -0.22278
    31.15  1.00399  0.47735  -0.23980
    33.24  0.98878  0.52330  -0.25301
    35.34  0.97369  0.56931  -0.26615
    37.43  0.95860  0.61533  -0.27928
    39.53  0.94351  0.66134  -0.29242
    41.62  0.92404  0.70936  -0.30381
    43.72  0.90329  0.75797  -0.31469
    45.81  0.88254  0.80657  -0.32558
    47.91  0.86178  0.85517  -0.33646
    50.00  0.84103  0.90377  -0.34734
    60.00  0.69003  1.11864  -0.39356
    70.00  0.48803  1.28908  -0.43375
    80.00  0.25000  1.39300  -0.46671
    90.00  0.00000  1.41600  -0.49036
   100.00  -0.17500  1.39300  -0.51010
   110.00  -0.34200  1.28908  -0.51384
   120.00  -0.48303  1.11864  -0.50447
   130.00  -0.58903  0.90377  -0.48839
   140.00  -0.65806  0.67175  -0.47507
   150.00  -0.70906  0.45208  -0.48290
   160.00  -0.78940  0.27205  -0.56039
   170.00  -0.39420  0.15425  -0.50000
   180.00  0.00000  0.11319  0.00000
EOT
