AeroDyn airfoil file.  Compatible with AeroDyn v13.0.
Interpolated thickness: 0.954

  1        Number of airfoil tables in this file
  9990     Reynolds number in millions.  For efficiency, make very large if only one table.
  0        Control setting
  10.6375  Stall angle (deg)
  -1.94699 Zero lift angle of attack (deg)
  0.72559  Cn slope for zero lift (dimensionless)
  0.159369 Cn at stall value for positive angle of attack
  -0.8     Cn at stall value for negative angle of attack
  -2.12    Angle of attack for minimum CD (deg)
  0.329451 Minimum CD value
  -180.00  0.00009  0.33553  -0.00009
  -170.00  0.02394  0.33802  0.02412
  -160.00  0.04785  0.34515  -0.00876
  -150.00  0.04301  0.35606  -0.00391
  -140.00  0.03992  0.36937  -0.00052
  -130.00  0.03574  0.38343  0.00275
  -120.00  0.02933  0.39645  0.00600
  -110.00  0.02079  0.40679  0.00902
  -100.00  0.01069  0.41310  0.01148
   -90.00  0.00009  0.41452  0.01311
   -80.00  -0.01050  0.41310  0.01431
   -70.00  -0.02061  0.40679  0.01452
   -60.00  -0.02914  0.39645  0.01396
   -50.00  -0.03556  0.38343  0.01298
   -40.00  -0.03973  0.36937  0.01218
   -30.00  -0.04282  0.35606  0.01266
   -20.00  -0.04754  0.34514  0.01731
   -10.00  -0.01940  0.33523  0.00760
    -4.17  -0.00426  0.32946  -0.00824
    -3.17  0.00264  0.32946  -0.00836
    -2.12  0.00978  0.32945  -0.00846
    -1.08  0.01698  0.32945  -0.00857
    -0.05  0.02412  0.32946  -0.00863
    -0.00  0.02414  0.32946  -0.00863
     1.14  0.03258  0.32947  -0.00871
     2.29  0.04052  0.32948  -0.00877
     3.43  0.04850  0.32950  -0.00882
     4.58  0.05622  0.32952  -0.00881
     5.72  0.06369  0.32954  -0.00875
     6.87  0.07078  0.32958  -0.00862
     8.01  0.07660  0.32962  -0.00827
    10.64  0.07924  0.33039  -0.00644
    13.26  0.06937  0.33574  -0.00596
    15.89  0.06699  0.33906  -0.00647
    18.51  0.06851  0.34236  -0.00727
    21.13  0.06814  0.34651  -0.00858
    23.76  0.06610  0.34937  -0.01023
    26.38  0.06407  0.35223  -0.01189
    29.01  0.06204  0.35508  -0.01355
    31.63  0.06060  0.35835  -0.01477
    34.25  0.05946  0.36183  -0.01576
    36.88  0.05832  0.36530  -0.01675
    39.50  0.05718  0.36878  -0.01774
    42.13  0.05569  0.37241  -0.01859
    44.75  0.05413  0.37609  -0.01942
    47.38  0.05256  0.37976  -0.02024
    50.00  0.05100  0.38343  -0.02106
    60.00  0.04186  0.39645  -0.02386
    70.00  0.02963  0.40679  -0.02630
    80.00  0.01523  0.41310  -0.02831
    90.00  0.00009  0.41452  -0.02975
   100.00  -0.01050  0.41310  -0.03094
   110.00  -0.02061  0.40679  -0.03116
   120.00  -0.02914  0.39645  -0.03059
   130.00  -0.03556  0.38343  -0.02962
   140.00  -0.03973  0.36937  -0.02881
   150.00  -0.04282  0.35606  -0.02929
   160.00  -0.04766  0.34515  -0.03399
   170.00  -0.02375  0.33802  -0.03036
   180.00  0.00009  0.33553  -0.00009
EOT
