AeroDyn airfoil file.  Compatible with AeroDyn v13.0.
Interpolated thickness: 0.555

  1        Number of airfoil tables in this file
  9990     Reynolds number in millions.  For efficiency, make very large if only one table.
  0        Control setting
  10.7458  Stall angle (deg)
  -3.39186 Zero lift angle of attack (deg)
  3.97707  Cn slope for zero lift (dimensionless)
  0.981334 Cn at stall value for positive angle of attack
  -0.8     Cn at stall value for negative angle of attack
  -2.12    Angle of attack for minimum CD (deg)
  0.151214 Minimum CD value
  -180.00  0.00004  0.21000  -0.00004
  -170.00  0.23074  0.23407  0.23417
  -160.00  0.46202  0.30310  -0.08389
  -150.00  0.41518  0.40861  -0.03693
  -140.00  0.38532  0.53737  -0.00420
  -130.00  0.34492  0.67339  0.02748
  -120.00  0.28285  0.79939  0.05892
  -110.00  0.20029  0.89940  0.08808
  -100.00  0.10251  0.96047  0.11197
   -90.00  0.00004  0.97417  0.12766
   -80.00  -0.10243  0.96047  0.13926
   -70.00  -0.20021  0.89940  0.14136
   -60.00  -0.28277  0.79939  0.13592
   -50.00  -0.34483  0.67339  0.12643
   -40.00  -0.38523  0.53737  0.11870
   -30.00  -0.41510  0.40861  0.12333
   -20.00  -0.46077  0.30298  0.16830
   -10.00  -0.18850  0.20713  0.07438
    -4.17  -0.04212  0.15133  -0.07885
    -3.17  0.02463  0.15127  -0.08002
    -2.12  0.09373  0.15121  -0.08096
    -1.08  0.16340  0.15121  -0.08202
    -0.05  0.23250  0.15127  -0.08260
    -0.03  0.23266  0.15127  -0.08260
     1.16  0.31428  0.15140  -0.08335
     2.32  0.39115  0.15150  -0.08400
     3.48  0.46827  0.15170  -0.08444
     4.65  0.54297  0.15187  -0.08433
     5.81  0.61529  0.15209  -0.08380
     6.97  0.68385  0.15245  -0.08255
     8.13  0.74015  0.15285  -0.07909
    10.75  0.76573  0.16027  -0.06147
    13.36  0.67020  0.21210  -0.05678
    15.98  0.64717  0.24418  -0.06176
    18.60  0.66194  0.27614  -0.06951
    21.21  0.65827  0.31625  -0.08212
    23.83  0.63861  0.34390  -0.09814
    26.45  0.61895  0.37154  -0.11417
    29.06  0.59929  0.39919  -0.13019
    31.68  0.58534  0.43077  -0.14198
    34.30  0.57433  0.46440  -0.15158
    36.92  0.56332  0.49802  -0.16118
    39.53  0.55231  0.53164  -0.17078
    42.15  0.53788  0.56683  -0.17902
    44.77  0.52274  0.60235  -0.18697
    47.38  0.50761  0.63787  -0.19492
    50.00  0.49247  0.67339  -0.20287
    60.00  0.40405  0.79939  -0.22998
    70.00  0.28578  0.89940  -0.25357
    80.00  0.14642  0.96047  -0.27296
    90.00  0.00004  0.97417  -0.28689
   100.00  -0.10243  0.96047  -0.29843
   110.00  -0.20021  0.89940  -0.30059
   120.00  -0.28277  0.79939  -0.29509
   130.00  -0.34483  0.67339  -0.28566
   140.00  -0.38523  0.53737  -0.27787
   150.00  -0.41510  0.40861  -0.28250
   160.00  -0.46194  0.30310  -0.32794
   170.00  -0.23066  0.23407  -0.29280
   180.00  0.00004  0.21000  -0.00004
EOT
