AeroDyn airfoil file.  Compatible with AeroDyn v13.0.
Interpolated thickness: 0.927

  1        Number of airfoil tables in this file
  9990     Reynolds number in millions.  For efficiency, make very large if only one table.
  0        Control setting
  10.6448  Stall angle (deg)
  -2.3671  Zero lift angle of attack (deg)
  0.945606 Cn slope for zero lift (dimensionless)
  0.214748 Cn at stall value for positive angle of attack
  -0.8     Cn at stall value for negative angle of attack
  -2.12    Angle of attack for minimum CD (deg)
  0.31739  Minimum CD value
  -180.00  0.00009  0.32703  -0.00009
  -170.00  0.03794  0.33098  0.03833
  -160.00  0.07588  0.34231  -0.01385
  -150.00  0.06819  0.35961  -0.00614
  -140.00  0.06329  0.38074  -0.00077
  -130.00  0.05667  0.40305  0.00442
  -120.00  0.04648  0.42372  0.00958
  -110.00  0.03294  0.44013  0.01437
  -100.00  0.01690  0.45014  0.01828
   -90.00  0.00009  0.45239  0.02086
   -80.00  -0.01672  0.45014  0.02276
   -70.00  -0.03276  0.44013  0.02311
   -60.00  -0.04630  0.42372  0.02221
   -50.00  -0.05648  0.40305  0.02066
   -40.00  -0.06311  0.38074  0.01939
   -30.00  -0.06801  0.35961  0.02015
   -20.00  -0.07550  0.34229  0.02752
   -10.00  -0.03084  0.32656  0.01212
    -4.17  -0.00683  0.31741  -0.01302
    -3.17  0.00412  0.31740  -0.01321
    -2.12  0.01546  0.31739  -0.01336
    -1.08  0.02689  0.31739  -0.01354
    -0.05  0.03822  0.31740  -0.01363
    -0.00  0.03825  0.31740  -0.01363
     1.15  0.05164  0.31742  -0.01376
     2.29  0.06425  0.31744  -0.01386
     3.44  0.07690  0.31747  -0.01393
     4.58  0.08916  0.31750  -0.01392
     5.73  0.10102  0.31753  -0.01383
     6.88  0.11227  0.31759  -0.01362
     8.02  0.12150  0.31766  -0.01306
    10.64  0.12570  0.31888  -0.01017
    13.27  0.11003  0.32738  -0.00940
    15.89  0.10625  0.33264  -0.01022
    18.52  0.10867  0.33788  -0.01149
    21.14  0.10807  0.34446  -0.01355
    23.76  0.10484  0.34900  -0.01618
    26.39  0.10162  0.35353  -0.01881
    29.01  0.09839  0.35807  -0.02144
    31.63  0.09611  0.36325  -0.02337
    34.26  0.09430  0.36877  -0.02495
    36.88  0.09249  0.37428  -0.02652
    39.51  0.09069  0.37980  -0.02810
    42.13  0.08832  0.38557  -0.02945
    44.75  0.08584  0.39140  -0.03075
    47.38  0.08335  0.39722  -0.03206
    50.00  0.08087  0.40305  -0.03336
    60.00  0.06637  0.42372  -0.03781
    70.00  0.04696  0.44013  -0.04168
    80.00  0.02410  0.45014  -0.04486
    90.00  0.00009  0.45239  -0.04715
   100.00  -0.01672  0.45014  -0.04904
   110.00  -0.03276  0.44013  -0.04939
   120.00  -0.04630  0.42372  -0.04849
   130.00  -0.05648  0.40305  -0.04694
   140.00  -0.06311  0.38074  -0.04567
   150.00  -0.06801  0.35961  -0.04643
   160.00  -0.07570  0.34231  -0.05388
   170.00  -0.03775  0.33098  -0.04812
   180.00  0.00009  0.32703  -0.00009
EOT
