AeroDyn airfoil file.  Compatible with AeroDyn v13.0.
Interpolated thickness: 0.68

  1        Number of airfoil tables in this file
  9990     Reynolds number in millions.  For efficiency, make very large if only one table.
  0        Control setting
  10.7118  Stall angle (deg)
  -3.25509 Zero lift angle of attack (deg)
  2.97603  Cn slope for zero lift (dimensionless)
  0.725464 Cn at stall value for positive angle of attack
  -0.8     Cn at stall value for negative angle of attack
  -2.12    Angle of attack for minimum CD (deg)
  0.207053 Minimum CD value
  -180.00  0.00006  0.24933  -0.00006
  -170.00  0.16595  0.26663  0.16836
  -160.00  0.33227  0.31627  -0.06035
  -150.00  0.29858  0.39215  -0.02658
  -140.00  0.27711  0.48474  -0.00305
  -130.00  0.24806  0.58255  0.01973
  -120.00  0.20343  0.67316  0.04234
  -110.00  0.14406  0.74507  0.06331
  -100.00  0.07374  0.78899  0.08049
   -90.00  0.00006  0.79884  0.09177
   -80.00  -0.07363  0.78899  0.10011
   -70.00  -0.14394  0.74507  0.10163
   -60.00  -0.20331  0.67316  0.09771
   -50.00  -0.24794  0.58255  0.09089
   -40.00  -0.27699  0.48474  0.08533
   -30.00  -0.29847  0.39215  0.08866
   -20.00  -0.33131  0.31619  0.12099
   -10.00  -0.13552  0.24726  0.05346
    -4.17  -0.03026  0.20714  -0.05673
    -3.17  0.01774  0.20709  -0.05757
    -2.12  0.06743  0.20705  -0.05825
    -1.08  0.11753  0.20705  -0.05901
    -0.05  0.16722  0.20709  -0.05943
    -0.02  0.16733  0.20709  -0.05943
     1.16  0.22602  0.20719  -0.05997
     2.31  0.28131  0.20726  -0.06043
     3.47  0.33676  0.20740  -0.06075
     4.62  0.39048  0.20752  -0.06067
     5.78  0.44248  0.20768  -0.06029
     6.94  0.49178  0.20794  -0.05939
     8.09  0.53227  0.20823  -0.05690
    10.71  0.55067  0.21357  -0.04423
    13.33  0.48197  0.25083  -0.04086
    15.95  0.46541  0.27390  -0.04444
    18.57  0.47603  0.29688  -0.05001
    21.19  0.47339  0.32573  -0.05908
    23.81  0.45925  0.34561  -0.07060
    26.43  0.44512  0.36549  -0.08212
    29.05  0.43098  0.38537  -0.09365
    31.67  0.42095  0.40808  -0.10213
    34.28  0.41303  0.43226  -0.10903
    36.90  0.40511  0.45644  -0.11593
    39.52  0.39720  0.48062  -0.12284
    42.14  0.38682  0.50593  -0.12876
    44.76  0.37593  0.53147  -0.13448
    47.38  0.36505  0.55701  -0.14019
    50.00  0.35416  0.58255  -0.14591
    60.00  0.29058  0.67316  -0.16541
    70.00  0.20553  0.74507  -0.18237
    80.00  0.10532  0.78899  -0.19631
    90.00  0.00006  0.79884  -0.20633
   100.00  -0.07363  0.78899  -0.21463
   110.00  -0.14394  0.74507  -0.21618
   120.00  -0.20331  0.67316  -0.21223
   130.00  -0.24794  0.58255  -0.20545
   140.00  -0.27699  0.48474  -0.19985
   150.00  -0.29847  0.39215  -0.20317
   160.00  -0.33215  0.31627  -0.23585
   170.00  -0.16584  0.26663  -0.21058
   180.00  0.00006  0.24933  -0.00006
EOT
