AeroDyn airfoil file.  Compatible with AeroDyn v13.0.
Interpolated thickness: 0.587

  1        Number of airfoil tables in this file
  9990     Reynolds number in millions.  For efficiency, make very large if only one table.
  0        Control setting
  10.7371  Stall angle (deg)
  -3.36239 Zero lift angle of attack (deg)
  3.72211  Cn slope for zero lift (dimensionless)
  0.915944 Cn at stall value for positive angle of attack
  -0.8     Cn at stall value for negative angle of attack
  -2.12    Angle of attack for minimum CD (deg)
  0.165509 Minimum CD value
  -180.00  0.00005  0.22007  -0.00005
  -170.00  0.21415  0.24240  0.21732
  -160.00  0.42880  0.30647  -0.07786
  -150.00  0.38533  0.40440  -0.03428
  -140.00  0.35762  0.52389  -0.00390
  -130.00  0.32012  0.65013  0.02550
  -120.00  0.26252  0.76708  0.05468
  -110.00  0.18590  0.85989  0.08174
  -100.00  0.09514  0.91657  0.10391
   -90.00  0.00005  0.92929  0.11847
   -80.00  -0.09505  0.91657  0.12923
   -70.00  -0.18580  0.85989  0.13119
   -60.00  -0.26243  0.76708  0.12614
   -50.00  -0.32003  0.65013  0.11733
   -40.00  -0.35753  0.52389  0.11016
   -30.00  -0.38524  0.40440  0.11445
   -20.00  -0.42763  0.30636  0.15619
   -10.00  -0.17494  0.21741  0.06902
    -4.17  -0.03908  0.16562  -0.07319
    -3.17  0.02287  0.16556  -0.07428
    -2.12  0.08699  0.16551  -0.07515
    -1.08  0.15166  0.16551  -0.07612
    -0.05  0.21578  0.16556  -0.07667
    -0.03  0.21593  0.16556  -0.07667
     1.16  0.29168  0.16568  -0.07737
     2.32  0.36303  0.16578  -0.07796
     3.48  0.43461  0.16596  -0.07837
     4.64  0.50393  0.16612  -0.07827
     5.80  0.57105  0.16632  -0.07778
     6.96  0.63468  0.16666  -0.07662
     8.12  0.68693  0.16703  -0.07341
    10.74  0.71068  0.17391  -0.05706
    13.35  0.62201  0.22201  -0.05271
    15.97  0.60064  0.25179  -0.05733
    18.59  0.61435  0.28145  -0.06452
    21.21  0.61094  0.31868  -0.07622
    23.82  0.59269  0.34434  -0.09109
    26.44  0.57445  0.36999  -0.10596
    29.06  0.55621  0.39565  -0.12083
    31.68  0.54325  0.42497  -0.13178
    34.29  0.53304  0.45617  -0.14069
    36.91  0.52282  0.48737  -0.14960
    39.53  0.51260  0.51858  -0.15851
    42.15  0.49921  0.55124  -0.16615
    44.76  0.48516  0.58420  -0.17353
    47.38  0.47111  0.61717  -0.18091
    50.00  0.45706  0.65013  -0.18829
    60.00  0.37501  0.76708  -0.21345
    70.00  0.26524  0.85989  -0.23535
    80.00  0.13590  0.91657  -0.25333
    90.00  0.00005  0.92929  -0.26627
   100.00  -0.09505  0.91657  -0.27697
   110.00  -0.18580  0.85989  -0.27898
   120.00  -0.26243  0.76708  -0.27388
   130.00  -0.32003  0.65013  -0.26513
   140.00  -0.35753  0.52389  -0.25790
   150.00  -0.38524  0.40440  -0.26219
   160.00  -0.42871  0.30647  -0.30436
   170.00  -0.21406  0.24240  -0.27176
   180.00  0.00005  0.22007  -0.00005
EOT
