AeroDyn airfoil file.  Compatible with AeroDyn v13.0.
Interpolated thickness: 0.751

  1        Number of airfoil tables in this file
  9990     Reynolds number in millions.  For efficiency, make very large if only one table.
  0        Control setting
  10.6926  Stall angle (deg)
  -3.13686 Zero lift angle of attack (deg)
  2.40131  Cn slope for zero lift (dimensionless)
  0.579601 Cn at stall value for positive angle of attack
  -0.8     Cn at stall value for negative angle of attack
  -2.12    Angle of attack for minimum CD (deg)
  0.238769 Minimum CD value
  -180.00  0.00007  0.27166  -0.00007
  -170.00  0.12915  0.28513  0.13099
  -160.00  0.25857  0.32376  -0.04698
  -150.00  0.23236  0.38280  -0.02071
  -140.00  0.21565  0.45484  -0.00239
  -130.00  0.19304  0.53095  0.01533
  -120.00  0.15831  0.60146  0.03293
  -110.00  0.11212  0.65742  0.04924
  -100.00  0.05740  0.69159  0.06261
   -90.00  0.00007  0.69926  0.07139
   -80.00  -0.05727  0.69159  0.07788
   -70.00  -0.11198  0.65742  0.07906
   -60.00  -0.15818  0.60146  0.07601
   -50.00  -0.19291  0.53095  0.07070
   -40.00  -0.21551  0.45484  0.06638
   -30.00  -0.23222  0.38280  0.06896
   -20.00  -0.25778  0.32369  0.09413
   -10.00  -0.10543  0.27006  0.04157
    -4.17  -0.02352  0.23883  -0.04417
    -3.17  0.01383  0.23880  -0.04482
    -2.12  0.05249  0.23877  -0.04535
    -1.08  0.09148  0.23877  -0.04594
    -0.05  0.13014  0.23880  -0.04626
    -0.02  0.13023  0.23880  -0.04626
     1.15  0.17590  0.23887  -0.04668
     2.31  0.21891  0.23893  -0.04704
     3.46  0.26207  0.23904  -0.04729
     4.61  0.30386  0.23914  -0.04723
     5.77  0.34433  0.23926  -0.04693
     6.92  0.38269  0.23946  -0.04623
     8.07  0.41419  0.23969  -0.04430
    10.69  0.42851  0.24384  -0.03444
    13.31  0.37505  0.27284  -0.03182
    15.93  0.36217  0.29079  -0.03460
    18.55  0.37043  0.30867  -0.03894
    21.17  0.36838  0.33112  -0.04599
    23.80  0.35738  0.34658  -0.05496
    26.42  0.34638  0.36205  -0.06393
    29.04  0.33538  0.37752  -0.07289
    31.66  0.32757  0.39520  -0.07949
    34.28  0.32141  0.41401  -0.08486
    36.90  0.31525  0.43282  -0.09023
    39.52  0.30909  0.45164  -0.09561
    42.14  0.30101  0.47133  -0.10021
    44.76  0.29254  0.49120  -0.10466
    47.38  0.28408  0.51108  -0.10911
    50.00  0.27561  0.53095  -0.11356
    60.00  0.22613  0.60146  -0.12873
    70.00  0.15995  0.65742  -0.14193
    80.00  0.08198  0.69159  -0.15278
    90.00  0.00007  0.69926  -0.16057
   100.00  -0.05727  0.69159  -0.16703
   110.00  -0.11198  0.65742  -0.16824
   120.00  -0.15818  0.60146  -0.16516
   130.00  -0.19291  0.53095  -0.15989
   140.00  -0.21551  0.45484  -0.15553
   150.00  -0.23222  0.38280  -0.15812
   160.00  -0.25843  0.32376  -0.18354
   170.00  -0.12902  0.28513  -0.16388
   180.00  0.00007  0.27166  -0.00007
EOT
