AeroDyn airfoil file.  Compatible with AeroDyn v13.0.
Interpolated thickness: 0.535

  1        Number of airfoil tables in this file
  9990     Reynolds number in millions.  For efficiency, make very large if only one table.
  0        Control setting
  10.7512  Stall angle (deg)
  -3.4089  Zero lift angle of attack (deg)
  4.13597  Cn slope for zero lift (dimensionless)
  1.02216  Cn at stall value for positive angle of attack
  -0.8     Cn at stall value for negative angle of attack
  -2.12    Angle of attack for minimum CD (deg)
  0.14228  Minimum CD value
  -180.00  0.00004  0.20371  -0.00004
  -170.00  0.24110  0.22886  0.24470
  -160.00  0.48278  0.30099  -0.08765
  -150.00  0.43383  0.41125  -0.03858
  -140.00  0.40263  0.54579  -0.00438
  -130.00  0.36041  0.68792  0.02872
  -120.00  0.29556  0.81959  0.06157
  -110.00  0.20929  0.92409  0.09204
  -100.00  0.10711  0.98791  0.11701
   -90.00  0.00004  1.00222  0.13340
   -80.00  -0.10703  0.98791  0.14552
   -70.00  -0.20921  0.92409  0.14772
   -60.00  -0.29548  0.81959  0.14203
   -50.00  -0.36034  0.68792  0.13212
   -40.00  -0.40255  0.54579  0.12404
   -30.00  -0.43376  0.41125  0.12888
   -20.00  -0.48148  0.30087  0.17587
   -10.00  -0.19697  0.20071  0.07773
    -4.17  -0.04401  0.14240  -0.08239
    -3.17  0.02574  0.14234  -0.08362
    -2.12  0.09793  0.14228  -0.08460
    -1.08  0.17074  0.14228  -0.08570
    -0.05  0.24294  0.14234  -0.08631
    -0.03  0.24311  0.14234  -0.08631
     1.16  0.32840  0.14247  -0.08710
     2.32  0.40873  0.14258  -0.08777
     3.49  0.48932  0.14279  -0.08823
     4.65  0.56737  0.14296  -0.08811
     5.81  0.64294  0.14319  -0.08756
     6.97  0.71458  0.14357  -0.08625
     8.13  0.77341  0.14399  -0.08264
    10.75  0.80014  0.15174  -0.06423
    13.37  0.70032  0.20590  -0.05933
    15.98  0.67625  0.23942  -0.06453
    18.60  0.69169  0.27282  -0.07263
    21.22  0.68785  0.31473  -0.08581
    23.83  0.66731  0.34362  -0.10255
    26.45  0.64677  0.37251  -0.11929
    29.07  0.62622  0.40140  -0.13603
    31.68  0.61164  0.43440  -0.14836
    34.30  0.60014  0.46954  -0.15839
    36.92  0.58863  0.50467  -0.16842
    39.53  0.57713  0.53980  -0.17846
    42.15  0.56205  0.57658  -0.18706
    44.77  0.54623  0.61369  -0.19537
    47.38  0.53041  0.65081  -0.20367
    50.00  0.51460  0.68792  -0.21198
    60.00  0.42221  0.81959  -0.24031
    70.00  0.29862  0.92409  -0.26497
    80.00  0.15300  0.98791  -0.28522
    90.00  0.00004  1.00222  -0.29978
   100.00  -0.10703  0.98791  -0.31183
   110.00  -0.20921  0.92409  -0.31410
   120.00  -0.29548  0.81959  -0.30835
   130.00  -0.36034  0.68792  -0.29850
   140.00  -0.40255  0.54579  -0.29036
   150.00  -0.43376  0.41125  -0.29519
   160.00  -0.48270  0.30099  -0.34267
   170.00  -0.24103  0.22886  -0.30596
   180.00  0.00004  0.20371  -0.00004
EOT
