AeroDyn airfoil file.  Compatible with AeroDyn v13.0.
Interpolated thickness: 0.915

  1        Number of airfoil tables in this file
  9990     Reynolds number in millions.  For efficiency, make very large if only one table.
  0        Control setting
  10.6481  Stall angle (deg)
  -2.4973  Zero lift angle of attack (deg)
  1.04324  Cn slope for zero lift (dimensionless)
  0.239351 Cn at stall value for positive angle of attack
  -0.8     Cn at stall value for negative angle of attack
  -2.12    Angle of attack for minimum CD (deg)
  0.31203  Minimum CD value
  -180.00  0.00009  0.32326  -0.00009
  -170.00  0.04415  0.32786  0.04465
  -160.00  0.08833  0.34104  -0.01610
  -150.00  0.07938  0.36120  -0.00713
  -140.00  0.07368  0.38579  -0.00088
  -130.00  0.06596  0.41177  0.00517
  -120.00  0.05411  0.43584  0.01117
  -110.00  0.03834  0.45494  0.01674
  -100.00  0.01966  0.46661  0.02131
   -90.00  0.00009  0.46922  0.02430
   -80.00  -0.01948  0.46661  0.02652
   -70.00  -0.03816  0.45494  0.02692
   -60.00  -0.05393  0.43584  0.02588
   -50.00  -0.06579  0.41177  0.02407
   -40.00  -0.07350  0.38579  0.02259
   -30.00  -0.07921  0.36120  0.02348
   -20.00  -0.08793  0.34102  0.03207
   -10.00  -0.03592  0.32271  0.01413
    -4.17  -0.00796  0.31205  -0.01514
    -3.17  0.00479  0.31204  -0.01537
    -2.12  0.01798  0.31203  -0.01555
    -1.08  0.03129  0.31203  -0.01575
    -0.05  0.04449  0.31204  -0.01586
    -0.01  0.04452  0.31204  -0.01586
     1.15  0.06011  0.31207  -0.01600
     2.29  0.07480  0.31208  -0.01613
     3.44  0.08953  0.31212  -0.01621
     4.59  0.10379  0.31215  -0.01619
     5.73  0.11761  0.31220  -0.01609
     6.88  0.13070  0.31227  -0.01585
     8.02  0.14146  0.31234  -0.01519
    10.65  0.14634  0.31376  -0.01182
    13.27  0.12810  0.32366  -0.01093
    15.89  0.12370  0.32979  -0.01188
    18.52  0.12652  0.33589  -0.01336
    21.14  0.12582  0.34355  -0.01577
    23.77  0.12206  0.34883  -0.01883
    26.39  0.11831  0.35411  -0.02189
    29.01  0.11455  0.35940  -0.02495
    31.64  0.11189  0.36543  -0.02720
    34.26  0.10978  0.37185  -0.02903
    36.88  0.10768  0.37827  -0.03087
    39.51  0.10558  0.38470  -0.03270
    42.13  0.10282  0.39142  -0.03427
    44.75  0.09993  0.39820  -0.03579
    47.38  0.09704  0.40499  -0.03731
    50.00  0.09415  0.41177  -0.03883
    60.00  0.07726  0.43584  -0.04401
    70.00  0.05467  0.45494  -0.04852
    80.00  0.02805  0.46661  -0.05222
    90.00  0.00009  0.46922  -0.05488
   100.00  -0.01948  0.46661  -0.05708
   110.00  -0.03816  0.45494  -0.05750
   120.00  -0.05393  0.43584  -0.05645
   130.00  -0.06579  0.41177  -0.05465
   140.00  -0.07350  0.38579  -0.05316
   150.00  -0.07921  0.36120  -0.05404
   160.00  -0.08815  0.34104  -0.06272
   170.00  -0.04398  0.32786  -0.05601
   180.00  0.00009  0.32326  -0.00009
EOT
