AeroDyn airfoil file.  Compatible with AeroDyn v13.0.
Interpolated thickness: 0.689

  1        Number of airfoil tables in this file
  9990     Reynolds number in millions.  For efficiency, make very large if only one table.
  0        Control setting
  10.7094  Stall angle (deg)
  -3.24234 Zero lift angle of attack (deg)
  2.90343  Cn slope for zero lift (dimensionless)
  0.706996 Cn at stall value for positive angle of attack
  -0.8     Cn at stall value for negative angle of attack
  -2.12    Angle of attack for minimum CD (deg)
  0.211073 Minimum CD value
  -180.00  0.00006  0.25216  -0.00006
  -170.00  0.16129  0.26898  0.16363
  -160.00  0.32293  0.31722  -0.05866
  -150.00  0.29019  0.39096  -0.02584
  -140.00  0.26932  0.48095  -0.00296
  -130.00  0.24108  0.57601  0.01917
  -120.00  0.19771  0.66407  0.04115
  -110.00  0.14001  0.73396  0.06153
  -100.00  0.07167  0.77664  0.07822
   -90.00  0.00006  0.78622  0.08919
   -80.00  -0.07155  0.77664  0.09729
   -70.00  -0.13989  0.73396  0.09877
   -60.00  -0.19759  0.66407  0.09496
   -50.00  -0.24097  0.57601  0.08833
   -40.00  -0.26920  0.48095  0.08293
   -30.00  -0.29007  0.39096  0.08616
   -20.00  -0.32199  0.31714  0.11759
   -10.00  -0.13171  0.25015  0.05195
    -4.17  -0.02940  0.21115  -0.05514
    -3.17  0.01725  0.21111  -0.05596
    -2.12  0.06553  0.21107  -0.05661
    -1.08  0.11423  0.21107  -0.05735
    -0.05  0.16252  0.21111  -0.05776
    -0.02  0.16263  0.21111  -0.05776
     1.16  0.21967  0.21120  -0.05828
     2.31  0.27340  0.21128  -0.05873
     3.47  0.32730  0.21141  -0.05904
     4.62  0.37950  0.21153  -0.05896
     5.78  0.43004  0.21168  -0.05860
     6.93  0.47796  0.21194  -0.05772
     8.09  0.51730  0.21222  -0.05530
    10.71  0.53518  0.21740  -0.04299
    13.33  0.46842  0.25362  -0.03971
    15.95  0.45232  0.27605  -0.04319
    18.57  0.46264  0.29838  -0.04861
    21.19  0.46008  0.32641  -0.05742
    23.81  0.44634  0.34573  -0.06862
    26.43  0.43260  0.36506  -0.07982
    29.05  0.41886  0.38438  -0.09102
    31.66  0.40911  0.40645  -0.09926
    34.28  0.40142  0.42995  -0.10597
    36.90  0.39372  0.45345  -0.11268
    39.52  0.38603  0.47694  -0.11939
    42.14  0.37594  0.50154  -0.12514
    44.76  0.36536  0.52636  -0.13070
    47.38  0.35478  0.55118  -0.13625
    50.00  0.34421  0.57601  -0.14181
    60.00  0.28241  0.66407  -0.16076
    70.00  0.19975  0.73396  -0.17725
    80.00  0.10236  0.77664  -0.19079
    90.00  0.00006  0.78622  -0.20053
   100.00  -0.07155  0.77664  -0.20859
   110.00  -0.13989  0.73396  -0.21011
   120.00  -0.19759  0.66407  -0.20626
   130.00  -0.24097  0.57601  -0.19967
   140.00  -0.26920  0.48095  -0.19423
   150.00  -0.29007  0.39096  -0.19746
   160.00  -0.32281  0.31722  -0.22922
   170.00  -0.16117  0.26898  -0.20466
   180.00  0.00006  0.25216  -0.00006
EOT
