AeroDyn airfoil file.  Compatible with AeroDyn v13.0.
Interpolated thickness: 0.425

  1        Number of airfoil tables in this file
  9990     Reynolds number in millions.  For efficiency, make very large if only one table.
  0        Control setting
  10.781   Stall angle (deg)
  -3.48861 Zero lift angle of attack (deg)
  5.00375  Cn slope for zero lift (dimensionless)
  1.2462   Cn at stall value for positive angle of attack
  -0.8     Cn at stall value for negative angle of attack
  -2.12    Angle of attack for minimum CD (deg)
  0.0931414 Minimum CD value
  -180.00  0.00002  0.16910  -0.00002
  -170.00  0.29812  0.20020  0.30261
  -160.00  0.59697  0.28940  -0.10837
  -150.00  0.53644  0.42573  -0.04769
  -140.00  0.49785  0.59211  -0.00540
  -130.00  0.44565  0.76786  0.03553
  -120.00  0.36545  0.93067  0.07616
  -110.00  0.25877  1.05990  0.11384
  -100.00  0.13243  1.13881  0.14471
   -90.00  0.00002  1.15651  0.16499
   -80.00  -0.13238  1.13881  0.17997
   -70.00  -0.25873  1.05990  0.18269
   -60.00  -0.36540  0.93067  0.17565
   -50.00  -0.44560  0.76786  0.16340
   -40.00  -0.49780  0.59211  0.15341
   -30.00  -0.53639  0.42573  0.15939
   -20.00  -0.59540  0.28925  0.21749
   -10.00  -0.24359  0.16539  0.09614
    -4.17  -0.05445  0.09329  -0.10186
    -3.17  0.03180  0.09322  -0.10337
    -2.12  0.12108  0.09314  -0.10458
    -1.08  0.21111  0.09314  -0.10595
    -0.05  0.30039  0.09322  -0.10670
    -0.04  0.30059  0.09322  -0.10670
     1.17  0.40606  0.09338  -0.10768
     2.33  0.50539  0.09352  -0.10851
     3.50  0.60504  0.09377  -0.10907
     4.67  0.70156  0.09399  -0.10893
     5.83  0.79500  0.09427  -0.10825
     7.00  0.88360  0.09474  -0.10663
     8.17  0.95634  0.09526  -0.10216
    10.78  0.98940  0.10484  -0.07940
    13.40  0.86596  0.17181  -0.07334
    16.01  0.83620  0.21327  -0.07978
    18.62  0.85529  0.25456  -0.08978
    21.24  0.85054  0.30639  -0.10608
    23.85  0.82514  0.34211  -0.12678
    26.47  0.79974  0.37784  -0.14749
    29.08  0.77434  0.41356  -0.16819
    31.70  0.75631  0.45437  -0.18343
    34.31  0.74208  0.49781  -0.19583
    36.93  0.72786  0.54126  -0.20824
    39.54  0.71363  0.58470  -0.22065
    42.16  0.69498  0.63018  -0.23128
    44.77  0.67542  0.67607  -0.24156
    47.39  0.65587  0.72196  -0.25183
    50.00  0.63631  0.76786  -0.26210
    60.00  0.52206  0.93067  -0.29713
    70.00  0.36923  1.05990  -0.32762
    80.00  0.18917  1.13881  -0.35267
    90.00  0.00002  1.15651  -0.37067
   100.00  -0.13238  1.13881  -0.38558
   110.00  -0.25873  1.05990  -0.38838
   120.00  -0.36540  0.93067  -0.38126
   130.00  -0.44560  0.76786  -0.36908
   140.00  -0.49780  0.59211  -0.35902
   150.00  -0.53639  0.42573  -0.36500
   160.00  -0.59692  0.28940  -0.42371
   170.00  -0.29807  0.20020  -0.37831
   180.00  0.00002  0.16910  -0.00002
EOT
