AeroDyn airfoil file.  Compatible with AeroDyn v13.0.
Interpolated thickness: 0.928

  1        Number of airfoil tables in this file
  9990     Reynolds number in millions.  For efficiency, make very large if only one table.
  0        Control setting
  10.6445  Stall angle (deg)
  -2.35504 Zero lift angle of attack (deg)
  0.937465 Cn slope for zero lift (dimensionless)
  0.212697 Cn at stall value for positive angle of attack
  -0.8     Cn at stall value for negative angle of attack
  -2.12    Angle of attack for minimum CD (deg)
  0.317837 Minimum CD value
  -180.00  0.00009  0.32735  -0.00009
  -170.00  0.03742  0.33124  0.03780
  -160.00  0.07484  0.34241  -0.01366
  -150.00  0.06726  0.35948  -0.00606
  -140.00  0.06243  0.38032  -0.00076
  -130.00  0.05589  0.40232  0.00436
  -120.00  0.04585  0.42271  0.00945
  -110.00  0.03249  0.43889  0.01417
  -100.00  0.01667  0.44877  0.01803
   -90.00  0.00009  0.45099  0.02057
   -80.00  -0.01649  0.44877  0.02245
   -70.00  -0.03231  0.43889  0.02279
   -60.00  -0.04567  0.42271  0.02191
   -50.00  -0.05571  0.40232  0.02037
   -40.00  -0.06225  0.38032  0.01912
   -30.00  -0.06708  0.35948  0.01987
   -20.00  -0.07447  0.34239  0.02715
   -10.00  -0.03041  0.32688  0.01195
    -4.17  -0.00673  0.31786  -0.01284
    -3.17  0.00407  0.31785  -0.01303
    -2.12  0.01525  0.31784  -0.01318
    -1.08  0.02652  0.31784  -0.01335
    -0.05  0.03770  0.31785  -0.01345
    -0.00  0.03773  0.31785  -0.01345
     1.15  0.05093  0.31787  -0.01357
     2.29  0.06337  0.31788  -0.01367
     3.44  0.07585  0.31792  -0.01375
     4.58  0.08794  0.31794  -0.01373
     5.73  0.09964  0.31798  -0.01364
     6.88  0.11073  0.31804  -0.01344
     8.02  0.11984  0.31810  -0.01288
    10.64  0.12398  0.31930  -0.01003
    13.27  0.10852  0.32769  -0.00927
    15.89  0.10479  0.33288  -0.01008
    18.52  0.10718  0.33805  -0.01133
    21.14  0.10659  0.34454  -0.01337
    23.76  0.10341  0.34901  -0.01596
    26.39  0.10023  0.35349  -0.01856
    29.01  0.09705  0.35796  -0.02115
    31.63  0.09479  0.36307  -0.02306
    34.26  0.09301  0.36851  -0.02461
    36.88  0.09123  0.37395  -0.02616
    39.51  0.08945  0.37939  -0.02772
    42.13  0.08711  0.38508  -0.02905
    44.75  0.08466  0.39083  -0.03033
    47.38  0.08221  0.39658  -0.03162
    50.00  0.07976  0.40232  -0.03291
    60.00  0.06546  0.42271  -0.03729
    70.00  0.04632  0.43889  -0.04111
    80.00  0.02377  0.44877  -0.04425
    90.00  0.00009  0.45099  -0.04650
   100.00  -0.01649  0.44877  -0.04837
   110.00  -0.03231  0.43889  -0.04872
   120.00  -0.04567  0.42271  -0.04783
   130.00  -0.05571  0.40232  -0.04630
   140.00  -0.06225  0.38032  -0.04504
   150.00  -0.06708  0.35948  -0.04579
   160.00  -0.07466  0.34241  -0.05314
   170.00  -0.03724  0.33124  -0.04746
   180.00  0.00009  0.32735  -0.00009
EOT
