AeroDyn airfoil file.  Compatible with AeroDyn v13.0.
Interpolated thickness: 0.339

  1        Number of airfoil tables in this file
  9990     Reynolds number in millions.  For efficiency, make very large if only one table.
  0        Control setting
  10.8044  Stall angle (deg)
  -3.53951 Zero lift angle of attack (deg)
  5.675    Cn slope for zero lift (dimensionless)
  1.42073  Cn at stall value for positive angle of attack
  -0.8     Cn at stall value for negative angle of attack
  -2.12    Angle of attack for minimum CD (deg)
  0.0547243 Minimum CD value
  -180.00  0.00001  0.14205  -0.00001
  -170.00  0.34269  0.17779  0.34788
  -160.00  0.68624  0.28033  -0.12456
  -150.00  0.61666  0.43706  -0.05481
  -140.00  0.57230  0.62832  -0.00619
  -130.00  0.51229  0.83036  0.04086
  -120.00  0.42010  1.01752  0.08757
  -110.00  0.29746  1.16607  0.13088
  -100.00  0.15222  1.25679  0.16637
   -90.00  0.00001  1.27714  0.18968
   -80.00  -0.15219  1.25679  0.20690
   -70.00  -0.29744  1.16607  0.21003
   -60.00  -0.42007  1.01752  0.20194
   -50.00  -0.51226  0.83036  0.18785
   -40.00  -0.57227  0.62832  0.17637
   -30.00  -0.61663  0.43706  0.18324
   -20.00  -0.68447  0.28016  0.25004
   -10.00  -0.28004  0.13778  0.11053
    -4.17  -0.06261  0.05490  -0.11708
    -3.17  0.03654  0.05481  -0.11882
    -2.12  0.13917  0.05472  -0.12021
    -1.08  0.24267  0.05472  -0.12178
    -0.05  0.34530  0.05481  -0.12265
    -0.04  0.34554  0.05481  -0.12265
     1.17  0.46677  0.05500  -0.12377
     2.34  0.58097  0.05515  -0.12472
     3.51  0.69552  0.05545  -0.12537
     4.68  0.80648  0.05570  -0.12521
     5.85  0.91389  0.05602  -0.12443
     7.02  1.01574  0.05656  -0.12257
     8.19  1.09936  0.05716  -0.11743
    10.80  1.13737  0.06818  -0.09126
    13.42  0.99546  0.14516  -0.08429
    16.03  0.96125  0.19282  -0.09169
    18.64  0.98319  0.24028  -0.10320
    21.26  0.97774  0.29987  -0.12193
    23.87  0.94854  0.34093  -0.14573
    26.48  0.91934  0.38200  -0.16953
    29.10  0.89014  0.42306  -0.19333
    31.71  0.86941  0.46998  -0.21085
    34.32  0.85306  0.51992  -0.22511
    36.93  0.83670  0.56986  -0.23937
    39.55  0.82035  0.61980  -0.25363
    42.16  0.79891  0.67208  -0.26586
    44.77  0.77643  0.72484  -0.27767
    47.39  0.75395  0.77760  -0.28948
    50.00  0.73146  0.83036  -0.30129
    60.00  0.60013  1.01752  -0.34156
    70.00  0.42444  1.16607  -0.37661
    80.00  0.21745  1.25679  -0.40540
    90.00  0.00001  1.27714  -0.42610
   100.00  -0.15219  1.25679  -0.44323
   110.00  -0.29744  1.16607  -0.44645
   120.00  -0.42007  1.01752  -0.43827
   130.00  -0.51226  0.83036  -0.42427
   140.00  -0.57227  0.62832  -0.41270
   150.00  -0.61663  0.43706  -0.41957
   160.00  -0.68621  0.28033  -0.48707
   170.00  -0.34266  0.17779  -0.43488
   180.00  0.00001  0.14205  -0.00001
EOT
