AeroDyn airfoil file.  Compatible with AeroDyn v13.0.
Interpolated thickness: 0.29

  1        Number of airfoil tables in this file
  9990     Reynolds number in millions.  For efficiency, make very large if only one table.
  0        Control setting
  10.8177  Stall angle (deg)
  -3.56549 Zero lift angle of attack (deg)
  6.05467  Cn slope for zero lift (dimensionless)
  1.51993  Cn at stall value for positive angle of attack
  -0.8     Cn at stall value for negative angle of attack
  -2.12    Angle of attack for minimum CD (deg)
  0.0328355 Minimum CD value
  -180.00  0.00001  0.12663  -0.00001
  -170.00  0.36809  0.16503  0.37368
  -160.00  0.73710  0.27517  -0.13379
  -150.00  0.66236  0.44351  -0.05886
  -140.00  0.61472  0.64895  -0.00664
  -130.00  0.55026  0.86596  0.04390
  -120.00  0.45123  1.06701  0.09407
  -110.00  0.31951  1.22657  0.14059
  -100.00  0.16349  1.32401  0.17871
   -90.00  0.00001  1.34587  0.20374
   -80.00  -0.16348  1.32401  0.22224
   -70.00  -0.31949  1.22657  0.22561
   -60.00  -0.45122  1.06701  0.21692
   -50.00  -0.55024  0.86596  0.20178
   -40.00  -0.61470  0.64895  0.18945
   -30.00  -0.66235  0.44351  0.19683
   -20.00  -0.73522  0.27498  0.26858
   -10.00  -0.30081  0.12205  0.11873
    -4.17  -0.06726  0.03302  -0.12575
    -3.17  0.03924  0.03293  -0.12762
    -2.12  0.14948  0.03284  -0.12911
    -1.08  0.26065  0.03284  -0.13080
    -0.05  0.37089  0.03293  -0.13173
    -0.04  0.37114  0.03293  -0.13173
     1.17  0.50137  0.03313  -0.13293
     2.34  0.62403  0.03330  -0.13396
     3.52  0.74707  0.03362  -0.13466
     4.69  0.86625  0.03388  -0.13448
     5.86  0.98163  0.03423  -0.13365
     7.03  1.09103  0.03481  -0.13164
     8.21  1.18085  0.03545  -0.12612
    10.82  1.22167  0.04729  -0.09802
    13.43  1.06925  0.12997  -0.09054
    16.04  1.03251  0.18116  -0.09848
    18.65  1.05607  0.23215  -0.11084
    21.27  1.05021  0.29615  -0.13096
    23.88  1.01885  0.34026  -0.15653
    26.49  0.98748  0.38437  -0.18209
    29.10  0.95612  0.42848  -0.20766
    31.71  0.93385  0.47887  -0.22647
    34.33  0.91629  0.53252  -0.24179
    36.94  0.89872  0.58616  -0.25711
    39.55  0.88116  0.63981  -0.27243
    42.16  0.85813  0.69596  -0.28556
    44.78  0.83398  0.75263  -0.29825
    47.39  0.80983  0.80930  -0.31093
    50.00  0.78568  0.86596  -0.32362
    60.00  0.64461  1.06701  -0.36687
    70.00  0.45590  1.22657  -0.40452
    80.00  0.23356  1.32401  -0.43544
    90.00  0.00001  1.34587  -0.45768
   100.00  -0.16348  1.32401  -0.47608
   110.00  -0.31949  1.22657  -0.47954
   120.00  -0.45122  1.06701  -0.47076
   130.00  -0.55024  0.86596  -0.45571
   140.00  -0.61470  0.64895  -0.44329
   150.00  -0.66235  0.44351  -0.45067
   160.00  -0.73709  0.27517  -0.52316
   170.00  -0.36807  0.16503  -0.46711
   180.00  0.00001  0.12663  -0.00001
EOT
