AeroDyn airfoil file.  Compatible with AeroDyn v13.0.
Interpolated thickness: 0.856

  1        Number of airfoil tables in this file
  9990     Reynolds number in millions.  For efficiency, make very large if only one table.
  0        Control setting
  10.6641  Stall angle (deg)
  -2.89717 Zero lift angle of attack (deg)
  1.52199  Cn slope for zero lift (dimensionless)
  0.360238 Cn at stall value for positive angle of attack
  -0.8     Cn at stall value for negative angle of attack
  -2.12    Angle of attack for minimum CD (deg)
  0.285674 Minimum CD value
  -180.00  0.00008  0.30470  -0.00008
  -170.00  0.07473  0.31248  0.07571
  -160.00  0.14958  0.33482  -0.02721
  -150.00  0.13442  0.36897  -0.01202
  -140.00  0.12475  0.41063  -0.00143
  -130.00  0.11168  0.45465  0.00882
  -120.00  0.09160  0.49542  0.01900
  -110.00  0.06488  0.52778  0.02843
  -100.00  0.03324  0.54755  0.03617
   -90.00  0.00008  0.55198  0.04124
   -80.00  -0.03308  0.54755  0.04499
   -70.00  -0.06472  0.52778  0.04568
   -60.00  -0.09143  0.49542  0.04391
   -50.00  -0.11152  0.45465  0.04085
   -40.00  -0.12459  0.41063  0.03834
   -30.00  -0.13426  0.36897  0.03984
   -20.00  -0.14903  0.33479  0.05439
   -10.00  -0.06093  0.30377  0.02400
    -4.17  -0.01356  0.28571  -0.02558
    -3.17  0.00804  0.28569  -0.02596
    -2.12  0.03040  0.28567  -0.02627
    -1.08  0.05294  0.28567  -0.02661
    -0.05  0.07530  0.28569  -0.02680
    -0.01  0.07535  0.28569  -0.02680
     1.15  0.10177  0.28573  -0.02704
     2.30  0.12664  0.28577  -0.02725
     3.45  0.15160  0.28583  -0.02739
     4.60  0.17577  0.28589  -0.02736
     5.74  0.19917  0.28596  -0.02719
     6.89  0.22136  0.28607  -0.02678
     8.04  0.23958  0.28620  -0.02566
    10.66  0.24786  0.28860  -0.01996
    13.29  0.21694  0.30537  -0.01844
    15.91  0.20949  0.31576  -0.02005
    18.53  0.21427  0.32610  -0.02256
    21.15  0.21308  0.33908  -0.02664
    23.78  0.20672  0.34802  -0.03183
    26.40  0.20036  0.35697  -0.03701
    29.02  0.19400  0.36592  -0.04220
    31.64  0.18948  0.37614  -0.04601
    34.27  0.18592  0.38702  -0.04912
    36.89  0.18236  0.39790  -0.05223
    39.51  0.17879  0.40878  -0.05533
    42.13  0.17412  0.42017  -0.05800
    44.76  0.16922  0.43166  -0.06057
    47.38  0.16433  0.44315  -0.06314
    50.00  0.15943  0.45465  -0.06571
    60.00  0.13082  0.49542  -0.07449
    70.00  0.09254  0.52778  -0.08212
    80.00  0.04745  0.54755  -0.08839
    90.00  0.00008  0.55198  -0.09290
   100.00  -0.03308  0.54755  -0.09664
   110.00  -0.06472  0.52778  -0.09734
   120.00  -0.09143  0.49542  -0.09556
   130.00  -0.11152  0.45465  -0.09251
   140.00  -0.12459  0.41063  -0.08999
   150.00  -0.13426  0.36897  -0.09148
   160.00  -0.14941  0.33482  -0.10619
   170.00  -0.07457  0.31248  -0.09482
   180.00  0.00008  0.30470  -0.00008
EOT
