AeroDyn airfoil file.  Compatible with AeroDyn v13.0.
Interpolated thickness: 0.404

  1        Number of airfoil tables in this file
  9990     Reynolds number in millions.  For efficiency, make very large if only one table.
  0        Control setting
  10.7867  Stall angle (deg)
  -3.50178 Zero lift angle of attack (deg)
  5.16824  Cn slope for zero lift (dimensionless)
  1.28886  Cn at stall value for positive angle of attack
  -0.8     Cn at stall value for negative angle of attack
  -2.12    Angle of attack for minimum CD (deg)
  0.0837605 Minimum CD value
  -180.00  0.00002  0.16250  -0.00002
  -170.00  0.30900  0.19473  0.31366
  -160.00  0.61876  0.28718  -0.11232
  -150.00  0.55603  0.42850  -0.04943
  -140.00  0.51603  0.60095  -0.00559
  -130.00  0.46192  0.78312  0.03684
  -120.00  0.37880  0.95188  0.07895
  -110.00  0.26822  1.08582  0.11800
  -100.00  0.13726  1.16762  0.15000
   -90.00  0.00002  1.18597  0.17101
   -80.00  -0.13722  1.16762  0.18654
   -70.00  -0.26818  1.08582  0.18937
   -60.00  -0.37875  0.95188  0.18207
   -50.00  -0.46188  0.78312  0.16937
   -40.00  -0.51599  0.60095  0.15902
   -30.00  -0.55598  0.42850  0.16521
   -20.00  -0.61715  0.28703  0.22544
   -10.00  -0.25249  0.15865  0.09965
    -4.17  -0.05644  0.08392  -0.10558
    -3.17  0.03296  0.08384  -0.10714
    -2.12  0.12550  0.08376  -0.10840
    -1.08  0.21882  0.08376  -0.10981
    -0.05  0.31135  0.08384  -0.11060
    -0.04  0.31157  0.08384  -0.11060
     1.17  0.42088  0.08401  -0.11160
     2.34  0.52385  0.08415  -0.11247
     3.50  0.62714  0.08442  -0.11305
     4.67  0.72718  0.08464  -0.11291
     5.84  0.82404  0.08493  -0.11220
     7.01  0.91586  0.08542  -0.11052
     8.17  0.99126  0.08596  -0.10589
    10.79  1.02553  0.09589  -0.08230
    13.40  0.89758  0.16530  -0.07601
    16.02  0.86674  0.20827  -0.08269
    18.63  0.88652  0.25107  -0.09306
    21.24  0.88160  0.30480  -0.10995
    23.86  0.85527  0.34183  -0.13141
    26.47  0.82894  0.37885  -0.15287
    29.09  0.80262  0.41588  -0.17433
    31.70  0.78392  0.45818  -0.19012
    34.31  0.76918  0.50321  -0.20298
    36.93  0.75444  0.54824  -0.21584
    39.54  0.73969  0.59327  -0.22870
    42.16  0.72036  0.64041  -0.23973
    44.77  0.70009  0.68798  -0.25038
    47.39  0.67982  0.73555  -0.26102
    50.00  0.65954  0.78312  -0.27167
    60.00  0.54113  0.95188  -0.30798
    70.00  0.38272  1.08582  -0.33958
    80.00  0.19607  1.16762  -0.36554
    90.00  0.00002  1.18597  -0.38421
   100.00  -0.13722  1.16762  -0.39966
   110.00  -0.26818  1.08582  -0.40256
   120.00  -0.37875  0.95188  -0.39519
   130.00  -0.46188  0.78312  -0.38256
   140.00  -0.51599  0.60095  -0.37213
   150.00  -0.55598  0.42850  -0.37832
   160.00  -0.61872  0.28718  -0.43918
   170.00  -0.30896  0.19473  -0.39213
   180.00  0.00002  0.16250  -0.00002
EOT
