AeroDyn airfoil file.  Compatible with AeroDyn v13.0.
Interpolated thickness: 0.568

  1        Number of airfoil tables in this file
  9990     Reynolds number in millions.  For efficiency, make very large if only one table.
  0        Control setting
  10.7422  Stall angle (deg)
  -3.38024 Zero lift angle of attack (deg)
  3.8736   Cn slope for zero lift (dimensionless)
  0.954779 Cn at stall value for positive angle of attack
  -0.8     Cn at stall value for negative angle of attack
  -2.12    Angle of attack for minimum CD (deg)
  0.157021 Minimum CD value
  -180.00  0.00004  0.21409  -0.00004
  -170.00  0.22400  0.23745  0.22733
  -160.00  0.44853  0.30447  -0.08144
  -150.00  0.40305  0.40690  -0.03585
  -140.00  0.37406  0.53189  -0.00408
  -130.00  0.33484  0.66394  0.02667
  -120.00  0.27459  0.78626  0.05720
  -110.00  0.19444  0.88335  0.08550
  -100.00  0.09952  0.94264  0.10870
   -90.00  0.00004  0.95594  0.12393
   -80.00  -0.09943  0.94264  0.13518
   -70.00  -0.19436  0.88335  0.13723
   -60.00  -0.27450  0.78626  0.13194
   -50.00  -0.33476  0.66394  0.12274
   -40.00  -0.37398  0.53189  0.11523
   -30.00  -0.40297  0.40690  0.11972
   -20.00  -0.44730  0.30436  0.16338
   -10.00  -0.18299  0.21131  0.07220
    -4.17  -0.04088  0.15713  -0.07655
    -3.17  0.02392  0.15708  -0.07769
    -2.12  0.09099  0.15702  -0.07860
    -1.08  0.15863  0.15702  -0.07962
    -0.05  0.22571  0.15708  -0.08019
    -0.03  0.22586  0.15708  -0.08019
     1.16  0.30510  0.15720  -0.08092
     2.32  0.37973  0.15730  -0.08155
     3.48  0.45460  0.15750  -0.08197
     4.64  0.52711  0.15766  -0.08187
     5.80  0.59731  0.15787  -0.08136
     6.96  0.66387  0.15822  -0.08014
     8.13  0.71853  0.15861  -0.07678
    10.74  0.74337  0.16581  -0.05968
    13.36  0.65062  0.21612  -0.05513
    15.98  0.62827  0.24727  -0.05996
    18.59  0.64261  0.27829  -0.06748
    21.21  0.63904  0.31724  -0.07972
    23.83  0.61996  0.34407  -0.09528
    26.45  0.60087  0.37091  -0.11083
    29.06  0.58179  0.39775  -0.12639
    31.68  0.56824  0.42841  -0.13783
    34.30  0.55755  0.46105  -0.14716
    36.91  0.54687  0.49369  -0.15648
    39.53  0.53618  0.52633  -0.16580
    42.15  0.52217  0.56050  -0.17379
    44.77  0.50747  0.59498  -0.18151
    47.38  0.49278  0.62946  -0.18923
    50.00  0.47809  0.66394  -0.19694
    60.00  0.39225  0.78626  -0.22326
    70.00  0.27743  0.88335  -0.24617
    80.00  0.14215  0.94264  -0.26498
    90.00  0.00004  0.95594  -0.27851
   100.00  -0.09943  0.94264  -0.28971
   110.00  -0.19436  0.88335  -0.29181
   120.00  -0.27450  0.78626  -0.28647
   130.00  -0.33476  0.66394  -0.27732
   140.00  -0.37398  0.53189  -0.26976
   150.00  -0.40297  0.40690  -0.27425
   160.00  -0.44844  0.30447  -0.31836
   170.00  -0.22391  0.23745  -0.28425
   180.00  0.00004  0.21409  -0.00004
EOT
