AeroDyn airfoil file.  Compatible with AeroDyn v13.0.
Interpolated thickness: 0.292

  1        Number of airfoil tables in this file
  9990     Reynolds number in millions.  For efficiency, make very large if only one table.
  0        Control setting
  10.8171  Stall angle (deg)
  -3.56447 Zero lift angle of attack (deg)
  6.03922  Cn slope for zero lift (dimensionless)
  1.51588  Cn at stall value for positive angle of attack
  -0.8     Cn at stall value for negative angle of attack
  -2.12    Angle of attack for minimum CD (deg)
  0.0337289 Minimum CD value
  -180.00  0.00001  0.12726  -0.00001
  -170.00  0.36705  0.16555  0.37262
  -160.00  0.73502  0.27538  -0.13341
  -150.00  0.66050  0.44325  -0.05870
  -140.00  0.61299  0.64811  -0.00662
  -130.00  0.54871  0.86451  0.04378
  -120.00  0.44996  1.06499  0.09380
  -110.00  0.31861  1.22410  0.14020
  -100.00  0.16303  1.32126  0.17820
   -90.00  0.00001  1.34306  0.20317
   -80.00  -0.16302  1.32126  0.22162
   -70.00  -0.31859  1.22410  0.22497
   -60.00  -0.44995  1.06499  0.21631
   -50.00  -0.54869  0.86451  0.20121
   -40.00  -0.61297  0.64811  0.18892
   -30.00  -0.66048  0.44325  0.19628
   -20.00  -0.73315  0.27519  0.26782
   -10.00  -0.29996  0.12269  0.11840
    -4.17  -0.06707  0.03392  -0.12540
    -3.17  0.03913  0.03382  -0.12726
    -2.12  0.14906  0.03373  -0.12875
    -1.08  0.25992  0.03373  -0.13043
    -0.05  0.36984  0.03382  -0.13136
    -0.04  0.37010  0.03382  -0.13136
     1.17  0.49996  0.03403  -0.13256
     2.34  0.62227  0.03419  -0.13358
     3.52  0.74497  0.03451  -0.13428
     4.69  0.86381  0.03477  -0.13410
     5.86  0.97887  0.03512  -0.13327
     7.03  1.08795  0.03570  -0.13127
     8.20  1.17752  0.03634  -0.12577
    10.82  1.21823  0.04814  -0.09775
    13.43  1.06623  0.13059  -0.09028
    16.04  1.02960  0.18164  -0.09821
    18.65  1.05310  0.23248  -0.11053
    21.27  1.04725  0.29630  -0.13059
    23.88  1.01598  0.34029  -0.15609
    26.49  0.98470  0.38427  -0.18158
    29.10  0.95342  0.42826  -0.20707
    31.71  0.93122  0.47851  -0.22583
    34.33  0.91371  0.53200  -0.24111
    36.94  0.89619  0.58550  -0.25638
    39.55  0.87868  0.63899  -0.27166
    42.16  0.85571  0.69498  -0.28476
    44.78  0.83163  0.75149  -0.29741
    47.39  0.80755  0.80800  -0.31006
    50.00  0.78346  0.86451  -0.32271
    60.00  0.64280  1.06499  -0.36584
    70.00  0.45462  1.22410  -0.40338
    80.00  0.23290  1.32126  -0.43422
    90.00  0.00001  1.34306  -0.45639
   100.00  -0.16302  1.32126  -0.47474
   110.00  -0.31859  1.22410  -0.47819
   120.00  -0.44995  1.06499  -0.46943
   130.00  -0.54869  0.86451  -0.45443
   140.00  -0.61297  0.64811  -0.44204
   150.00  -0.66048  0.44325  -0.44940
   160.00  -0.73501  0.27538  -0.52169
   170.00  -0.36704  0.16555  -0.46580
   180.00  0.00001  0.12726  -0.00001
EOT
