AeroDyn airfoil file.  Compatible with AeroDyn v13.0.
Interpolated thickness: 0.174

  1        Number of airfoil tables in this file
  9990     Reynolds number in millions.  For efficiency, make very large if only one table.
  0        Control setting
  13.4231  Stall angle (deg)
  -5.44076 Zero lift angle of attack (deg)
  6.11132  Cn slope for zero lift (dimensionless)
  2.01207  Cn at stall value for positive angle of attack
  -0.8     Cn at stall value for negative angle of attack
  -4.09    Angle of attack for minimum CD (deg)
  0.00683383 Minimum CD value
  -180.00  0.00000  0.18642  0.00000
  -170.00  0.40060  0.22630  0.40000
  -160.00  0.80220  0.34080  -0.13792
  -150.00  0.71089  0.51544  -0.06196
  -140.00  0.65989  0.72780  -0.00691
  -130.00  0.58994  0.95076  0.04634
  -120.00  0.48394  1.15521  0.09825
  -110.00  0.34200  1.31413  0.14484
  -100.00  0.17500  1.40571  0.18140
   -90.00  0.00000  1.41600  0.20301
   -80.00  -0.17500  1.40571  0.22404
   -70.00  -0.34200  1.31413  0.22905
   -60.00  -0.48394  1.15521  0.22089
   -50.00  -0.58994  0.95076  0.20525
   -40.00  -0.65989  0.72780  0.19149
   -30.00  -0.71089  0.51544  0.19684
   -20.00  -0.80114  0.34051  0.27062
   -10.00  -0.26731  0.10477  0.05601
    -6.04  -0.07753  0.01150  -0.14036
    -5.04  0.04184  0.00784  -0.15283
    -4.09  0.14444  0.00683  -0.15733
    -3.02  0.25982  0.00692  -0.15858
    -2.02  0.36620  0.00701  -0.15924
    -1.03  0.47167  0.00711  -0.15971
    -0.00  0.57993  0.00730  -0.16071
     0.71  0.65766  0.00750  -0.16029
     1.43  0.73370  0.00777  -0.16049
     2.14  0.80847  0.00811  -0.16126
     2.85  0.88266  0.00843  -0.16066
     3.57  0.95598  0.00876  -0.16004
     4.28  1.02734  0.00906  -0.15923
     6.56  1.20138  0.01303  -0.14888
     8.85  1.34294  0.02039  -0.13679
    11.14  1.47404  0.03016  -0.12634
    13.42  1.51733  0.06111  -0.11669
    15.71  1.33087  0.19919  -0.13080
    18.00  1.24201  0.27410  -0.13935
    20.28  1.14429  0.34566  -0.17209
    22.57  1.11407  0.38561  -0.19443
    24.85  1.08385  0.42556  -0.21676
    27.14  1.05363  0.46551  -0.23909
    29.43  1.02379  0.50573  -0.26113
    31.71  1.00330  0.55186  -0.27729
    34.00  0.98662  0.60039  -0.29107
    36.28  0.96994  0.64893  -0.30484
    38.57  0.95327  0.69747  -0.31861
    40.86  0.93420  0.74692  -0.33151
    43.14  0.91114  0.79788  -0.34296
    45.43  0.88807  0.84884  -0.35442
    47.71  0.86501  0.89980  -0.36587
    50.00  0.84194  0.95076  -0.37733
    60.00  0.69094  1.15521  -0.42099
    70.00  0.48894  1.31413  -0.45780
    80.00  0.25000  1.40571  -0.48637
    90.00  0.00000  1.41600  -0.50499
   100.00  -0.17500  1.40571  -0.52601
   110.00  -0.34200  1.31413  -0.53103
   120.00  -0.48394  1.15521  -0.52285
   130.00  -0.58994  0.95076  -0.50722
   140.00  -0.65989  0.72780  -0.49345
   150.00  -0.71089  0.51544  -0.49881
   160.00  -0.80220  0.34080  -0.57292
   170.00  -0.40060  0.22630  -0.50000
   180.00  0.00000  0.18642  0.00000
EOT
