AeroDyn airfoil file.  Compatible with AeroDyn v13.0.
Interpolated thickness: 0.298

  1        Number of airfoil tables in this file
  9990     Reynolds number in millions.  For efficiency, make very large if only one table.
  0        Control setting
  10.8155  Stall angle (deg)
  -3.56137 Zero lift angle of attack (deg)
  5.99282  Cn slope for zero lift (dimensionless)
  1.50374  Cn at stall value for positive angle of attack
  -0.8     Cn at stall value for negative angle of attack
  -2.12    Angle of attack for minimum CD (deg)
  0.0364092 Minimum CD value
  -180.00  0.00001  0.12915  -0.00001
  -170.00  0.36394  0.16711  0.36947
  -160.00  0.72879  0.27601  -0.13228
  -150.00  0.65490  0.44246  -0.05820
  -140.00  0.60779  0.64558  -0.00657
  -130.00  0.54406  0.86015  0.04341
  -120.00  0.44615  1.05893  0.09301
  -110.00  0.31591  1.21669  0.13901
  -100.00  0.16165  1.31303  0.17669
   -90.00  0.00001  1.33465  0.20145
   -80.00  -0.16164  1.31303  0.21974
   -70.00  -0.31589  1.21669  0.22306
   -60.00  -0.44613  1.05893  0.21447
   -50.00  -0.54404  0.86015  0.19951
   -40.00  -0.60778  0.64558  0.18732
   -30.00  -0.65488  0.44246  0.19461
   -20.00  -0.72693  0.27583  0.26555
   -10.00  -0.29742  0.12462  0.11739
    -4.17  -0.06650  0.03659  -0.12434
    -3.17  0.03880  0.03650  -0.12618
    -2.12  0.14780  0.03641  -0.12766
    -1.08  0.25772  0.03641  -0.12932
    -0.05  0.36671  0.03650  -0.13025
    -0.04  0.36696  0.03650  -0.13025
     1.17  0.49572  0.03670  -0.13144
     2.34  0.61700  0.03687  -0.13245
     3.52  0.73866  0.03718  -0.13314
     4.69  0.85649  0.03744  -0.13297
     5.86  0.97057  0.03778  -0.13214
     7.03  1.07873  0.03836  -0.13016
     8.20  1.16754  0.03900  -0.12471
    10.82  1.20791  0.05070  -0.09692
    13.43  1.05720  0.13245  -0.08952
    16.04  1.02087  0.18307  -0.09737
    18.65  1.04417  0.23348  -0.10959
    21.26  1.03838  0.29676  -0.12949
    23.88  1.00737  0.34037  -0.15476
    26.49  0.97636  0.38398  -0.18004
    29.10  0.94535  0.42760  -0.20532
    31.71  0.92333  0.47742  -0.22392
    34.33  0.90596  0.53046  -0.23906
    36.94  0.88860  0.58350  -0.25421
    39.55  0.87123  0.63654  -0.26936
    42.16  0.84846  0.69206  -0.28235
    44.78  0.82458  0.74809  -0.29489
    47.39  0.80070  0.80412  -0.30743
    50.00  0.77683  0.86015  -0.31997
    60.00  0.63735  1.05893  -0.36274
    70.00  0.45077  1.21669  -0.39996
    80.00  0.23093  1.31303  -0.43054
    90.00  0.00001  1.33465  -0.45252
   100.00  -0.16164  1.31303  -0.47072
   110.00  -0.31589  1.21669  -0.47413
   120.00  -0.44613  1.05893  -0.46545
   130.00  -0.54404  0.86015  -0.45058
   140.00  -0.60778  0.64558  -0.43830
   150.00  -0.65488  0.44246  -0.44559
   160.00  -0.72878  0.27601  -0.51727
   170.00  -0.36392  0.16711  -0.46185
   180.00  0.00001  0.12915  -0.00001
EOT
