AeroDyn airfoil file.  Compatible with AeroDyn v13.0.
Interpolated thickness: 0.25

  1        Number of airfoil tables in this file
  9990     Reynolds number in millions.  For efficiency, make very large if only one table.
  0        Control setting
  10.8285  Stall angle (deg)
  -3.58544 Zero lift angle of attack (deg)
  6.36312  Cn slope for zero lift (dimensionless)
  1.60078  Cn at stall value for positive angle of attack
  -0.8     Cn at stall value for negative angle of attack
  -2.12    Angle of attack for minimum CD (deg)
  0.0149671 Minimum CD value
  -180.00  0.00000  0.11405  -0.00000
  -170.00  0.38882  0.15461  0.39474
  -160.00  0.77862  0.27095  -0.14132
  -150.00  0.69967  0.44878  -0.06217
  -140.00  0.64934  0.66579  -0.00701
  -130.00  0.58125  0.89503  0.04638
  -120.00  0.47665  1.10740  0.09937
  -110.00  0.33750  1.27595  0.14852
  -100.00  0.17270  1.37888  0.18878
   -90.00  0.00000  1.40197  0.21523
   -80.00  -0.17270  1.37888  0.23477
   -70.00  -0.33750  1.27595  0.23832
   -60.00  -0.47664  1.10740  0.22914
   -50.00  -0.58125  0.89503  0.21316
   -40.00  -0.64934  0.66579  0.20013
   -30.00  -0.69967  0.44878  0.20793
   -20.00  -0.77664  0.27076  0.28372
   -10.00  -0.31776  0.10921  0.12543
    -4.17  -0.07105  0.01516  -0.13283
    -3.17  0.04145  0.01507  -0.13480
    -2.12  0.15790  0.01497  -0.13638
    -1.08  0.27533  0.01497  -0.13816
    -0.05  0.39178  0.01507  -0.13915
    -0.05  0.39205  0.01507  -0.13915
     1.17  0.52961  0.01528  -0.14042
     2.35  0.65918  0.01546  -0.14150
     3.52  0.78916  0.01579  -0.14224
     4.70  0.91505  0.01607  -0.14205
     5.87  1.03693  0.01644  -0.14117
     7.04  1.15249  0.01706  -0.13906
     8.22  1.24737  0.01773  -0.13323
    10.83  1.29049  0.03023  -0.10354
    13.44  1.12948  0.11758  -0.09563
    16.05  1.09067  0.17165  -0.10403
    18.66  1.11556  0.22551  -0.11708
    21.27  1.10937  0.29312  -0.13834
    23.89  1.07624  0.33971  -0.16534
    26.50  1.04311  0.38631  -0.19235
    29.11  1.00998  0.43290  -0.21935
    31.72  0.98646  0.48614  -0.23922
    34.33  0.96790  0.54280  -0.25540
    36.94  0.94935  0.59947  -0.27159
    39.55  0.93079  0.65613  -0.28777
    42.17  0.90647  0.71545  -0.30164
    44.78  0.88096  0.77531  -0.31504
    47.39  0.85545  0.83517  -0.32844
    50.00  0.82994  0.89503  -0.34184
    60.00  0.68092  1.10740  -0.38753
    70.00  0.48158  1.27595  -0.42730
    80.00  0.24671  1.37888  -0.45997
    90.00  0.00000  1.40197  -0.48346
   100.00  -0.17270  1.37888  -0.50290
   110.00  -0.33750  1.27595  -0.50655
   120.00  -0.47664  1.10740  -0.49727
   130.00  -0.58125  0.89503  -0.48138
   140.00  -0.64934  0.66579  -0.46826
   150.00  -0.69967  0.44878  -0.47605
   160.00  -0.77862  0.27095  -0.55263
   170.00  -0.38881  0.15461  -0.49342
   180.00  0.00000  0.11405  -0.00000
EOT
