AeroDyn airfoil file.  Compatible with AeroDyn v13.0.
Interpolated thickness: 0.617

  1        Number of airfoil tables in this file
  9990     Reynolds number in millions.  For efficiency, make very large if only one table.
  0        Control setting
  10.7289  Stall angle (deg)
  -3.33181 Zero lift angle of attack (deg)
  3.48227  Cn slope for zero lift (dimensionless)
  0.85457  Cn at stall value for positive angle of attack
  -0.8     Cn at stall value for negative angle of attack
  -2.12    Angle of attack for minimum CD (deg)
  0.17891  Minimum CD value
  -180.00  0.00005  0.22951  -0.00005
  -170.00  0.19860  0.25022  0.20153
  -160.00  0.39766  0.30963  -0.07221
  -150.00  0.35735  0.40045  -0.03180
  -140.00  0.33165  0.51126  -0.00363
  -130.00  0.29687  0.62833  0.02364
  -120.00  0.24346  0.73678  0.05070
  -110.00  0.17240  0.82285  0.07579
  -100.00  0.08824  0.87542  0.09636
   -90.00  0.00005  0.88721  0.10986
   -80.00  -0.08814  0.87542  0.11984
   -70.00  -0.17230  0.82285  0.12165
   -60.00  -0.24336  0.73678  0.11697
   -50.00  -0.29678  0.62833  0.10880
   -40.00  -0.33155  0.51126  0.10215
   -30.00  -0.35725  0.40045  0.10613
   -20.00  -0.39656  0.30953  0.14484
   -10.00  -0.16222  0.22704  0.06400
    -4.17  -0.03623  0.17901  -0.06788
    -3.17  0.02122  0.17896  -0.06889
    -2.12  0.08068  0.17891  -0.06970
    -1.08  0.14065  0.17891  -0.07060
    -0.05  0.20012  0.17896  -0.07111
    -0.02  0.20025  0.17896  -0.07111
     1.16  0.27050  0.17907  -0.07175
     2.32  0.33667  0.17916  -0.07231
     3.48  0.40305  0.17933  -0.07269
     4.63  0.46734  0.17947  -0.07259
     5.79  0.52958  0.17966  -0.07214
     6.95  0.58859  0.17998  -0.07106
     8.11  0.63704  0.18032  -0.06808
    10.73  0.65906  0.18671  -0.05292
    13.35  0.57684  0.23131  -0.04888
    15.97  0.55702  0.25892  -0.05317
    18.58  0.56973  0.28643  -0.05984
    21.20  0.56657  0.32095  -0.07069
    23.82  0.54965  0.34475  -0.08448
    26.44  0.53273  0.36854  -0.09827
    29.06  0.51581  0.39234  -0.11206
    31.67  0.50380  0.41952  -0.12221
    34.29  0.49432  0.44846  -0.13048
    36.91  0.48485  0.47739  -0.13874
    39.53  0.47537  0.50633  -0.14700
    42.15  0.46295  0.53662  -0.15409
    44.76  0.44992  0.56719  -0.16093
    47.38  0.43690  0.59776  -0.16777
    50.00  0.42387  0.62833  -0.17462
    60.00  0.34777  0.73678  -0.19795
    70.00  0.24598  0.82285  -0.21826
    80.00  0.12604  0.87542  -0.23494
    90.00  0.00005  0.88721  -0.24693
   100.00  -0.08814  0.87542  -0.25686
   110.00  -0.17230  0.82285  -0.25873
   120.00  -0.24336  0.73678  -0.25399
   130.00  -0.29678  0.62833  -0.24588
   140.00  -0.33155  0.51126  -0.23917
   150.00  -0.35725  0.40045  -0.24315
   160.00  -0.39756  0.30963  -0.28226
   170.00  -0.19851  0.25022  -0.25202
   180.00  0.00005  0.22951  -0.00005
EOT
