AeroDyn airfoil file.  Compatible with AeroDyn v13.0.
Interpolated thickness: 0.485

  1        Number of airfoil tables in this file
  9990     Reynolds number in millions.  For efficiency, make very large if only one table.
  0        Control setting
  10.7648  Stall angle (deg)
  -3.4477  Zero lift angle of attack (deg)
  4.5317   Cn slope for zero lift (dimensionless)
  1.12411  Cn at stall value for positive angle of attack
  -0.8     Cn at stall value for negative angle of attack
  -2.12    Angle of attack for minimum CD (deg)
  0.119944 Minimum CD value
  -180.00  0.00003  0.18798  -0.00003
  -170.00  0.26702  0.21583  0.27102
  -160.00  0.53468  0.29572  -0.09707
  -150.00  0.48047  0.41783  -0.04272
  -140.00  0.44591  0.56684  -0.00484
  -130.00  0.39916  0.72426  0.03182
  -120.00  0.32733  0.87008  0.06821
  -110.00  0.23178  0.98582  0.10195
  -100.00  0.11862  1.05650  0.12960
   -90.00  0.00003  1.07236  0.14776
   -80.00  -0.11855  1.05650  0.16118
   -70.00  -0.23172  0.98582  0.16362
   -60.00  -0.32726  0.87008  0.15731
   -50.00  -0.39909  0.72426  0.14634
   -40.00  -0.44585  0.56684  0.13739
   -30.00  -0.48041  0.41783  0.14274
   -20.00  -0.53326  0.29559  0.19479
   -10.00  -0.21817  0.18466  0.08609
    -4.17  -0.04876  0.12008  -0.09124
    -3.17  0.02849  0.12001  -0.09260
    -2.12  0.10845  0.11994  -0.09368
    -1.08  0.18909  0.11994  -0.09490
    -0.05  0.26905  0.12001  -0.09558
    -0.03  0.26924  0.12001  -0.09558
     1.16  0.36370  0.12016  -0.09645
     2.33  0.45267  0.12028  -0.09719
     3.49  0.54192  0.12051  -0.09770
     4.66  0.62837  0.12070  -0.09757
     5.82  0.71206  0.12095  -0.09697
     6.98  0.79141  0.12138  -0.09552
     8.15  0.85656  0.12184  -0.09151
    10.76  0.88617  0.13043  -0.07113
    13.38  0.77561  0.19040  -0.06570
    16.00  0.74896  0.22753  -0.07146
    18.61  0.76605  0.26452  -0.08042
    21.23  0.76180  0.31094  -0.09502
    23.84  0.73905  0.34294  -0.11356
    26.46  0.71630  0.37493  -0.13211
    29.07  0.69355  0.40693  -0.15065
    31.69  0.67740  0.44348  -0.16430
    34.31  0.66466  0.48239  -0.17541
    36.92  0.65192  0.52130  -0.18652
    39.54  0.63918  0.56021  -0.19763
    42.15  0.62247  0.60094  -0.20716
    44.77  0.60496  0.64205  -0.21636
    47.38  0.58744  0.68315  -0.22556
    50.00  0.56992  0.72426  -0.23476
    60.00  0.46760  0.87008  -0.26614
    70.00  0.33072  0.98582  -0.29345
    80.00  0.16944  1.05650  -0.31588
    90.00  0.00003  1.07236  -0.33200
   100.00  -0.11855  1.05650  -0.34535
   110.00  -0.23172  0.98582  -0.34786
   120.00  -0.32726  0.87008  -0.34149
   130.00  -0.39909  0.72426  -0.33058
   140.00  -0.44585  0.56684  -0.32157
   150.00  -0.48041  0.41783  -0.32692
   160.00  -0.53462  0.29572  -0.37951
   170.00  -0.26695  0.21583  -0.33885
   180.00  0.00003  0.18798  -0.00003
EOT
