AeroDyn airfoil file.  Compatible with AeroDyn v13.0.
Interpolated thickness: 0.767

  1        Number of airfoil tables in this file
  9990     Reynolds number in millions.  For efficiency, make very large if only one table.
  0        Control setting
  10.6882  Stall angle (deg)
  -3.10304 Zero lift angle of attack (deg)
  2.27117  Cn slope for zero lift (dimensionless)
  0.546677 Cn at stall value for positive angle of attack
  -0.8     Cn at stall value for negative angle of attack
  -2.12    Angle of attack for minimum CD (deg)
  0.245916 Minimum CD value
  -180.00  0.00007  0.27670  -0.00007
  -170.00  0.12086  0.28930  0.12256
  -160.00  0.24196  0.32544  -0.04397
  -150.00  0.21743  0.38069  -0.01938
  -140.00  0.20180  0.44811  -0.00225
  -130.00  0.18064  0.51932  0.01434
  -120.00  0.14815  0.58530  0.03080
  -110.00  0.10492  0.63766  0.04607
  -100.00  0.05372  0.66964  0.05858
   -90.00  0.00007  0.67681  0.06680
   -80.00  -0.05358  0.66964  0.07287
   -70.00  -0.10478  0.63766  0.07397
   -60.00  -0.14801  0.58530  0.07112
   -50.00  -0.18051  0.51932  0.06615
   -40.00  -0.20166  0.44811  0.06210
   -30.00  -0.21730  0.38069  0.06453
   -20.00  -0.24121  0.32538  0.08807
   -10.00  -0.09865  0.27519  0.03890
    -4.17  -0.02200  0.24598  -0.04133
    -3.17  0.01295  0.24595  -0.04195
    -2.12  0.04912  0.24592  -0.04244
    -1.08  0.08560  0.24592  -0.04299
    -0.05  0.12178  0.24595  -0.04330
    -0.01  0.12187  0.24595  -0.04330
     1.15  0.16460  0.24601  -0.04369
     2.30  0.20485  0.24607  -0.04403
     3.46  0.24523  0.24617  -0.04426
     4.61  0.28434  0.24626  -0.04420
     5.76  0.32221  0.24637  -0.04393
     6.91  0.35811  0.24657  -0.04327
     8.07  0.38759  0.24677  -0.04146
    10.69  0.40098  0.25066  -0.03223
    13.31  0.35096  0.27779  -0.02978
    15.93  0.33890  0.29459  -0.03239
    18.55  0.34664  0.31133  -0.03644
    21.17  0.34471  0.33233  -0.04305
    23.79  0.33442  0.34680  -0.05143
    26.41  0.32413  0.36128  -0.05982
    29.03  0.31384  0.37575  -0.06821
    31.65  0.30653  0.39229  -0.07439
    34.28  0.30076  0.40990  -0.07941
    36.90  0.29500  0.42750  -0.08444
    39.52  0.28924  0.44511  -0.08947
    42.14  0.28168  0.46353  -0.09378
    44.76  0.27375  0.48213  -0.09794
    47.38  0.26583  0.50073  -0.10211
    50.00  0.25790  0.51932  -0.10627
    60.00  0.21161  0.58530  -0.12046
    70.00  0.14968  0.63766  -0.13282
    80.00  0.07671  0.66964  -0.14297
    90.00  0.00007  0.67681  -0.15026
   100.00  -0.05358  0.66964  -0.15630
   110.00  -0.10478  0.63766  -0.15744
   120.00  -0.14801  0.58530  -0.15455
   130.00  -0.18051  0.51932  -0.14962
   140.00  -0.20166  0.44811  -0.14554
   150.00  -0.21730  0.38069  -0.14796
   160.00  -0.24182  0.32544  -0.17175
   170.00  -0.12072  0.28930  -0.15336
   180.00  0.00007  0.27670  -0.00007
EOT
