AeroDyn airfoil file.  Compatible with AeroDyn v13.0.
Interpolated thickness: 0.176

  1        Number of airfoil tables in this file
  9990     Reynolds number in millions.  For efficiency, make very large if only one table.
  0        Control setting
  13.5186  Stall angle (deg)
  -5.38561 Zero lift angle of attack (deg)
  6.11816  Cn slope for zero lift (dimensionless)
  2.01863  Cn at stall value for positive angle of attack
  -0.8     Cn at stall value for negative angle of attack
  -4.09    Angle of attack for minimum CD (deg)
  0.00695074 Minimum CD value
  -180.00  0.00000  0.18413  0.00000
  -170.00  0.40040  0.22405  0.40000
  -160.00  0.80180  0.33865  -0.13808
  -150.00  0.71083  0.51346  -0.06199
  -140.00  0.65983  0.72605  -0.00692
  -130.00  0.58991  0.94929  0.04636
  -120.00  0.48391  1.15407  0.09832
  -110.00  0.34200  1.31335  0.14501
  -100.00  0.17500  1.40531  0.18170
   -90.00  0.00000  1.41600  0.20347
   -80.00  -0.17500  1.40531  0.22446
   -70.00  -0.34200  1.31335  0.22943
   -60.00  -0.48391  1.15407  0.22123
   -50.00  -0.58991  0.94929  0.20558
   -40.00  -0.65983  0.72605  0.19183
   -30.00  -0.71083  0.51346  0.19726
   -20.00  -0.80071  0.33836  0.27113
   -10.00  -0.26897  0.10481  0.05816
    -6.04  -0.07979  0.01241  -0.13765
    -5.04  0.03726  0.00835  -0.15109
    -4.09  0.13815  0.00695  -0.15665
    -3.02  0.25373  0.00703  -0.15792
    -2.02  0.36030  0.00712  -0.15860
    -1.03  0.46601  0.00721  -0.15911
    -0.00  0.57439  0.00740  -0.16011
     0.73  0.65465  0.00760  -0.15975
     1.47  0.73304  0.00787  -0.15998
     2.20  0.81019  0.00821  -0.16075
     2.93  0.88651  0.00854  -0.16014
     3.67  0.96182  0.00887  -0.15947
     4.40  1.03451  0.00919  -0.15850
     6.68  1.20456  0.01330  -0.14771
     8.96  1.33775  0.02206  -0.13551
    11.24  1.46347  0.03339  -0.12553
    13.52  1.50467  0.06493  -0.11639
    15.80  1.32480  0.19994  -0.13043
    18.08  1.23864  0.27437  -0.13921
    20.36  1.14307  0.34490  -0.17163
    22.64  1.11295  0.38479  -0.19394
    24.92  1.08283  0.42467  -0.21626
    27.20  1.05271  0.46456  -0.23858
    29.48  1.02317  0.50484  -0.26046
    31.76  1.00284  0.55097  -0.27654
    34.04  0.98622  0.59942  -0.29029
    36.32  0.96959  0.64788  -0.30404
    38.60  0.95296  0.69634  -0.31779
    40.88  0.93389  0.74575  -0.33064
    43.16  0.91089  0.79664  -0.34208
    45.44  0.88790  0.84752  -0.35352
    47.72  0.86491  0.89841  -0.36495
    50.00  0.84191  0.94929  -0.37639
    60.00  0.69091  1.15407  -0.42013
    70.00  0.48891  1.31335  -0.45705
    80.00  0.25000  1.40531  -0.48576
    90.00  0.00000  1.41600  -0.50453
   100.00  -0.17500  1.40531  -0.52551
   110.00  -0.34200  1.31335  -0.53049
   120.00  -0.48391  1.15407  -0.52228
   130.00  -0.58991  0.94929  -0.50663
   140.00  -0.65983  0.72605  -0.49288
   150.00  -0.71083  0.51346  -0.49831
   160.00  -0.80180  0.33865  -0.57253
   170.00  -0.40040  0.22405  -0.50000
   180.00  0.00000  0.18413  0.00000
EOT
