AeroDyn airfoil file.  Compatible with AeroDyn v13.0.
Interpolated thickness: 0.2

  1        Number of airfoil tables in this file
  9990     Reynolds number in millions.  For efficiency, make very large if only one table.
  0        Control setting
  14.6651  Stall angle (deg)
  -4.656   Zero lift angle of attack (deg)
  6.28817  Cn slope for zero lift (dimensionless)
  2.12048  Cn at stall value for positive angle of attack
  -0.8     Cn at stall value for negative angle of attack
  -4.09    Angle of attack for minimum CD (deg)
  0.00835371 Minimum CD value
  -180.00  0.00000  0.15667  0.00000
  -170.00  0.39800  0.19703  0.40000
  -160.00  0.79700  0.31287  -0.14000
  -150.00  0.71014  0.48970  -0.06237
  -140.00  0.65914  0.70503  -0.00699
  -130.00  0.58957  0.93167  0.04660
  -120.00  0.48357  1.14036  0.09921
  -110.00  0.34200  1.30396  0.14707
  -100.00  0.17500  1.40054  0.18530
   -90.00  0.00000  1.41600  0.20896
   -80.00  -0.17500  1.40054  0.22950
   -70.00  -0.34200  1.30396  0.23396
   -60.00  -0.48357  1.14036  0.22534
   -50.00  -0.58957  0.93167  0.20949
   -40.00  -0.65914  0.70503  0.19594
   -30.00  -0.71014  0.48970  0.20230
   -20.00  -0.79557  0.31261  0.27727
   -10.00  -0.28886  0.10526  0.08401
    -6.04  -0.10694  0.02323  -0.10503
    -5.04  -0.01770  0.01457  -0.13026
    -4.09  0.06277  0.00835  -0.14844
    -3.02  0.18065  0.00837  -0.15001
    -2.02  0.28948  0.00839  -0.15102
    -1.03  0.39803  0.00844  -0.15196
    -0.02  0.50797  0.00860  -0.15294
     0.97  0.61860  0.00882  -0.15327
     1.94  0.72515  0.00909  -0.15388
     2.92  0.83079  0.00945  -0.15458
     3.89  0.93272  0.00978  -0.15386
     4.86  1.03189  0.01023  -0.15267
     5.83  1.12057  0.01073  -0.14969
     8.04  1.24265  0.01652  -0.13368
    10.25  1.27548  0.04215  -0.12016
    12.46  1.33660  0.07207  -0.11578
    14.67  1.35267  0.11074  -0.11284
    16.87  1.25191  0.20890  -0.12601
    19.08  1.19823  0.27757  -0.13752
    21.29  1.12842  0.33582  -0.16599
    23.50  1.09953  0.37492  -0.18815
    25.71  1.07063  0.41401  -0.21031
    27.92  1.04174  0.45310  -0.23246
    30.12  1.01575  0.49420  -0.25246
    32.33  0.99740  0.54025  -0.26743
    34.54  0.98137  0.58777  -0.28094
    36.75  0.96533  0.63528  -0.29446
    38.96  0.94930  0.68279  -0.30797
    41.17  0.93008  0.73166  -0.32026
    43.37  0.90795  0.78167  -0.33148
    45.58  0.88582  0.83167  -0.34270
    47.79  0.86370  0.88167  -0.35392
    50.00  0.84157  0.93167  -0.36514
    60.00  0.69057  1.14036  -0.40984
    70.00  0.48857  1.30396  -0.44803
    80.00  0.25000  1.40054  -0.47839
    90.00  0.00000  1.41600  -0.49904
   100.00  -0.17500  1.40054  -0.51954
   110.00  -0.34200  1.30396  -0.52404
   120.00  -0.48357  1.14036  -0.51539
   130.00  -0.58957  0.93167  -0.49957
   140.00  -0.65914  0.70503  -0.48599
   150.00  -0.71014  0.48970  -0.49234
   160.00  -0.79700  0.31287  -0.56783
   170.00  -0.39800  0.19703  -0.50000
   180.00  0.00000  0.15667  0.00000
EOT
