AeroDyn airfoil file.  Compatible with AeroDyn v13.0.
Interpolated thickness: 0.41

  1        Number of airfoil tables in this file
  9990     Reynolds number in millions.  For efficiency, make very large if only one table.
  0        Control setting
  10.7851  Stall angle (deg)
  -3.49807 Zero lift angle of attack (deg)
  5.12128  Cn slope for zero lift (dimensionless)
  1.27668  Cn at stall value for positive angle of attack
  -0.8     Cn at stall value for negative angle of attack
  -2.12    Angle of attack for minimum CD (deg)
  0.0864408 Minimum CD value
  -180.00  0.00002  0.16438  -0.00002
  -170.00  0.30589  0.19629  0.31050
  -160.00  0.61254  0.28782  -0.11119
  -150.00  0.55043  0.42771  -0.04893
  -140.00  0.51084  0.59842  -0.00553
  -130.00  0.45727  0.77876  0.03646
  -120.00  0.37498  0.94582  0.07815
  -110.00  0.26552  1.07842  0.11681
  -100.00  0.13588  1.15939  0.14849
   -90.00  0.00002  1.17755  0.16929
   -80.00  -0.13583  1.15939  0.18466
   -70.00  -0.26548  1.07842  0.18746
   -60.00  -0.37494  0.94582  0.18024
   -50.00  -0.45723  0.77876  0.16766
   -40.00  -0.51079  0.59842  0.15741
   -30.00  -0.55039  0.42771  0.16355
   -20.00  -0.61094  0.28766  0.22317
   -10.00  -0.24995  0.16058  0.09865
    -4.17  -0.05587  0.08660  -0.10451
    -3.17  0.03263  0.08652  -0.10607
    -2.12  0.12423  0.08644  -0.10731
    -1.08  0.21661  0.08644  -0.10871
    -0.05  0.30822  0.08652  -0.10948
    -0.04  0.30843  0.08652  -0.10948
     1.17  0.41665  0.08669  -0.11048
     2.33  0.51857  0.08682  -0.11133
     3.50  0.62083  0.08709  -0.11192
     4.67  0.71986  0.08731  -0.11177
     5.84  0.81574  0.08760  -0.11107
     7.00  0.90664  0.08808  -0.10941
     8.17  0.98129  0.08861  -0.10483
    10.79  1.01521  0.09845  -0.08147
    13.40  0.88854  0.16716  -0.07525
    16.01  0.85801  0.20970  -0.08185
    18.63  0.87760  0.25207  -0.09212
    21.24  0.87273  0.30525  -0.10885
    23.86  0.84666  0.34191  -0.13009
    26.47  0.82060  0.37856  -0.15133
    29.09  0.79454  0.41522  -0.17258
    31.70  0.77603  0.45709  -0.18821
    34.31  0.76144  0.50167  -0.20094
    36.93  0.74684  0.54625  -0.21367
    39.54  0.73225  0.59082  -0.22640
    42.16  0.71311  0.63749  -0.23731
    44.77  0.69304  0.68458  -0.24786
    47.39  0.67297  0.73167  -0.25840
    50.00  0.65290  0.77876  -0.26894
    60.00  0.53568  0.94582  -0.30488
    70.00  0.37886  1.07842  -0.33617
    80.00  0.19410  1.15939  -0.36186
    90.00  0.00002  1.17755  -0.38034
   100.00  -0.13583  1.15939  -0.39563
   110.00  -0.26548  1.07842  -0.39851
   120.00  -0.37494  0.94582  -0.39121
   130.00  -0.45723  0.77876  -0.37871
   140.00  -0.51079  0.59842  -0.36838
   150.00  -0.55039  0.42771  -0.37452
   160.00  -0.61249  0.28782  -0.43476
   170.00  -0.30585  0.19629  -0.38818
   180.00  0.00002  0.16438  -0.00002
EOT
