AeroDyn airfoil file.  Compatible with AeroDyn v13.0.
Interpolated thickness: 0.823

  1        Number of airfoil tables in this file
  9990     Reynolds number in millions.  For efficiency, make very large if only one table.
  0        Control setting
  10.673   Stall angle (deg)
  -3.02914 Zero lift angle of attack (deg)
  1.78882  Cn slope for zero lift (dimensionless)
  0.427793 Cn at stall value for positive angle of attack
  -0.8     Cn at stall value for negative angle of attack
  -2.12    Angle of attack for minimum CD (deg)
  0.270932 Minimum CD value
  -180.00  0.00008  0.29431  -0.00008
  -170.00  0.09184  0.30389  0.09308
  -160.00  0.18383  0.33135  -0.03343
  -150.00  0.16520  0.37331  -0.01475
  -140.00  0.15332  0.42453  -0.00173
  -130.00  0.13725  0.47863  0.01087
  -120.00  0.11256  0.52875  0.02338
  -110.00  0.07973  0.56853  0.03497
  -100.00  0.04083  0.59282  0.04448
   -90.00  0.00008  0.59827  0.05072
   -80.00  -0.04068  0.59282  0.05533
   -70.00  -0.07957  0.56853  0.05617
   -60.00  -0.11241  0.52875  0.05400
   -50.00  -0.13710  0.47863  0.05023
   -40.00  -0.15317  0.42453  0.04715
   -30.00  -0.16505  0.37331  0.04899
   -20.00  -0.18321  0.33130  0.06688
   -10.00  -0.07492  0.29317  0.02952
    -4.17  -0.01669  0.27098  -0.03142
    -3.17  0.00986  0.27096  -0.03189
    -2.12  0.03734  0.27093  -0.03226
    -1.08  0.06505  0.27093  -0.03268
    -0.05  0.09254  0.27096  -0.03291
    -0.01  0.09260  0.27096  -0.03292
     1.15  0.12506  0.27101  -0.03321
     2.30  0.15564  0.27105  -0.03347
     3.45  0.18632  0.27113  -0.03364
     4.60  0.21603  0.27119  -0.03360
     5.75  0.24479  0.27128  -0.03339
     6.90  0.27206  0.27143  -0.03289
     8.05  0.29446  0.27158  -0.03152
    10.67  0.30463  0.27453  -0.02451
    13.29  0.26663  0.29515  -0.02265
    15.92  0.25747  0.30791  -0.02463
    18.54  0.26335  0.32062  -0.02771
    21.16  0.26189  0.33658  -0.03272
    23.78  0.25407  0.34757  -0.03910
    26.40  0.24625  0.35857  -0.04547
    29.03  0.23843  0.36956  -0.05184
    31.65  0.23288  0.38213  -0.05653
    34.27  0.22850  0.39550  -0.06035
    36.89  0.22412  0.40887  -0.06417
    39.51  0.21974  0.42225  -0.06799
    42.13  0.21400  0.43625  -0.07126
    44.76  0.20798  0.45037  -0.07443
    47.38  0.20196  0.46450  -0.07759
    50.00  0.19594  0.47863  -0.08075
    60.00  0.16077  0.52875  -0.09153
    70.00  0.11373  0.56853  -0.10092
    80.00  0.05830  0.59282  -0.10863
    90.00  0.00008  0.59827  -0.11417
   100.00  -0.04068  0.59282  -0.11876
   110.00  -0.07957  0.56853  -0.11962
   120.00  -0.11241  0.52875  -0.11743
   130.00  -0.13710  0.47863  -0.11368
   140.00  -0.15317  0.42453  -0.11059
   150.00  -0.16505  0.37331  -0.11243
   160.00  -0.18368  0.33135  -0.13050
   170.00  -0.09168  0.30389  -0.11652
   180.00  0.00008  0.29431  -0.00008
EOT
