AeroDyn airfoil file.  Compatible with AeroDyn v13.0.
Interpolated thickness: 0.441

  1        Number of airfoil tables in this file
  9990     Reynolds number in millions.  For efficiency, make very large if only one table.
  0        Control setting
  10.7767  Stall angle (deg)
  -3.47821 Zero lift angle of attack (deg)
  4.87817  Cn slope for zero lift (dimensionless)
  1.21367  Cn at stall value for positive angle of attack
  -0.8     Cn at stall value for negative angle of attack
  -2.12    Angle of attack for minimum CD (deg)
  0.100289 Minimum CD value
  -180.00  0.00003  0.17414  -0.00003
  -170.00  0.28982  0.20437  0.29418
  -160.00  0.58036  0.29108  -0.10535
  -150.00  0.52151  0.42363  -0.04636
  -140.00  0.48400  0.58537  -0.00525
  -130.00  0.43325  0.75623  0.03454
  -120.00  0.35529  0.91452  0.07404
  -110.00  0.25158  1.04014  0.11067
  -100.00  0.12874  1.11686  0.14068
   -90.00  0.00003  1.13407  0.16039
   -80.00  -0.12869  1.11686  0.17496
   -70.00  -0.25152  1.04014  0.17760
   -60.00  -0.35523  0.91452  0.17076
   -50.00  -0.43320  0.75623  0.15885
   -40.00  -0.48395  0.58537  0.14914
   -30.00  -0.52146  0.42363  0.15495
   -20.00  -0.57883  0.29094  0.21144
   -10.00  -0.23681  0.17053  0.09346
    -4.17  -0.05293  0.10044  -0.09903
    -3.17  0.03092  0.10036  -0.10050
    -2.12  0.11771  0.10029  -0.10168
    -1.08  0.20524  0.10029  -0.10300
    -0.05  0.29203  0.10036  -0.10374
    -0.04  0.29223  0.10036  -0.10374
     1.17  0.39476  0.10052  -0.10468
     2.33  0.49133  0.10065  -0.10549
     3.50  0.58821  0.10090  -0.10604
     4.66  0.68204  0.10111  -0.10590
     5.83  0.77288  0.10138  -0.10524
     7.00  0.85901  0.10185  -0.10367
     8.16  0.92973  0.10235  -0.09932
    10.78  0.96187  0.11167  -0.07720
    13.39  0.84186  0.17677  -0.07130
    16.01  0.81294  0.21707  -0.07756
    18.62  0.83149  0.25721  -0.08729
    21.24  0.82688  0.30760  -0.10313
    23.85  0.80218  0.34233  -0.12326
    26.47  0.77749  0.37706  -0.14339
    29.08  0.75280  0.41179  -0.16351
    31.70  0.73526  0.45147  -0.17832
    34.31  0.72144  0.49370  -0.19039
    36.93  0.70761  0.53594  -0.20245
    39.54  0.69378  0.57817  -0.21451
    42.16  0.67565  0.62238  -0.22485
    44.77  0.65663  0.66700  -0.23484
    47.39  0.63762  0.71161  -0.24483
    50.00  0.61860  0.75623  -0.25481
    60.00  0.50754  0.91452  -0.28887
    70.00  0.35896  1.04014  -0.31851
    80.00  0.18391  1.11686  -0.34286
    90.00  0.00003  1.13407  -0.36036
   100.00  -0.12869  1.11686  -0.37485
   110.00  -0.25152  1.04014  -0.37757
   120.00  -0.35523  0.91452  -0.37066
   130.00  -0.43320  0.75623  -0.35882
   140.00  -0.48395  0.58537  -0.34903
   150.00  -0.52146  0.42363  -0.35484
   160.00  -0.58030  0.29108  -0.41192
   170.00  -0.28977  0.20437  -0.36779
   180.00  0.00003  0.17414  -0.00003
EOT
