AeroDyn airfoil file.  Compatible with AeroDyn v13.0.
Interpolated thickness: 0.547

  1        Number of airfoil tables in this file
  9990     Reynolds number in millions.  For efficiency, make very large if only one table.
  0        Control setting
  10.7479  Stall angle (deg)
  -3.39879 Zero lift angle of attack (deg)
  4.04067  Cn slope for zero lift (dimensionless)
  0.99767  Cn at stall value for positive angle of attack
  -0.8     Cn at stall value for negative angle of attack
  -2.12    Angle of attack for minimum CD (deg)
  0.14764  Minimum CD value
  -180.00  0.00004  0.20748  -0.00004
  -170.00  0.23489  0.23198  0.23838
  -160.00  0.47033  0.30226  -0.08540
  -150.00  0.42264  0.40966  -0.03759
  -140.00  0.39224  0.54074  -0.00427
  -130.00  0.35112  0.67920  0.02797
  -120.00  0.28793  0.80747  0.05998
  -110.00  0.20389  0.90928  0.08967
  -100.00  0.10435  0.97144  0.11398
   -90.00  0.00004  0.98539  0.12996
   -80.00  -0.10427  0.97144  0.14176
   -70.00  -0.20381  0.90928  0.14391
   -60.00  -0.28785  0.80747  0.13836
   -50.00  -0.35103  0.67920  0.12871
   -40.00  -0.39216  0.54074  0.12084
   -30.00  -0.42256  0.40966  0.12555
   -20.00  -0.46905  0.30214  0.17132
   -10.00  -0.19189  0.20456  0.07572
    -4.17  -0.04288  0.14776  -0.08027
    -3.17  0.02507  0.14770  -0.08146
    -2.12  0.09541  0.14764  -0.08241
    -1.08  0.16634  0.14764  -0.08349
    -0.05  0.23667  0.14770  -0.08408
    -0.03  0.23684  0.14770  -0.08409
     1.16  0.31992  0.14783  -0.08485
     2.32  0.39818  0.14794  -0.08551
     3.48  0.47669  0.14814  -0.08595
     4.65  0.55273  0.14831  -0.08584
     5.81  0.62635  0.14853  -0.08531
     6.97  0.69614  0.14890  -0.08403
     8.13  0.75345  0.14931  -0.08051
    10.75  0.77950  0.15686  -0.06258
    13.36  0.68224  0.20962  -0.05780
    15.98  0.65880  0.24228  -0.06287
    18.60  0.67384  0.27481  -0.07075
    21.22  0.67010  0.31564  -0.08359
    23.83  0.65009  0.34379  -0.09991
    26.45  0.63008  0.37193  -0.11622
    29.07  0.61007  0.40007  -0.13253
    31.68  0.59586  0.43223  -0.14453
    34.30  0.58465  0.46645  -0.15430
    36.92  0.57345  0.50068  -0.16408
    39.53  0.56224  0.53490  -0.17385
    42.15  0.54755  0.57073  -0.18223
    44.77  0.53214  0.60689  -0.19033
    47.38  0.51673  0.64304  -0.19842
    50.00  0.50132  0.67920  -0.20651
    60.00  0.41132  0.80747  -0.23411
    70.00  0.29091  0.90928  -0.25813
    80.00  0.14905  0.97144  -0.27786
    90.00  0.00004  0.98539  -0.29205
   100.00  -0.10427  0.97144  -0.30379
   110.00  -0.20381  0.90928  -0.30599
   120.00  -0.28785  0.80747  -0.30039
   130.00  -0.35103  0.67920  -0.29079
   140.00  -0.39216  0.54074  -0.28287
   150.00  -0.42256  0.40966  -0.28758
   160.00  -0.47025  0.30226  -0.33383
   170.00  -0.23480  0.23198  -0.29807
   180.00  0.00004  0.20748  -0.00004
EOT
