AeroDyn airfoil file.  Compatible with AeroDyn v13.0.
Interpolated thickness: 0.76

  1        Number of airfoil tables in this file
  9990     Reynolds number in millions.  For efficiency, make very large if only one table.
  0        Control setting
  10.6901  Stall angle (deg)
  -3.11826 Zero lift angle of attack (deg)
  2.32813  Cn slope for zero lift (dimensionless)
  0.561084 Cn at stall value for positive angle of attack
  -0.8     Cn at stall value for negative angle of attack
  -2.12    Angle of attack for minimum CD (deg)
  0.242789 Minimum CD value
  -180.00  0.00007  0.27449  -0.00007
  -170.00  0.12449  0.28747  0.12625
  -160.00  0.24923  0.32471  -0.04529
  -150.00  0.22396  0.38161  -0.01996
  -140.00  0.20786  0.45105  -0.00231
  -130.00  0.18607  0.52441  0.01477
  -120.00  0.15259  0.59237  0.03173
  -110.00  0.10807  0.64631  0.04746
  -100.00  0.05533  0.67924  0.06034
   -90.00  0.00007  0.68663  0.06881
   -80.00  -0.05519  0.67924  0.07506
   -70.00  -0.10793  0.64631  0.07619
   -60.00  -0.15246  0.59237  0.07326
   -50.00  -0.18593  0.52441  0.06814
   -40.00  -0.20772  0.45105  0.06397
   -30.00  -0.22383  0.38161  0.06647
   -20.00  -0.24846  0.32464  0.09072
   -10.00  -0.10162  0.27295  0.04007
    -4.17  -0.02267  0.24285  -0.04257
    -3.17  0.01333  0.24282  -0.04321
    -2.12  0.05059  0.24279  -0.04371
    -1.08  0.08817  0.24279  -0.04428
    -0.05  0.12544  0.24282  -0.04459
    -0.02  0.12552  0.24282  -0.04460
     1.15  0.16954  0.24289  -0.04500
     2.31  0.21100  0.24295  -0.04535
     3.46  0.25260  0.24305  -0.04558
     4.61  0.29288  0.24314  -0.04553
     5.76  0.33189  0.24326  -0.04524
     6.92  0.36886  0.24346  -0.04457
     8.07  0.39923  0.24367  -0.04270
    10.69  0.41303  0.24767  -0.03320
    13.31  0.36150  0.27562  -0.03067
    15.93  0.34908  0.29293  -0.03336
    18.55  0.35705  0.31016  -0.03753
    21.17  0.35507  0.33180  -0.04434
    23.79  0.34447  0.34671  -0.05298
    26.41  0.33386  0.36162  -0.06162
    29.03  0.32326  0.37653  -0.07026
    31.66  0.31573  0.39356  -0.07662
    34.28  0.30980  0.41170  -0.08180
    36.90  0.30386  0.42983  -0.08698
    39.52  0.29792  0.44796  -0.09215
    42.14  0.29014  0.46694  -0.09659
    44.76  0.28197  0.48610  -0.10088
    47.38  0.27381  0.50525  -0.10517
    50.00  0.26565  0.52441  -0.10946
    60.00  0.21796  0.59237  -0.12408
    70.00  0.15417  0.64631  -0.13681
    80.00  0.07902  0.67924  -0.14726
    90.00  0.00007  0.68663  -0.15477
   100.00  -0.05519  0.67924  -0.16099
   110.00  -0.10793  0.64631  -0.16216
   120.00  -0.15246  0.59237  -0.15919
   130.00  -0.18593  0.52441  -0.15411
   140.00  -0.20772  0.45105  -0.14991
   150.00  -0.22383  0.38161  -0.15241
   160.00  -0.24909  0.32471  -0.17691
   170.00  -0.12435  0.28747  -0.15796
   180.00  0.00007  0.27449  -0.00007
EOT
