AeroDyn airfoil file.  Compatible with AeroDyn v13.0.
Interpolated thickness: 0.745

  1        Number of airfoil tables in this file
  9990     Reynolds number in millions.  For efficiency, make very large if only one table.
  0        Control setting
  10.6942  Stall angle (deg)
  -3.14872 Zero lift angle of attack (deg)
  2.45005  Cn slope for zero lift (dimensionless)
  0.591943 Cn at stall value for positive angle of attack
  -0.8     Cn at stall value for negative angle of attack
  -2.12    Angle of attack for minimum CD (deg)
  0.236089 Minimum CD value
  -180.00  0.00007  0.26978  -0.00007
  -170.00  0.13226  0.28357  0.13414
  -160.00  0.26480  0.32312  -0.04811
  -150.00  0.23795  0.38359  -0.02120
  -140.00  0.22084  0.45737  -0.00245
  -130.00  0.19769  0.53531  0.01570
  -120.00  0.16213  0.60752  0.03372
  -110.00  0.11482  0.66482  0.05043
  -100.00  0.05878  0.69982  0.06412
   -90.00  0.00007  0.70767  0.07311
   -80.00  -0.05865  0.69982  0.07976
   -70.00  -0.11468  0.66482  0.08096
   -60.00  -0.16199  0.60752  0.07784
   -50.00  -0.19756  0.53531  0.07241
   -40.00  -0.22071  0.45737  0.06798
   -30.00  -0.23782  0.38359  0.07063
   -20.00  -0.26399  0.32306  0.09640
   -10.00  -0.10797  0.26813  0.04258
    -4.17  -0.02409  0.23616  -0.04523
    -3.17  0.01416  0.23612  -0.04590
    -2.12  0.05375  0.23609  -0.04644
    -1.08  0.09368  0.23609  -0.04704
    -0.05  0.13327  0.23612  -0.04738
    -0.02  0.13336  0.23612  -0.04738
     1.15  0.18013  0.23620  -0.04781
     2.31  0.22419  0.23625  -0.04818
     3.46  0.26838  0.23637  -0.04843
     4.61  0.31118  0.23646  -0.04836
     5.77  0.35262  0.23659  -0.04806
     6.92  0.39191  0.23680  -0.04734
     8.07  0.42417  0.23703  -0.04536
    10.69  0.43883  0.24128  -0.03527
    13.31  0.38409  0.27098  -0.03258
    15.93  0.37089  0.28936  -0.03543
    18.56  0.37936  0.30767  -0.03987
    21.18  0.37725  0.33066  -0.04710
    23.80  0.36599  0.34650  -0.05628
    26.42  0.35472  0.36234  -0.06546
    29.04  0.34346  0.37819  -0.07464
    31.66  0.33546  0.39629  -0.08140
    34.28  0.32915  0.41555  -0.08690
    36.90  0.32284  0.43482  -0.09241
    39.52  0.31654  0.45409  -0.09791
    42.14  0.30827  0.47425  -0.10262
    44.76  0.29959  0.49461  -0.10718
    47.38  0.29092  0.51496  -0.11174
    50.00  0.28224  0.53531  -0.11629
    60.00  0.23158  0.60752  -0.13183
    70.00  0.16380  0.66482  -0.14535
    80.00  0.08395  0.69982  -0.15646
    90.00  0.00007  0.70767  -0.16444
   100.00  -0.05865  0.69982  -0.17105
   110.00  -0.11468  0.66482  -0.17229
   120.00  -0.16199  0.60752  -0.16914
   130.00  -0.19756  0.53531  -0.16374
   140.00  -0.22071  0.45737  -0.15927
   150.00  -0.23782  0.38359  -0.16192
   160.00  -0.26466  0.32312  -0.18796
   170.00  -0.13213  0.28357  -0.16783
   180.00  0.00007  0.26978  -0.00007
EOT
