AeroDyn airfoil file.  Compatible with AeroDyn v13.0.
Interpolated thickness: 0.411

  1        Number of airfoil tables in this file
  9990     Reynolds number in millions.  For efficiency, make very large if only one table.
  0        Control setting
  10.7848  Stall angle (deg)
  -3.49745 Zero lift angle of attack (deg)
  5.11345  Cn slope for zero lift (dimensionless)
  1.27465  Cn at stall value for positive angle of attack
  -0.8     Cn at stall value for negative angle of attack
  -2.12    Angle of attack for minimum CD (deg)
  0.0868875 Minimum CD value
  -180.00  0.00002  0.16470  -0.00002
  -170.00  0.30537  0.19655  0.30998
  -160.00  0.61150  0.28792  -0.11100
  -150.00  0.54950  0.42758  -0.04885
  -140.00  0.50997  0.59800  -0.00552
  -130.00  0.45650  0.77803  0.03640
  -120.00  0.37435  0.94481  0.07802
  -110.00  0.26507  1.07718  0.11661
  -100.00  0.13565  1.15802  0.14823
   -90.00  0.00002  1.17615  0.16900
   -80.00  -0.13560  1.15802  0.18435
   -70.00  -0.26503  1.07718  0.18714
   -60.00  -0.37430  0.94481  0.17993
   -50.00  -0.45645  0.77803  0.16738
   -40.00  -0.50993  0.59800  0.15715
   -30.00  -0.54945  0.42758  0.16327
   -20.00  -0.60990  0.28777  0.22279
   -10.00  -0.24953  0.16090  0.09848
    -4.17  -0.05578  0.08704  -0.10434
    -3.17  0.03257  0.08697  -0.10589
    -2.12  0.12402  0.08689  -0.10713
    -1.08  0.21625  0.08689  -0.10852
    -0.05  0.30770  0.08697  -0.10930
    -0.04  0.30791  0.08697  -0.10930
     1.17  0.41594  0.08713  -0.11029
     2.33  0.51769  0.08727  -0.11115
     3.50  0.61977  0.08753  -0.11173
     4.67  0.71864  0.08775  -0.11158
     5.84  0.81436  0.08804  -0.11089
     7.00  0.90511  0.08853  -0.10923
     8.17  0.97962  0.08906  -0.10465
    10.78  1.01349  0.09888  -0.08133
    13.40  0.88704  0.16747  -0.07512
    16.01  0.85656  0.20994  -0.08172
    18.63  0.87611  0.25223  -0.09197
    21.24  0.87125  0.30533  -0.10866
    23.86  0.84523  0.34192  -0.12987
    26.47  0.81921  0.37851  -0.15108
    29.09  0.79319  0.41511  -0.17228
    31.70  0.77472  0.45691  -0.18789
    34.31  0.76015  0.50141  -0.20060
    36.93  0.74558  0.54591  -0.21331
    39.54  0.73101  0.59042  -0.22602
    42.16  0.71190  0.63700  -0.23691
    44.77  0.69187  0.68401  -0.24744
    47.39  0.67183  0.73102  -0.25796
    50.00  0.65180  0.77803  -0.26848
    60.00  0.53477  0.94481  -0.30436
    70.00  0.37822  1.07718  -0.33560
    80.00  0.19377  1.15802  -0.36125
    90.00  0.00002  1.17615  -0.37969
   100.00  -0.13560  1.15802  -0.39496
   110.00  -0.26503  1.07718  -0.39783
   120.00  -0.37430  0.94481  -0.39054
   130.00  -0.45645  0.77803  -0.37807
   140.00  -0.50993  0.59800  -0.36776
   150.00  -0.54945  0.42758  -0.37388
   160.00  -0.61145  0.28792  -0.43402
   170.00  -0.30533  0.19655  -0.38752
   180.00  0.00002  0.16470  -0.00002
EOT
