AeroDyn airfoil file.  Compatible with AeroDyn v13.0.
Interpolated thickness: 0.182

  1        Number of airfoil tables in this file
  9990     Reynolds number in millions.  For efficiency, make very large if only one table.
  0        Control setting
  13.8053  Stall angle (deg)
  -5.20333 Zero lift angle of attack (deg)
  6.15601  Cn slope for zero lift (dimensionless)
  2.04233  Cn at stall value for positive angle of attack
  -0.8     Cn at stall value for negative angle of attack
  -4.09    Angle of attack for minimum CD (deg)
  0.00730149 Minimum CD value
  -180.00  0.00000  0.17727  0.00000
  -170.00  0.39980  0.21729  0.40000
  -160.00  0.80060  0.33221  -0.13856
  -150.00  0.71066  0.50752  -0.06209
  -140.00  0.65966  0.72079  -0.00693
  -130.00  0.58983  0.94489  0.04642
  -120.00  0.48383  1.15064  0.09855
  -110.00  0.34200  1.31100  0.14553
  -100.00  0.17500  1.40412  0.18260
   -90.00  0.00000  1.41600  0.20484
   -80.00  -0.17500  1.40412  0.22572
   -70.00  -0.34200  1.31100  0.23056
   -60.00  -0.48383  1.15064  0.22226
   -50.00  -0.58983  0.94489  0.20655
   -40.00  -0.65966  0.72079  0.19286
   -30.00  -0.71066  0.50752  0.19852
   -20.00  -0.79943  0.33193  0.27267
   -10.00  -0.27394  0.10492  0.06463
    -6.04  -0.08658  0.01511  -0.12949
    -5.04  0.02352  0.00991  -0.14589
    -4.09  0.11931  0.00730  -0.15460
    -3.02  0.23546  0.00737  -0.15594
    -2.02  0.34259  0.00743  -0.15671
    -1.03  0.44901  0.00752  -0.15733
    -0.01  0.55779  0.00770  -0.15832
     0.79  0.64564  0.00791  -0.15813
     1.59  0.73107  0.00818  -0.15846
     2.38  0.81534  0.00852  -0.15921
     3.17  0.89806  0.00885  -0.15857
     3.96  0.97934  0.00921  -0.15777
     4.76  1.05603  0.00957  -0.15629
     7.02  1.21408  0.01411  -0.14421
     9.28  1.32218  0.02708  -0.13167
    11.54  1.43175  0.04306  -0.12309
    13.81  1.46667  0.07638  -0.11550
    16.07  1.30658  0.20218  -0.12933
    18.33  1.22854  0.27517  -0.13879
    20.59  1.13941  0.34263  -0.17022
    22.85  1.10959  0.38232  -0.19249
    25.12  1.07978  0.42201  -0.21477
    27.38  1.04997  0.46169  -0.23705
    29.64  1.02132  0.50218  -0.25846
    31.90  1.00148  0.54829  -0.27426
    34.16  0.98500  0.59651  -0.28795
    36.43  0.96853  0.64473  -0.30164
    38.69  0.95205  0.69295  -0.31534
    40.95  0.93293  0.74223  -0.32805
    43.21  0.91016  0.79289  -0.33943
    45.48  0.88738  0.84356  -0.35081
    47.74  0.86460  0.89422  -0.36219
    50.00  0.84183  0.94489  -0.37358
    60.00  0.69083  1.15064  -0.41756
    70.00  0.48883  1.31100  -0.45479
    80.00  0.25000  1.40412  -0.48391
    90.00  0.00000  1.41600  -0.50316
   100.00  -0.17500  1.40412  -0.52402
   110.00  -0.34200  1.31100  -0.52888
   120.00  -0.48383  1.15064  -0.52055
   130.00  -0.58983  0.94489  -0.50487
   140.00  -0.65966  0.72079  -0.49115
   150.00  -0.71066  0.50752  -0.49682
   160.00  -0.80060  0.33221  -0.57135
   170.00  -0.39980  0.21729  -0.50000
   180.00  0.00000  0.17727  0.00000
EOT
