AeroDyn airfoil file.  Compatible with AeroDyn v13.0.
Interpolated thickness: 0.356

  1        Number of airfoil tables in this file
  9990     Reynolds number in millions.  For efficiency, make very large if only one table.
  0        Control setting
  10.7998  Stall angle (deg)
  -3.53004 Zero lift angle of attack (deg)
  5.54281  Cn slope for zero lift (dimensionless)
  1.38627  Cn at stall value for positive angle of attack
  -0.8     Cn at stall value for negative angle of attack
  -2.12    Angle of attack for minimum CD (deg)
  0.0623184 Minimum CD value
  -180.00  0.00002  0.14739  -0.00002
  -170.00  0.33388  0.18222  0.33893
  -160.00  0.66859  0.28213  -0.12136
  -150.00  0.60080  0.43482  -0.05340
  -140.00  0.55758  0.62116  -0.00603
  -130.00  0.49912  0.81800  0.03981
  -120.00  0.40929  1.00036  0.08531
  -110.00  0.28982  1.14509  0.12751
  -100.00  0.14830  1.23347  0.16209
   -90.00  0.00002  1.25329  0.18480
   -80.00  -0.14827  1.23347  0.20157
   -70.00  -0.28978  1.14509  0.20462
   -60.00  -0.40926  1.00036  0.19674
   -50.00  -0.49908  0.81800  0.18302
   -40.00  -0.55755  0.62116  0.17183
   -30.00  -0.60077  0.43482  0.17853
   -20.00  -0.66686  0.28196  0.24360
   -10.00  -0.27284  0.14324  0.10769
    -4.17  -0.06100  0.06249  -0.11407
    -3.17  0.03560  0.06240  -0.11577
    -2.12  0.13559  0.06232  -0.11712
    -1.08  0.23643  0.06232  -0.11865
    -0.05  0.33642  0.06240  -0.11949
    -0.04  0.33665  0.06240  -0.11950
     1.17  0.45477  0.06259  -0.12058
     2.34  0.56603  0.06274  -0.12151
     3.51  0.67764  0.06303  -0.12215
     4.68  0.78574  0.06327  -0.12199
     5.85  0.89039  0.06358  -0.12123
     7.02  0.98962  0.06411  -0.11942
     8.19  1.07109  0.06469  -0.11441
    10.80  1.10812  0.07543  -0.08892
    13.41  0.96986  0.15043  -0.08213
    16.03  0.93653  0.19686  -0.08934
    18.64  0.95791  0.24311  -0.10054
    21.25  0.95260  0.30116  -0.11880
    23.87  0.92415  0.34117  -0.14199
    26.48  0.89570  0.38118  -0.16517
    29.09  0.86725  0.42119  -0.18836
    31.71  0.84705  0.46689  -0.20543
    34.32  0.83112  0.51555  -0.21932
    36.93  0.81519  0.56421  -0.23322
    39.55  0.79926  0.61287  -0.24711
    42.16  0.77837  0.66380  -0.25903
    44.77  0.75646  0.71520  -0.27053
    47.39  0.73456  0.76660  -0.28204
    50.00  0.71265  0.81800  -0.29354
    60.00  0.58470  1.00036  -0.33278
    70.00  0.41353  1.14509  -0.36693
    80.00  0.21186  1.23347  -0.39497
    90.00  0.00002  1.25329  -0.41514
   100.00  -0.14827  1.23347  -0.43183
   110.00  -0.28978  1.14509  -0.43497
   120.00  -0.40926  1.00036  -0.42700
   130.00  -0.49908  0.81800  -0.41336
   140.00  -0.55755  0.62116  -0.40209
   150.00  -0.60077  0.43482  -0.40879
   160.00  -0.66856  0.28213  -0.47454
   170.00  -0.33385  0.18222  -0.42370
   180.00  0.00002  0.14739  -0.00002
EOT
