AeroDyn airfoil file.  Compatible with AeroDyn v13.0.
Interpolated thickness: 0.36

  1        Number of airfoil tables in this file
  9990     Reynolds number in millions.  For efficiency, make very large if only one table.
  0        Control setting
  10.7987  Stall angle (deg)
  -3.52777 Zero lift angle of attack (deg)
  5.51167  Cn slope for zero lift (dimensionless)
  1.37816  Cn at stall value for positive angle of attack
  -0.8     Cn at stall value for negative angle of attack
  -2.12    Angle of attack for minimum CD (deg)
  0.0641053 Minimum CD value
  -180.00  0.00002  0.14865  -0.00002
  -170.00  0.33181  0.18326  0.33683
  -160.00  0.66444  0.28255  -0.12061
  -150.00  0.59707  0.43429  -0.05307
  -140.00  0.55412  0.61947  -0.00599
  -130.00  0.49602  0.81509  0.03956
  -120.00  0.40675  0.99632  0.08478
  -110.00  0.28802  1.14015  0.12672
  -100.00  0.14738  1.22798  0.16108
   -90.00  0.00002  1.24768  0.18365
   -80.00  -0.14735  1.22798  0.20032
   -70.00  -0.28798  1.14015  0.20335
   -60.00  -0.40672  0.99632  0.19552
   -50.00  -0.49598  0.81509  0.18188
   -40.00  -0.55409  0.61947  0.17076
   -30.00  -0.59704  0.43429  0.17742
   -20.00  -0.66272  0.28238  0.24209
   -10.00  -0.27114  0.14453  0.10702
    -4.17  -0.06062  0.06427  -0.11336
    -3.17  0.03538  0.06419  -0.11505
    -2.12  0.13475  0.06411  -0.11639
    -1.08  0.23496  0.06411  -0.11791
    -0.05  0.33433  0.06419  -0.11875
    -0.04  0.33456  0.06419  -0.11875
     1.17  0.45195  0.06437  -0.11984
     2.34  0.56251  0.06452  -0.12076
     3.51  0.67343  0.06481  -0.12139
     4.68  0.78086  0.06505  -0.12123
     5.85  0.88486  0.06536  -0.12048
     7.02  0.98347  0.06589  -0.11868
     8.19  1.06444  0.06646  -0.11370
    10.80  1.10123  0.07713  -0.08837
    13.41  0.96384  0.15167  -0.08162
    16.03  0.93072  0.19781  -0.08878
    18.64  0.95196  0.24377  -0.09992
    21.25  0.94668  0.30146  -0.11806
    23.87  0.91841  0.34122  -0.14111
    26.48  0.89013  0.38098  -0.16415
    29.09  0.86186  0.42074  -0.18719
    31.71  0.84179  0.46617  -0.20415
    34.32  0.82596  0.51452  -0.21796
    36.93  0.81013  0.56288  -0.23177
    39.55  0.79429  0.61123  -0.24558
    42.16  0.77354  0.66185  -0.25742
    44.77  0.75177  0.71293  -0.26885
    47.39  0.73000  0.76401  -0.28029
    50.00  0.70823  0.81509  -0.29172
    60.00  0.58107  0.99632  -0.33071
    70.00  0.41096  1.14015  -0.36465
    80.00  0.21054  1.22798  -0.39252
    90.00  0.00002  1.24768  -0.41256
   100.00  -0.14735  1.22798  -0.42915
   110.00  -0.28798  1.14015  -0.43227
   120.00  -0.40672  0.99632  -0.42435
   130.00  -0.49598  0.81509  -0.41079
   140.00  -0.55409  0.61947  -0.39959
   150.00  -0.59704  0.43429  -0.40625
   160.00  -0.66441  0.28255  -0.47159
   170.00  -0.33177  0.18326  -0.42107
   180.00  0.00002  0.14865  -0.00002
EOT
