AeroDyn airfoil file.  Compatible with AeroDyn v13.0.
Interpolated thickness: 0.385

  1        Number of airfoil tables in this file
  9990     Reynolds number in millions.  For efficiency, make very large if only one table.
  0        Control setting
  10.7919  Stall angle (deg)
  -3.51325 Zero lift angle of attack (deg)
  5.31674  Cn slope for zero lift (dimensionless)
  1.32744  Cn at stall value for positive angle of attack
  -0.8     Cn at stall value for negative angle of attack
  -2.12    Angle of attack for minimum CD (deg)
  0.075273 Minimum CD value
  -180.00  0.00002  0.15652  -0.00002
  -170.00  0.31885  0.18978  0.32367
  -160.00  0.63849  0.28518  -0.11590
  -150.00  0.57375  0.43100  -0.05100
  -140.00  0.53248  0.60895  -0.00576
  -130.00  0.47664  0.79693  0.03801
  -120.00  0.39087  0.97107  0.08147
  -110.00  0.27677  1.10928  0.12177
  -100.00  0.14163  1.19368  0.15478
   -90.00  0.00002  1.21262  0.17647
   -80.00  -0.14159  1.19368  0.19249
   -70.00  -0.27673  1.10928  0.19541
   -60.00  -0.39083  0.97107  0.18788
   -50.00  -0.47661  0.79693  0.17477
   -40.00  -0.53244  0.60895  0.16409
   -30.00  -0.57371  0.43100  0.17048
   -20.00  -0.63683  0.28502  0.23263
   -10.00  -0.26055  0.15255  0.10283
    -4.17  -0.05824  0.07543  -0.10894
    -3.17  0.03401  0.07535  -0.11056
    -2.12  0.12949  0.07527  -0.11185
    -1.08  0.22579  0.07527  -0.11331
    -0.05  0.32128  0.07535  -0.11412
    -0.04  0.32150  0.07535  -0.11412
     1.17  0.43430  0.07553  -0.11516
     2.34  0.54054  0.07567  -0.11605
     3.50  0.64713  0.07595  -0.11665
     4.67  0.75036  0.07618  -0.11650
     5.84  0.85030  0.07648  -0.11578
     7.01  0.94506  0.07699  -0.11404
     8.18  1.02286  0.07754  -0.10926
    10.79  1.05822  0.08779  -0.08492
    13.41  0.92619  0.15941  -0.07843
    16.02  0.89437  0.20375  -0.08532
    18.63  0.91478  0.24792  -0.09602
    21.25  0.90970  0.30336  -0.11345
    23.86  0.88254  0.34156  -0.13560
    26.48  0.85537  0.37977  -0.15774
    29.09  0.82820  0.41798  -0.17988
    31.70  0.80891  0.46163  -0.19618
    34.32  0.79370  0.50810  -0.20945
    36.93  0.77848  0.55456  -0.22272
    39.54  0.76327  0.60103  -0.23599
    42.16  0.74332  0.64967  -0.24737
    44.77  0.72240  0.69875  -0.25835
    47.39  0.70148  0.74784  -0.26934
    50.00  0.68057  0.79693  -0.28033
    60.00  0.55837  0.97107  -0.31780
    70.00  0.39491  1.10928  -0.35041
    80.00  0.20232  1.19368  -0.37719
    90.00  0.00002  1.21262  -0.39645
   100.00  -0.14159  1.19368  -0.41239
   110.00  -0.27673  1.10928  -0.41539
   120.00  -0.39083  0.97107  -0.40778
   130.00  -0.47661  0.79693  -0.39475
   140.00  -0.53244  0.60895  -0.38399
   150.00  -0.57371  0.43100  -0.39038
   160.00  -0.63845  0.28518  -0.45318
   170.00  -0.31881  0.18978  -0.40462
   180.00  0.00002  0.15652  -0.00002
EOT
