AeroDyn airfoil file.  Compatible with AeroDyn v13.0.
Interpolated thickness: 0.192

  1        Number of airfoil tables in this file
  9990     Reynolds number in millions.  For efficiency, make very large if only one table.
  0        Control setting
  14.283   Stall angle (deg)
  -4.89212 Zero lift angle of attack (deg)
  6.23858  Cn slope for zero lift (dimensionless)
  2.08786  Cn at stall value for positive angle of attack
  -0.8     Cn at stall value for negative angle of attack
  -4.09    Angle of attack for minimum CD (deg)
  0.00788606 Minimum CD value
  -180.00  0.00000  0.16583  0.00000
  -170.00  0.39880  0.20603  0.40000
  -160.00  0.79860  0.32147  -0.13936
  -150.00  0.71037  0.49762  -0.06225
  -140.00  0.65937  0.71203  -0.00696
  -130.00  0.58969  0.93755  0.04652
  -120.00  0.48369  1.14493  0.09892
  -110.00  0.34200  1.30709  0.14639
  -100.00  0.17500  1.40213  0.18410
   -90.00  0.00000  1.41600  0.20713
   -80.00  -0.17500  1.40213  0.22782
   -70.00  -0.34200  1.30709  0.23245
   -60.00  -0.48369  1.14493  0.22397
   -50.00  -0.58969  0.93755  0.20818
   -40.00  -0.65937  0.71203  0.19457
   -30.00  -0.71037  0.49762  0.20062
   -20.00  -0.79729  0.32120  0.27523
   -10.00  -0.28223  0.10511  0.07540
    -6.04  -0.09789  0.01962  -0.11590
    -5.04  0.00062  0.01250  -0.13721
    -4.09  0.08789  0.00789  -0.15118
    -3.02  0.20501  0.00792  -0.15265
    -2.02  0.31308  0.00796  -0.15355
    -1.03  0.42069  0.00803  -0.15435
    -0.01  0.53011  0.00820  -0.15533
     0.89  0.63061  0.00841  -0.15543
     1.78  0.72778  0.00868  -0.15592
     2.68  0.82392  0.00904  -0.15663
     3.57  0.91732  0.00936  -0.15595
     4.46  1.00853  0.00978  -0.15494
     5.35  1.09189  0.01021  -0.15262
     7.59  1.22996  0.01545  -0.13836
     9.82  1.29624  0.03545  -0.12528
    12.05  1.37889  0.05918  -0.11903
    14.28  1.40334  0.09547  -0.11403
    16.52  1.27621  0.20591  -0.12748
    18.75  1.21170  0.27651  -0.13808
    20.98  1.13331  0.33885  -0.16787
    23.21  1.10400  0.37821  -0.19008
    25.44  1.07470  0.41756  -0.21229
    27.68  1.04539  0.45692  -0.23450
    29.91  1.01822  0.49775  -0.25513
    32.14  0.99921  0.54382  -0.27046
    34.37  0.98298  0.59165  -0.28406
    36.61  0.96675  0.63948  -0.29765
    38.84  0.95052  0.68731  -0.31124
    41.07  0.93135  0.73636  -0.32372
    43.30  0.90893  0.78666  -0.33501
    45.54  0.88652  0.83695  -0.34631
    47.77  0.86410  0.88725  -0.35760
    50.00  0.84169  0.93755  -0.36889
    60.00  0.69069  1.14493  -0.41327
    70.00  0.48869  1.30709  -0.45103
    80.00  0.25000  1.40213  -0.48084
    90.00  0.00000  1.41600  -0.50087
   100.00  -0.17500  1.40213  -0.52153
   110.00  -0.34200  1.30709  -0.52619
   120.00  -0.48369  1.14493  -0.51768
   130.00  -0.58969  0.93755  -0.50193
   140.00  -0.65937  0.71203  -0.48828
   150.00  -0.71037  0.49762  -0.49433
   160.00  -0.79860  0.32147  -0.56939
   170.00  -0.39880  0.20603  -0.50000
   180.00  0.00000  0.16583  0.00000
EOT
