AeroDyn airfoil file.  Compatible with AeroDyn v13.0.
Interpolated thickness: 0.832

  1        Number of airfoil tables in this file
  9990     Reynolds number in millions.  For efficiency, make very large if only one table.
  0        Control setting
  10.6706  Stall angle (deg)
  -2.9971  Zero lift angle of attack (deg)
  1.71612  Cn slope for zero lift (dimensionless)
  0.409373 Cn at stall value for positive angle of attack
  -0.8     Cn at stall value for negative angle of attack
  -2.12    Angle of attack for minimum CD (deg)
  0.274953 Minimum CD value
  -180.00  0.00008  0.29715  -0.00008
  -170.00  0.08717  0.30623  0.08834
  -160.00  0.17449  0.33229  -0.03173
  -150.00  0.15680  0.37213  -0.01400
  -140.00  0.14553  0.42074  -0.00165
  -130.00  0.13028  0.47209  0.01031
  -120.00  0.10685  0.51966  0.02218
  -110.00  0.07568  0.55741  0.03319
  -100.00  0.03876  0.58047  0.04221
   -90.00  0.00008  0.58564  0.04813
   -80.00  -0.03861  0.58047  0.05251
   -70.00  -0.07552  0.55741  0.05331
   -60.00  -0.10669  0.51966  0.05125
   -50.00  -0.13012  0.47209  0.04767
   -40.00  -0.14537  0.42074  0.04475
   -30.00  -0.15665  0.37213  0.04650
   -20.00  -0.17389  0.33225  0.06347
   -10.00  -0.07110  0.29606  0.02802
    -4.17  -0.01584  0.27500  -0.02983
    -3.17  0.00936  0.27497  -0.03027
    -2.12  0.03545  0.27495  -0.03063
    -1.08  0.06175  0.27495  -0.03103
    -0.05  0.08784  0.27497  -0.03125
    -0.01  0.08790  0.27497  -0.03125
     1.15  0.11871  0.27502  -0.03153
     2.30  0.14773  0.27506  -0.03177
     3.45  0.17685  0.27514  -0.03194
     4.60  0.20505  0.27520  -0.03190
     5.75  0.23235  0.27528  -0.03170
     6.90  0.25823  0.27542  -0.03123
     8.05  0.27949  0.27557  -0.02992
    10.67  0.28915  0.27837  -0.02327
    13.29  0.25308  0.29794  -0.02150
    15.91  0.24439  0.31005  -0.02338
    18.54  0.24996  0.32211  -0.02630
    21.16  0.24858  0.33726  -0.03106
    23.78  0.24116  0.34770  -0.03711
    26.40  0.23373  0.35813  -0.04316
    29.02  0.22631  0.36857  -0.04921
    31.65  0.22104  0.38049  -0.05366
    34.27  0.21689  0.39319  -0.05729
    36.89  0.21273  0.40588  -0.06091
    39.51  0.20858  0.41857  -0.06454
    42.13  0.20313  0.43186  -0.06765
    44.76  0.19741  0.44527  -0.07065
    47.38  0.19170  0.45868  -0.07365
    50.00  0.18598  0.47209  -0.07665
    60.00  0.15260  0.51966  -0.08689
    70.00  0.10795  0.55741  -0.09579
    80.00  0.05534  0.58047  -0.10311
    90.00  0.00008  0.58564  -0.10837
   100.00  -0.03861  0.58047  -0.11273
   110.00  -0.07552  0.55741  -0.11354
   120.00  -0.10669  0.51966  -0.11147
   130.00  -0.13012  0.47209  -0.10791
   140.00  -0.14537  0.42074  -0.10497
   150.00  -0.15665  0.37213  -0.10671
   160.00  -0.17433  0.33229  -0.12387
   170.00  -0.08702  0.30623  -0.11060
   180.00  0.00008  0.29715  -0.00008
EOT
