AeroDyn airfoil file.  Compatible with AeroDyn v13.0.
Interpolated thickness: 0.497

  1        Number of airfoil tables in this file
  9990     Reynolds number in millions.  For efficiency, make very large if only one table.
  0        Control setting
  10.7615  Stall angle (deg)
  -3.43883 Zero lift angle of attack (deg)
  4.43692  Cn slope for zero lift (dimensionless)
  1.09966  Cn at stall value for positive angle of attack
  -0.8     Cn at stall value for negative angle of attack
  -2.12    Angle of attack for minimum CD (deg)
  0.125305 Minimum CD value
  -180.00  0.00003  0.19175  -0.00003
  -170.00  0.26080  0.21896  0.26470
  -160.00  0.52223  0.29699  -0.09481
  -150.00  0.46928  0.41625  -0.04173
  -140.00  0.43553  0.56179  -0.00473
  -130.00  0.38986  0.71554  0.03107
  -120.00  0.31970  0.85796  0.06661
  -110.00  0.22638  0.97101  0.09957
  -100.00  0.11586  1.04004  0.12658
   -90.00  0.00003  1.05552  0.14431
   -80.00  -0.11579  1.04004  0.15742
   -70.00  -0.22632  0.97101  0.15980
   -60.00  -0.31964  0.85796  0.15365
   -50.00  -0.38979  0.71554  0.14292
   -40.00  -0.43546  0.56179  0.13419
   -30.00  -0.46921  0.41625  0.13942
   -20.00  -0.52084  0.29685  0.19025
   -10.00  -0.21308  0.18851  0.08409
    -4.17  -0.04762  0.12544  -0.08912
    -3.17  0.02783  0.12537  -0.09044
    -2.12  0.10593  0.12530  -0.09150
    -1.08  0.18469  0.12530  -0.09269
    -0.05  0.26279  0.12537  -0.09335
    -0.03  0.26297  0.12537  -0.09336
     1.16  0.35522  0.12552  -0.09421
     2.33  0.44212  0.12563  -0.09493
     3.49  0.52929  0.12586  -0.09543
     4.65  0.61373  0.12604  -0.09530
     5.82  0.69547  0.12629  -0.09471
     6.98  0.77297  0.12671  -0.09329
     8.15  0.83660  0.12716  -0.08938
    10.76  0.86552  0.13554  -0.06947
    13.38  0.75754  0.19412  -0.06417
    15.99  0.73151  0.23039  -0.06980
    18.61  0.74820  0.26651  -0.07855
    21.23  0.74405  0.31185  -0.09281
    23.84  0.72183  0.34310  -0.11092
    26.46  0.69961  0.37435  -0.12903
    29.07  0.67739  0.40560  -0.14714
    31.69  0.66162  0.44130  -0.16047
    34.30  0.64917  0.47931  -0.17132
    36.92  0.63673  0.51731  -0.18218
    39.54  0.62429  0.55531  -0.19303
    42.15  0.60797  0.59509  -0.20234
    44.77  0.59086  0.63524  -0.21132
    47.38  0.57375  0.67539  -0.22031
    50.00  0.55664  0.71554  -0.22930
    60.00  0.45670  0.85796  -0.25994
    70.00  0.32301  0.97101  -0.28661
    80.00  0.16549  1.04004  -0.30852
    90.00  0.00003  1.05552  -0.32427
   100.00  -0.11579  1.04004  -0.33731
   110.00  -0.22632  0.97101  -0.33976
   120.00  -0.31964  0.85796  -0.33354
   130.00  -0.38979  0.71554  -0.32288
   140.00  -0.43546  0.56179  -0.31408
   150.00  -0.46921  0.41625  -0.31931
   160.00  -0.52216  0.29699  -0.37067
   170.00  -0.26073  0.21896  -0.33095
   180.00  0.00003  0.19175  -0.00003
EOT
