AeroDyn airfoil file.  Compatible with AeroDyn v13.0.
Interpolated thickness: 0.975

  1        Number of airfoil tables in this file
  9990     Reynolds number in millions.  For efficiency, make very large if only one table.
  0        Control setting
  10.6318  Stall angle (deg)
  -1.39054 Zero lift angle of attack (deg)
  0.554151 Cn slope for zero lift (dimensionless)
  0.116277 Cn at stall value for positive angle of attack
  -0.8     Cn at stall value for negative angle of attack
  -2.12    Angle of attack for minimum CD (deg)
  0.338832 Minimum CD value
  -180.00  0.00010  0.34213  -0.00010
  -170.00  0.01306  0.34349  0.01306
  -160.00  0.02605  0.34737  -0.00481
  -150.00  0.02342  0.35329  -0.00217
  -140.00  0.02174  0.36053  -0.00033
  -130.00  0.01947  0.36817  0.00145
  -120.00  0.01598  0.37525  0.00322
  -110.00  0.01135  0.38087  0.00485
  -100.00  0.00585  0.38430  0.00620
   -90.00  0.00010  0.38507  0.00708
   -80.00  -0.00566  0.38430  0.00773
   -70.00  -0.01115  0.38087  0.00785
   -60.00  -0.01579  0.37525  0.00754
   -50.00  -0.01928  0.36817  0.00701
   -40.00  -0.02155  0.36053  0.00657
   -30.00  -0.02323  0.35329  0.00683
   -20.00  -0.02579  0.34736  0.00936
   -10.00  -0.01050  0.34197  0.00408
    -4.17  -0.00227  0.33884  -0.00452
    -3.17  0.00148  0.33884  -0.00459
    -2.12  0.00536  0.33883  -0.00464
    -1.08  0.00927  0.33883  -0.00470
    -0.05  0.01316  0.33884  -0.00473
    -0.00  0.01316  0.33884  -0.00473
     1.14  0.01775  0.33884  -0.00478
     2.29  0.02207  0.33885  -0.00481
     3.43  0.02640  0.33886  -0.00484
     4.58  0.03060  0.33887  -0.00483
     5.72  0.03466  0.33888  -0.00480
     6.86  0.03851  0.33890  -0.00473
     8.01  0.04168  0.33892  -0.00454
    10.63  0.04311  0.33934  -0.00355
    13.26  0.03775  0.34225  -0.00328
    15.88  0.03645  0.34406  -0.00356
    18.51  0.03728  0.34585  -0.00400
    21.13  0.03708  0.34810  -0.00471
    23.75  0.03597  0.34966  -0.00561
    26.38  0.03487  0.35121  -0.00651
    29.00  0.03376  0.35276  -0.00741
    31.63  0.03298  0.35454  -0.00807
    34.25  0.03236  0.35643  -0.00861
    36.88  0.03174  0.35832  -0.00915
    39.50  0.03112  0.36020  -0.00969
    42.13  0.03031  0.36218  -0.01015
    44.75  0.02946  0.36418  -0.01060
    47.38  0.02861  0.36617  -0.01104
    50.00  0.02776  0.36817  -0.01149
    60.00  0.02279  0.37525  -0.01301
    70.00  0.01615  0.38087  -0.01434
    80.00  0.00832  0.38430  -0.01543
    90.00  0.00010  0.38507  -0.01621
   100.00  -0.00566  0.38430  -0.01686
   110.00  -0.01115  0.38087  -0.01698
   120.00  -0.01579  0.37525  -0.01667
   130.00  -0.01928  0.36817  -0.01614
   140.00  -0.02155  0.36053  -0.01571
   150.00  -0.02323  0.35329  -0.01597
   160.00  -0.02586  0.34737  -0.01852
   170.00  -0.01286  0.34349  -0.01654
   180.00  0.00010  0.34213  -0.00010
EOT
