AeroDyn airfoil file.  Compatible with AeroDyn v13.0.
Interpolated thickness: 0.859

  1        Number of airfoil tables in this file
  9990     Reynolds number in millions.  For efficiency, make very large if only one table.
  0        Control setting
  10.6633  Stall angle (deg)
  -2.8829  Zero lift angle of attack (deg)
  1.4977   Cn slope for zero lift (dimensionless)
  0.354094 Cn at stall value for positive angle of attack
  -0.8     Cn at stall value for negative angle of attack
  -2.12    Angle of attack for minimum CD (deg)
  0.287014 Minimum CD value
  -180.00  0.00008  0.30564  -0.00008
  -170.00  0.07318  0.31327  0.07413
  -160.00  0.14646  0.33514  -0.02665
  -150.00  0.13162  0.36857  -0.01177
  -140.00  0.12216  0.40937  -0.00140
  -130.00  0.10936  0.45247  0.00864
  -120.00  0.08969  0.49239  0.01860
  -110.00  0.06353  0.52408  0.02784
  -100.00  0.03255  0.54343  0.03541
   -90.00  0.00008  0.54777  0.04038
   -80.00  -0.03239  0.54343  0.04406
   -70.00  -0.06337  0.52408  0.04472
   -60.00  -0.08953  0.49239  0.04300
   -50.00  -0.10919  0.45247  0.03999
   -40.00  -0.12199  0.40937  0.03754
   -30.00  -0.13146  0.36857  0.03901
   -20.00  -0.14593  0.33510  0.05326
   -10.00  -0.05966  0.30473  0.02350
    -4.17  -0.01328  0.28705  -0.02505
    -3.17  0.00787  0.28703  -0.02542
    -2.12  0.02977  0.28701  -0.02572
    -1.08  0.05184  0.28701  -0.02606
    -0.05  0.07374  0.28703  -0.02624
    -0.01  0.07379  0.28703  -0.02624
     1.15  0.09965  0.28707  -0.02648
     2.30  0.12401  0.28711  -0.02668
     3.45  0.14844  0.28717  -0.02682
     4.59  0.17211  0.28722  -0.02679
     5.74  0.19502  0.28729  -0.02662
     6.89  0.21675  0.28741  -0.02622
     8.04  0.23459  0.28753  -0.02513
    10.66  0.24269  0.28988  -0.01955
    13.29  0.21242  0.30630  -0.01806
    15.91  0.20513  0.31647  -0.01964
    18.53  0.20981  0.32660  -0.02209
    21.15  0.20864  0.33931  -0.02609
    23.78  0.20241  0.34807  -0.03117
    26.40  0.19619  0.35683  -0.03624
    29.02  0.18996  0.36559  -0.04132
    31.64  0.18553  0.37559  -0.04505
    34.27  0.18205  0.38625  -0.04810
    36.89  0.17856  0.39690  -0.05114
    39.51  0.17507  0.40755  -0.05418
    42.13  0.17050  0.41870  -0.05679
    44.76  0.16570  0.42996  -0.05931
    47.38  0.16091  0.44121  -0.06183
    50.00  0.15611  0.45247  -0.06435
    60.00  0.12809  0.49239  -0.07294
    70.00  0.09062  0.52408  -0.08041
    80.00  0.04646  0.54343  -0.08656
    90.00  0.00008  0.54777  -0.09097
   100.00  -0.03239  0.54343  -0.09463
   110.00  -0.06337  0.52408  -0.09531
   120.00  -0.08953  0.49239  -0.09357
   130.00  -0.10919  0.45247  -0.09058
   140.00  -0.12199  0.40937  -0.08811
   150.00  -0.13146  0.36857  -0.08958
   160.00  -0.14630  0.33514  -0.10398
   170.00  -0.07302  0.31327  -0.09284
   180.00  0.00008  0.30564  -0.00008
EOT
