AeroDyn airfoil file.  Compatible with AeroDyn v13.0.
Interpolated thickness: 0.273

  1        Number of airfoil tables in this file
  9990     Reynolds number in millions.  For efficiency, make very large if only one table.
  0        Control setting
  10.8223  Stall angle (deg)
  -3.57409 Zero lift angle of attack (deg)
  6.18592  Cn slope for zero lift (dimensionless)
  1.5543   Cn at stall value for positive angle of attack
  -0.8     Cn at stall value for negative angle of attack
  -2.12    Angle of attack for minimum CD (deg)
  0.0252414 Minimum CD value
  -180.00  0.00000  0.12128  -0.00000
  -170.00  0.37690  0.16060  0.38263
  -160.00  0.75475  0.27338  -0.13699
  -150.00  0.67822  0.44575  -0.06027
  -140.00  0.62943  0.65611  -0.00680
  -130.00  0.56343  0.87832  0.04495
  -120.00  0.46203  1.08417  0.09632
  -110.00  0.32715  1.24756  0.14396
  -100.00  0.16741  1.34733  0.18299
   -90.00  0.00000  1.36971  0.20863
   -80.00  -0.16740  1.34733  0.22757
   -70.00  -0.32715  1.24756  0.23101
   -60.00  -0.46202  1.08417  0.22211
   -50.00  -0.56342  0.87832  0.20662
   -40.00  -0.62942  0.65611  0.19399
   -30.00  -0.67821  0.44575  0.20155
   -20.00  -0.75282  0.27319  0.27501
   -10.00  -0.30801  0.11659  0.12158
    -4.17  -0.06887  0.02543  -0.12876
    -3.17  0.04018  0.02534  -0.13067
    -2.12  0.15306  0.02524  -0.13220
    -1.08  0.26689  0.02524  -0.13393
    -0.05  0.37977  0.02534  -0.13488
    -0.05  0.38003  0.02534  -0.13488
     1.17  0.51337  0.02555  -0.13611
     2.35  0.63896  0.02571  -0.13716
     3.52  0.76496  0.02604  -0.13788
     4.69  0.88699  0.02631  -0.13770
     5.86  1.00513  0.02667  -0.13684
     7.04  1.11715  0.02727  -0.13479
     8.21  1.20912  0.02792  -0.12914
    10.82  1.25092  0.04004  -0.10037
    13.43  1.09484  0.12471  -0.09270
    16.05  1.05722  0.17712  -0.10084
    18.66  1.08135  0.22933  -0.11349
    21.27  1.07535  0.29486  -0.13410
    23.88  1.04324  0.34003  -0.16027
    26.49  1.01112  0.38519  -0.18645
    29.11  0.97901  0.43036  -0.21263
    31.72  0.95621  0.48196  -0.23189
    34.33  0.93822  0.53689  -0.24757
    36.94  0.92024  0.59182  -0.26326
    39.55  0.90225  0.64674  -0.27895
    42.16  0.87867  0.70424  -0.29240
    44.78  0.85394  0.76227  -0.30539
    47.39  0.82922  0.82029  -0.31837
    50.00  0.80449  0.87832  -0.33136
    60.00  0.66004  1.08417  -0.37565
    70.00  0.46681  1.24756  -0.41420
    80.00  0.23915  1.34733  -0.44587
    90.00  0.00000  1.36971  -0.46863
   100.00  -0.16740  1.34733  -0.48748
   110.00  -0.32715  1.24756  -0.49102
   120.00  -0.46202  1.08417  -0.48202
   130.00  -0.56342  0.87832  -0.46662
   140.00  -0.62942  0.65611  -0.45390
   150.00  -0.67821  0.44575  -0.46146
   160.00  -0.75474  0.27338  -0.53569
   170.00  -0.37689  0.16060  -0.47829
   180.00  0.00000  0.12128  -0.00000
EOT
