AeroDyn airfoil file.  Compatible with AeroDyn v13.0.
Interpolated thickness: 0.968

  1        Number of airfoil tables in this file
  9990     Reynolds number in millions.  For efficiency, make very large if only one table.
  0        Control setting
  10.6337  Stall angle (deg)
  -1.61062 Zero lift angle of attack (deg)
  0.611328 Cn slope for zero lift (dimensionless)
  0.130643 Cn at stall value for positive angle of attack
  -0.8     Cn at stall value for negative angle of attack
  -2.12    Angle of attack for minimum CD (deg)
  0.335705 Minimum CD value
  -180.00  0.00010  0.33993  -0.00010
  -170.00  0.01669  0.34166  0.01675
  -160.00  0.03332  0.34663  -0.00613
  -150.00  0.02995  0.35421  -0.00275
  -140.00  0.02780  0.36347  -0.00039
  -130.00  0.02490  0.37325  0.00188
  -120.00  0.02043  0.38232  0.00414
  -110.00  0.01450  0.38951  0.00624
  -100.00  0.00746  0.39390  0.00796
   -90.00  0.00010  0.39488  0.00909
   -80.00  -0.00727  0.39390  0.00992
   -70.00  -0.01430  0.38951  0.01007
   -60.00  -0.02024  0.38232  0.00968
   -50.00  -0.02470  0.37325  0.00900
   -40.00  -0.02761  0.36347  0.00844
   -30.00  -0.02976  0.35421  0.00878
   -20.00  -0.03304  0.34662  0.01201
   -10.00  -0.01346  0.33973  0.00526
    -4.17  -0.00294  0.33571  -0.00576
    -3.17  0.00186  0.33571  -0.00585
    -2.12  0.00683  0.33571  -0.00591
    -1.08  0.01184  0.33571  -0.00599
    -0.05  0.01681  0.33571  -0.00603
    -0.00  0.01682  0.33571  -0.00603
     1.14  0.02269  0.33572  -0.00609
     2.29  0.02822  0.33573  -0.00613
     3.43  0.03377  0.33574  -0.00616
     4.58  0.03914  0.33575  -0.00616
     5.72  0.04434  0.33577  -0.00612
     6.87  0.04927  0.33579  -0.00603
     8.01  0.05332  0.33582  -0.00578
    10.63  0.05516  0.33636  -0.00451
    13.26  0.04829  0.34008  -0.00418
    15.88  0.04663  0.34239  -0.00453
    18.51  0.04769  0.34469  -0.00509
    21.13  0.04743  0.34757  -0.00600
    23.76  0.04602  0.34956  -0.00715
    26.38  0.04460  0.35155  -0.00830
    29.00  0.04319  0.35354  -0.00945
    31.63  0.04218  0.35581  -0.01030
    34.25  0.04139  0.35823  -0.01099
    36.88  0.04060  0.36064  -0.01168
    39.50  0.03981  0.36306  -0.01237
    42.13  0.03877  0.36559  -0.01297
    44.75  0.03768  0.36815  -0.01354
    47.38  0.03659  0.37070  -0.01411
    50.00  0.03551  0.37325  -0.01468
    60.00  0.02915  0.38232  -0.01663
    70.00  0.02064  0.38951  -0.01833
    80.00  0.01062  0.39390  -0.01972
    90.00  0.00010  0.39488  -0.02072
   100.00  -0.00727  0.39390  -0.02155
   110.00  -0.01430  0.38951  -0.02171
   120.00  -0.02024  0.38232  -0.02131
   130.00  -0.02470  0.37325  -0.02063
   140.00  -0.02761  0.36347  -0.02007
   150.00  -0.02976  0.35421  -0.02041
   160.00  -0.03313  0.34663  -0.02367
   170.00  -0.01649  0.34166  -0.02115
   180.00  0.00010  0.33993  -0.00010
EOT
