AeroDyn airfoil file.  Compatible with AeroDyn v13.0.
Interpolated thickness: 0.711

  1        Number of airfoil tables in this file
  9990     Reynolds number in millions.  For efficiency, make very large if only one table.
  0        Control setting
  10.7034  Stall angle (deg)
  -3.20878 Zero lift angle of attack (deg)
  2.72565  Cn slope for zero lift (dimensionless)
  0.661825 Cn at stall value for positive angle of attack
  -0.8     Cn at stall value for negative angle of attack
  -2.12    Angle of attack for minimum CD (deg)
  0.220901 Minimum CD value
  -180.00  0.00006  0.25908  -0.00006
  -170.00  0.14989  0.27471  0.15204
  -160.00  0.30009  0.31954  -0.05452
  -150.00  0.26967  0.38806  -0.02402
  -140.00  0.25028  0.47168  -0.00276
  -130.00  0.22404  0.56002  0.01781
  -120.00  0.18373  0.64185  0.03823
  -110.00  0.13011  0.70680  0.05717
  -100.00  0.06661  0.74646  0.07268
   -90.00  0.00006  0.75536  0.08287
   -80.00  -0.06648  0.74646  0.09040
   -70.00  -0.12999  0.70680  0.09177
   -60.00  -0.18361  0.64185  0.08824
   -50.00  -0.22391  0.56002  0.08207
   -40.00  -0.25015  0.47168  0.07706
   -30.00  -0.26954  0.38806  0.08006
   -20.00  -0.29921  0.31946  0.10926
   -10.00  -0.12238  0.25722  0.04827
    -4.17  -0.02732  0.22098  -0.05125
    -3.17  0.01603  0.22094  -0.05201
    -2.12  0.06090  0.22090  -0.05261
    -1.08  0.10616  0.22090  -0.05330
    -0.05  0.15103  0.22094  -0.05368
    -0.02  0.15113  0.22094  -0.05368
     1.15  0.20414  0.22102  -0.05417
     2.31  0.25406  0.22109  -0.05459
     3.46  0.30415  0.22122  -0.05487
     4.62  0.35266  0.22133  -0.05480
     5.77  0.39963  0.22147  -0.05446
     6.93  0.44415  0.22171  -0.05364
     8.08  0.48071  0.22197  -0.05140
    10.70  0.49733  0.22678  -0.03996
    13.32  0.43529  0.26044  -0.03691
    15.94  0.42033  0.28128  -0.04015
    18.56  0.42992  0.30203  -0.04518
    21.18  0.42754  0.32808  -0.05337
    23.80  0.41477  0.34604  -0.06377
    26.42  0.40201  0.36399  -0.07418
    29.04  0.38924  0.38194  -0.08458
    31.66  0.38018  0.40246  -0.09224
    34.28  0.37303  0.42429  -0.09848
    36.90  0.36588  0.44613  -0.10471
    39.52  0.35873  0.46796  -0.11095
    42.14  0.34935  0.49082  -0.11629
    44.76  0.33952  0.51389  -0.12146
    47.38  0.32969  0.53695  -0.12662
    50.00  0.31986  0.56002  -0.13179
    60.00  0.26244  0.64185  -0.14939
    70.00  0.18563  0.70680  -0.16472
    80.00  0.09513  0.74646  -0.17730
    90.00  0.00006  0.75536  -0.18635
   100.00  -0.06648  0.74646  -0.19384
   110.00  -0.12999  0.70680  -0.19525
   120.00  -0.18361  0.64185  -0.19168
   130.00  -0.22391  0.56002  -0.18555
   140.00  -0.25015  0.47168  -0.18050
   150.00  -0.26954  0.38806  -0.18350
   160.00  -0.29997  0.31954  -0.21301
   170.00  -0.14976  0.27471  -0.19019
   180.00  0.00006  0.25908  -0.00006
EOT
