AeroDyn airfoil file.  Compatible with AeroDyn v13.0.
Interpolated thickness: 0.725

  1        Number of airfoil tables in this file
  9990     Reynolds number in millions.  For efficiency, make very large if only one table.
  0        Control setting
  10.6996  Stall angle (deg)
  -3.18539 Zero lift angle of attack (deg)
  2.61229  Cn slope for zero lift (dimensionless)
  0.633061 Cn at stall value for positive angle of attack
  -0.8     Cn at stall value for negative angle of attack
  -2.12    Angle of attack for minimum CD (deg)
  0.227155 Minimum CD value
  -180.00  0.00006  0.26348  -0.00006
  -170.00  0.14263  0.27836  0.14467
  -160.00  0.28556  0.32102  -0.05188
  -150.00  0.25661  0.38622  -0.02286
  -140.00  0.23816  0.46579  -0.00263
  -130.00  0.21319  0.54985  0.01694
  -120.00  0.17483  0.62771  0.03637
  -110.00  0.12381  0.68952  0.05439
  -100.00  0.06339  0.72726  0.06916
   -90.00  0.00006  0.73572  0.07885
   -80.00  -0.06326  0.72726  0.08602
   -70.00  -0.12369  0.68952  0.08732
   -60.00  -0.17471  0.62771  0.08396
   -50.00  -0.21306  0.54985  0.07809
   -40.00  -0.23803  0.46579  0.07332
   -30.00  -0.25648  0.38622  0.07618
   -20.00  -0.28471  0.32094  0.10397
   -10.00  -0.11645  0.26171  0.04593
    -4.17  -0.02599  0.22723  -0.04877
    -3.17  0.01526  0.22719  -0.04949
    -2.12  0.05796  0.22715  -0.05007
    -1.08  0.10102  0.22715  -0.05072
    -0.05  0.14372  0.22719  -0.05108
    -0.02  0.14381  0.22719  -0.05108
     1.15  0.19425  0.22727  -0.05155
     2.31  0.24176  0.22733  -0.05195
     3.46  0.28942  0.22746  -0.05222
     4.62  0.33558  0.22756  -0.05215
     5.77  0.38027  0.22769  -0.05183
     6.93  0.42264  0.22792  -0.05105
     8.08  0.45743  0.22817  -0.04891
    10.70  0.47324  0.23275  -0.03803
    13.32  0.41421  0.26478  -0.03513
    15.94  0.39998  0.28461  -0.03821
    18.56  0.40910  0.30435  -0.04299
    21.18  0.40683  0.32914  -0.05079
    23.80  0.39468  0.34623  -0.06069
    26.42  0.38254  0.36331  -0.07059
    29.04  0.37039  0.38040  -0.08049
    31.66  0.36176  0.39992  -0.08778
    34.28  0.35496  0.42069  -0.09371
    36.90  0.34816  0.44147  -0.09965
    39.52  0.34135  0.46225  -0.10558
    42.14  0.33244  0.48400  -0.11067
    44.76  0.32308  0.50595  -0.11558
    47.38  0.31373  0.52790  -0.12049
    50.00  0.30437  0.54985  -0.12541
    60.00  0.24973  0.62771  -0.14216
    70.00  0.17664  0.68952  -0.15674
    80.00  0.09052  0.72726  -0.16872
    90.00  0.00006  0.73572  -0.17733
   100.00  -0.06326  0.72726  -0.18446
   110.00  -0.12369  0.68952  -0.18580
   120.00  -0.17471  0.62771  -0.18240
   130.00  -0.21306  0.54985  -0.17657
   140.00  -0.23803  0.46579  -0.17176
   150.00  -0.25648  0.38622  -0.17462
   160.00  -0.28543  0.32102  -0.20270
   170.00  -0.14250  0.27836  -0.18098
   180.00  0.00006  0.26348  -0.00006
EOT
