AeroDyn airfoil file.  Compatible with AeroDyn v13.0.
Interpolated thickness: 0.523

  1        Number of airfoil tables in this file
  9990     Reynolds number in millions.  For efficiency, make very large if only one table.
  0        Control setting
  10.7544  Stall angle (deg)
  -3.41868 Zero lift angle of attack (deg)
  4.23114  Cn slope for zero lift (dimensionless)
  1.04665  Cn at stall value for positive angle of attack
  -0.8     Cn at stall value for negative angle of attack
  -2.12    Angle of attack for minimum CD (deg)
  0.136919 Minimum CD value
  -180.00  0.00004  0.19993  -0.00004
  -170.00  0.24732  0.22573  0.25102
  -160.00  0.49524  0.29973  -0.08991
  -150.00  0.44503  0.41283  -0.03958
  -140.00  0.41302  0.55084  -0.00449
  -130.00  0.36971  0.69664  0.02946
  -120.00  0.30318  0.83171  0.06317
  -110.00  0.21469  0.93891  0.09442
  -100.00  0.10987  1.00437  0.12003
   -90.00  0.00004  1.01906  0.13685
   -80.00  -0.10980  1.00437  0.14928
   -70.00  -0.21461  0.93891  0.15154
   -60.00  -0.30311  0.83171  0.14570
   -50.00  -0.36964  0.69664  0.13553
   -40.00  -0.41294  0.55084  0.12725
   -30.00  -0.44495  0.41283  0.13220
   -20.00  -0.49391  0.29960  0.18041
   -10.00  -0.20206  0.19686  0.07973
    -4.17  -0.04515  0.13704  -0.08452
    -3.17  0.02640  0.13698  -0.08577
    -2.12  0.10046  0.13692  -0.08678
    -1.08  0.17515  0.13692  -0.08791
    -0.05  0.24921  0.13698  -0.08853
    -0.03  0.24938  0.13698  -0.08853
     1.16  0.33687  0.13712  -0.08934
     2.33  0.41927  0.13723  -0.09003
     3.49  0.50194  0.13744  -0.09050
     4.65  0.58201  0.13762  -0.09038
     5.81  0.65952  0.13785  -0.08982
     6.98  0.73302  0.13825  -0.08848
     8.14  0.79336  0.13868  -0.08477
    10.75  0.82079  0.14663  -0.06589
    13.37  0.71839  0.20218  -0.06086
    15.99  0.69370  0.23657  -0.06620
    18.60  0.70953  0.27083  -0.07450
    21.22  0.70560  0.31382  -0.08802
    23.84  0.68453  0.34346  -0.10519
    26.45  0.66345  0.37309  -0.12237
    29.07  0.64238  0.40273  -0.13954
    31.69  0.62742  0.43658  -0.15218
    34.30  0.61562  0.47262  -0.16247
    36.92  0.60382  0.50866  -0.17277
    39.53  0.59202  0.54470  -0.18306
    42.15  0.57655  0.58243  -0.19188
    44.77  0.56033  0.62050  -0.20040
    47.38  0.54410  0.65857  -0.20893
    50.00  0.52788  0.69664  -0.21745
    60.00  0.43310  0.83171  -0.24651
    70.00  0.30632  0.93891  -0.27180
    80.00  0.15695  1.00437  -0.29258
    90.00  0.00004  1.01906  -0.30751
   100.00  -0.10980  1.00437  -0.31988
   110.00  -0.21461  0.93891  -0.32220
   120.00  -0.30311  0.83171  -0.31630
   130.00  -0.36964  0.69664  -0.30620
   140.00  -0.41294  0.55084  -0.29785
   150.00  -0.44495  0.41283  -0.30281
   160.00  -0.49516  0.29973  -0.35151
   170.00  -0.24725  0.22573  -0.31385
   180.00  0.00004  0.19993  -0.00004
EOT
