AeroDyn airfoil file.  Compatible with AeroDyn v13.0.
Interpolated thickness: 0.673

  1        Number of airfoil tables in this file
  9990     Reynolds number in millions.  For efficiency, make very large if only one table.
  0        Control setting
  10.7137  Stall angle (deg)
  -3.26464 Zero lift angle of attack (deg)
  3.03245  Cn slope for zero lift (dimensionless)
  0.739824 Cn at stall value for positive angle of attack
  -0.8     Cn at stall value for negative angle of attack
  -2.12    Angle of attack for minimum CD (deg)
  0.203926 Minimum CD value
  -180.00  0.00006  0.24712  -0.00006
  -170.00  0.16958  0.26481  0.17205
  -160.00  0.33953  0.31554  -0.06167
  -150.00  0.30511  0.39307  -0.02716
  -140.00  0.28317  0.48768  -0.00311
  -130.00  0.25348  0.58763  0.02017
  -120.00  0.20787  0.68023  0.04327
  -110.00  0.14721  0.75372  0.06470
  -100.00  0.07535  0.79859  0.08225
   -90.00  0.00006  0.80866  0.09378
   -80.00  -0.07524  0.79859  0.10230
   -70.00  -0.14709  0.75372  0.10385
   -60.00  -0.20776  0.68023  0.09985
   -50.00  -0.25337  0.58763  0.09288
   -40.00  -0.28306  0.48768  0.08720
   -30.00  -0.30500  0.39307  0.09060
   -20.00  -0.33856  0.31545  0.12364
   -10.00  -0.13849  0.24502  0.05463
    -4.17  -0.03092  0.20401  -0.05797
    -3.17  0.01813  0.20397  -0.05883
    -2.12  0.06890  0.20393  -0.05952
    -1.08  0.12010  0.20393  -0.06029
    -0.05  0.17087  0.20397  -0.06072
    -0.02  0.17099  0.20397  -0.06073
     1.16  0.23097  0.20406  -0.06128
     2.31  0.28746  0.20414  -0.06175
     3.47  0.34413  0.20428  -0.06207
     4.63  0.39902  0.20441  -0.06199
     5.78  0.45216  0.20457  -0.06161
     6.94  0.50254  0.20484  -0.06068
     8.09  0.54391  0.20513  -0.05814
    10.71  0.56271  0.21058  -0.04520
    13.33  0.49251  0.24866  -0.04175
    15.95  0.47559  0.27224  -0.04541
    18.57  0.48644  0.29572  -0.05110
    21.19  0.48374  0.32520  -0.06037
    23.81  0.46930  0.34551  -0.07214
    26.43  0.45485  0.36583  -0.08392
    29.05  0.44041  0.38615  -0.09569
    31.67  0.43015  0.40935  -0.10436
    34.29  0.42206  0.43406  -0.11141
    36.90  0.41397  0.45877  -0.11847
    39.52  0.40588  0.48347  -0.12552
    42.14  0.39528  0.50934  -0.13157
    44.76  0.38415  0.53544  -0.13742
    47.38  0.37303  0.56153  -0.14326
    50.00  0.36191  0.58763  -0.14910
    60.00  0.29694  0.68023  -0.16902
    70.00  0.21003  0.75372  -0.18636
    80.00  0.10762  0.79859  -0.20060
    90.00  0.00006  0.80866  -0.21084
   100.00  -0.07524  0.79859  -0.21932
   110.00  -0.14709  0.75372  -0.22091
   120.00  -0.20776  0.68023  -0.21687
   130.00  -0.25337  0.58763  -0.20994
   140.00  -0.28306  0.48768  -0.20422
   150.00  -0.30500  0.39307  -0.20762
   160.00  -0.33942  0.31554  -0.24100
   170.00  -0.16947  0.26481  -0.21519
   180.00  0.00006  0.24712  -0.00006
EOT
