AeroDyn airfoil file.  Compatible with AeroDyn v13.0.
Interpolated thickness: 0.723

  1        Number of airfoil tables in this file
  9990     Reynolds number in millions.  For efficiency, make very large if only one table.
  0        Control setting
  10.7002  Stall angle (deg)
  -3.18884 Zero lift angle of attack (deg)
  2.62849  Cn slope for zero lift (dimensionless)
  0.637171 Cn at stall value for positive angle of attack
  -0.8     Cn at stall value for negative angle of attack
  -2.12    Angle of attack for minimum CD (deg)
  0.226261 Minimum CD value
  -180.00  0.00006  0.26285  -0.00006
  -170.00  0.14367  0.27783  0.14573
  -160.00  0.28763  0.32081  -0.05226
  -150.00  0.25848  0.38648  -0.02303
  -140.00  0.23989  0.46663  -0.00265
  -130.00  0.21474  0.55130  0.01707
  -120.00  0.17610  0.62973  0.03664
  -110.00  0.12471  0.69199  0.05479
  -100.00  0.06385  0.73000  0.06966
   -90.00  0.00006  0.73853  0.07943
   -80.00  -0.06372  0.73000  0.08664
   -70.00  -0.12459  0.69199  0.08796
   -60.00  -0.17598  0.62973  0.08457
   -50.00  -0.21461  0.55130  0.07866
   -40.00  -0.23976  0.46663  0.07385
   -30.00  -0.25835  0.38648  0.07673
   -20.00  -0.28678  0.32073  0.10472
   -10.00  -0.11730  0.26107  0.04626
    -4.17  -0.02618  0.22633  -0.04912
    -3.17  0.01537  0.22630  -0.04985
    -2.12  0.05838  0.22626  -0.05043
    -1.08  0.10175  0.22626  -0.05109
    -0.05  0.14476  0.22630  -0.05145
    -0.02  0.14486  0.22630  -0.05146
     1.15  0.19567  0.22638  -0.05192
     2.31  0.24352  0.22644  -0.05232
     3.46  0.29153  0.22657  -0.05260
     4.62  0.33802  0.22667  -0.05253
     5.77  0.38304  0.22680  -0.05220
     6.93  0.42571  0.22703  -0.05142
     8.08  0.46076  0.22728  -0.04927
    10.70  0.47668  0.23190  -0.03830
    13.32  0.41722  0.26416  -0.03538
    15.94  0.40288  0.28413  -0.03848
    18.56  0.41208  0.30402  -0.04330
    21.18  0.40979  0.32899  -0.05115
    23.80  0.39755  0.34620  -0.06113
    26.42  0.38532  0.36341  -0.07110
    29.04  0.37308  0.38062  -0.08108
    31.66  0.36439  0.40028  -0.08842
    34.28  0.35754  0.42121  -0.09439
    36.90  0.35069  0.44214  -0.10037
    39.52  0.34384  0.46307  -0.10635
    42.14  0.33485  0.48497  -0.11147
    44.76  0.32543  0.50708  -0.11642
    47.38  0.31601  0.52919  -0.12137
    50.00  0.30659  0.55130  -0.12632
    60.00  0.25155  0.62973  -0.14319
    70.00  0.17793  0.69199  -0.15788
    80.00  0.09118  0.73000  -0.16994
    90.00  0.00006  0.73853  -0.17862
   100.00  -0.06372  0.73000  -0.18580
   110.00  -0.12459  0.69199  -0.18715
   120.00  -0.17598  0.62973  -0.18372
   130.00  -0.21461  0.55130  -0.17785
   140.00  -0.23976  0.46663  -0.17301
   150.00  -0.25835  0.38648  -0.17589
   160.00  -0.28751  0.32081  -0.20417
   170.00  -0.14354  0.27783  -0.18230
   180.00  0.00006  0.26285  -0.00006
EOT
