AeroDyn airfoil file.  Compatible with AeroDyn v13.0.
Interpolated thickness: 0.401

  1        Number of airfoil tables in this file
  9990     Reynolds number in millions.  For efficiency, make very large if only one table.
  0        Control setting
  10.7876  Stall angle (deg)
  -3.50361 Zero lift angle of attack (deg)
  5.19171  Cn slope for zero lift (dimensionless)
  1.29496  Cn at stall value for positive angle of attack
  -0.8     Cn at stall value for negative angle of attack
  -2.12    Angle of attack for minimum CD (deg)
  0.0824204 Minimum CD value
  -180.00  0.00002  0.16155  -0.00002
  -170.00  0.31056  0.19394  0.31524
  -160.00  0.62188  0.28687  -0.11289
  -150.00  0.55883  0.42889  -0.04968
  -140.00  0.51863  0.60221  -0.00562
  -130.00  0.46425  0.78530  0.03702
  -120.00  0.38070  0.95491  0.07935
  -110.00  0.26957  1.08953  0.11860
  -100.00  0.13795  1.17173  0.15075
   -90.00  0.00002  1.19018  0.17188
   -80.00  -0.13791  1.17173  0.18748
   -70.00  -0.26953  1.08953  0.19032
   -60.00  -0.38066  0.95491  0.18299
   -50.00  -0.46420  0.78530  0.17022
   -40.00  -0.51859  0.60221  0.15982
   -30.00  -0.55878  0.42889  0.16604
   -20.00  -0.62026  0.28671  0.22657
   -10.00  -0.25377  0.15769  0.10015
    -4.17  -0.05673  0.08258  -0.10611
    -3.17  0.03312  0.08250  -0.10768
    -2.12  0.12613  0.08242  -0.10894
    -1.08  0.21992  0.08242  -0.11036
    -0.05  0.31292  0.08250  -0.11115
    -0.04  0.31314  0.08250  -0.11115
     1.17  0.42300  0.08267  -0.11217
     2.34  0.52648  0.08281  -0.11303
     3.50  0.63029  0.08308  -0.11362
     4.67  0.73084  0.08330  -0.11347
     5.84  0.82818  0.08359  -0.11277
     7.01  0.92047  0.08409  -0.11108
     8.17  0.99625  0.08463  -0.10642
    10.79  1.03069  0.09461  -0.08271
    13.40  0.90210  0.16437  -0.07640
    16.02  0.87110  0.20756  -0.08310
    18.63  0.89098  0.25058  -0.09353
    21.24  0.88604  0.30457  -0.11050
    23.86  0.85958  0.34178  -0.13207
    26.47  0.83312  0.37900  -0.15364
    29.09  0.80666  0.41621  -0.17521
    31.70  0.78787  0.45873  -0.19108
    34.32  0.77305  0.50398  -0.20400
    36.93  0.75823  0.54924  -0.21693
    39.54  0.74341  0.59450  -0.22985
    42.16  0.72399  0.64187  -0.24093
    44.77  0.70361  0.68968  -0.25164
    47.39  0.68324  0.73749  -0.26234
    50.00  0.66286  0.78530  -0.27304
    60.00  0.54385  0.95491  -0.30953
    70.00  0.38464  1.08953  -0.34129
    80.00  0.19706  1.17173  -0.36738
    90.00  0.00002  1.19018  -0.38614
   100.00  -0.13791  1.17173  -0.40167
   110.00  -0.26953  1.08953  -0.40458
   120.00  -0.38066  0.95491  -0.39717
   130.00  -0.46420  0.78530  -0.38448
   140.00  -0.51859  0.60221  -0.37400
   150.00  -0.55878  0.42889  -0.38023
   160.00  -0.62184  0.28687  -0.44139
   170.00  -0.31051  0.19394  -0.39410
   180.00  0.00002  0.16155  -0.00002
EOT
