AeroDyn airfoil file.  Compatible with AeroDyn v13.0.
Interpolated thickness: 0.847

  1        Number of airfoil tables in this file
  9990     Reynolds number in millions.  For efficiency, make very large if only one table.
  0        Control setting
  10.6665  Stall angle (deg)
  -2.93742 Zero lift angle of attack (deg)
  1.59483  Cn slope for zero lift (dimensionless)
  0.378666 Cn at stall value for positive angle of attack
  -0.8     Cn at stall value for negative angle of attack
  -2.12    Angle of attack for minimum CD (deg)
  0.281653 Minimum CD value
  -180.00  0.00008  0.30187  -0.00008
  -170.00  0.07940  0.31014  0.08045
  -160.00  0.15892  0.33387  -0.02891
  -150.00  0.14281  0.37015  -0.01276
  -140.00  0.13255  0.41442  -0.00151
  -130.00  0.11865  0.46119  0.00938
  -120.00  0.09732  0.50451  0.02019
  -110.00  0.06893  0.53889  0.03022
  -100.00  0.03531  0.55989  0.03843
   -90.00  0.00008  0.56460  0.04383
   -80.00  -0.03515  0.55989  0.04781
   -70.00  -0.06877  0.53889  0.04854
   -60.00  -0.09716  0.50451  0.04667
   -50.00  -0.11850  0.46119  0.04340
   -40.00  -0.13239  0.41442  0.04075
   -30.00  -0.14265  0.37015  0.04234
   -20.00  -0.15836  0.33383  0.05780
   -10.00  -0.06474  0.30088  0.02551
    -4.17  -0.01441  0.28169  -0.02718
    -3.17  0.00854  0.28167  -0.02758
    -2.12  0.03229  0.28165  -0.02790
    -1.08  0.05625  0.28165  -0.02826
    -0.05  0.08000  0.28167  -0.02847
    -0.01  0.08006  0.28167  -0.02847
     1.15  0.10812  0.28172  -0.02872
     2.30  0.13455  0.28175  -0.02895
     3.45  0.16107  0.28182  -0.02910
     4.60  0.18675  0.28188  -0.02906
     5.75  0.21161  0.28195  -0.02888
     6.90  0.23519  0.28208  -0.02845
     8.04  0.25454  0.28222  -0.02726
    10.67  0.26334  0.28477  -0.02120
    13.29  0.23049  0.30259  -0.01959
    15.91  0.22258  0.31362  -0.02130
    18.53  0.22765  0.32460  -0.02396
    21.16  0.22639  0.33840  -0.02830
    23.78  0.21963  0.34790  -0.03381
    26.40  0.21287  0.35741  -0.03932
    29.02  0.20612  0.36691  -0.04483
    31.64  0.20132  0.37777  -0.04888
    34.27  0.19753  0.38933  -0.05218
    36.89  0.19375  0.40089  -0.05548
    39.51  0.18996  0.41245  -0.05878
    42.13  0.18500  0.42455  -0.06161
    44.76  0.17980  0.43676  -0.06435
    47.38  0.17459  0.44898  -0.06708
    50.00  0.16939  0.46119  -0.06982
    60.00  0.13899  0.50451  -0.07914
    70.00  0.09832  0.53889  -0.08725
    80.00  0.05041  0.55989  -0.09391
    90.00  0.00008  0.56460  -0.09870
   100.00  -0.03515  0.55989  -0.10267
   110.00  -0.06877  0.53889  -0.10342
   120.00  -0.09716  0.50451  -0.10152
   130.00  -0.11850  0.46119  -0.09828
   140.00  -0.13239  0.41442  -0.09560
   150.00  -0.14265  0.37015  -0.09719
   160.00  -0.15876  0.33387  -0.11282
   170.00  -0.07924  0.31014  -0.10074
   180.00  0.00008  0.30187  -0.00008
EOT
