AeroDyn airfoil file.  Compatible with AeroDyn v13.0.
Interpolated thickness: 0.736

  1        Number of airfoil tables in this file
  9990     Reynolds number in millions.  For efficiency, make very large if only one table.
  0        Control setting
  10.6966  Stall angle (deg)
  -3.16574 Zero lift angle of attack (deg)
  2.5231   Cn slope for zero lift (dimensionless)
  0.61045  Cn at stall value for positive angle of attack
  -0.8     Cn at stall value for negative angle of attack
  -2.12    Angle of attack for minimum CD (deg)
  0.232068 Minimum CD value
  -180.00  0.00007  0.26694  -0.00007
  -170.00  0.13693  0.28122  0.13888
  -160.00  0.27414  0.32218  -0.04981
  -150.00  0.24635  0.38477  -0.02195
  -140.00  0.22863  0.46116  -0.00253
  -130.00  0.20467  0.54185  0.01626
  -120.00  0.16784  0.61661  0.03491
  -110.00  0.11887  0.67594  0.05221
  -100.00  0.06085  0.71217  0.06639
   -90.00  0.00007  0.72029  0.07570
   -80.00  -0.06072  0.71217  0.08257
   -70.00  -0.11873  0.67594  0.08382
   -60.00  -0.16771  0.61661  0.08059
   -50.00  -0.20453  0.54185  0.07497
   -40.00  -0.22850  0.46116  0.07038
   -30.00  -0.24622  0.38477  0.07313
   -20.00  -0.27331  0.32211  0.09980
   -10.00  -0.11179  0.26524  0.04409
    -4.17  -0.02495  0.23214  -0.04682
    -3.17  0.01465  0.23210  -0.04752
    -2.12  0.05564  0.23207  -0.04807
    -1.08  0.09698  0.23207  -0.04870
    -0.05  0.13797  0.23210  -0.04904
    -0.02  0.13807  0.23210  -0.04905
     1.15  0.18649  0.23218  -0.04949
     2.31  0.23209  0.23224  -0.04987
     3.46  0.27785  0.23236  -0.05013
     4.62  0.32216  0.23246  -0.05007
     5.77  0.36506  0.23259  -0.04976
     6.92  0.40574  0.23280  -0.04901
     8.08  0.43914  0.23304  -0.04696
    10.70  0.45432  0.23744  -0.03651
    13.32  0.39764  0.26819  -0.03373
    15.94  0.38398  0.28722  -0.03668
    18.56  0.39274  0.30618  -0.04128
    21.18  0.39056  0.32998  -0.04876
    23.80  0.37890  0.34638  -0.05826
    26.42  0.36724  0.36278  -0.06777
    29.04  0.35558  0.37918  -0.07728
    31.66  0.34730  0.39792  -0.08427
    34.28  0.34077  0.41787  -0.08997
    36.90  0.33424  0.43781  -0.09566
    39.52  0.32770  0.45776  -0.10136
    42.14  0.31914  0.47864  -0.10624
    44.76  0.31016  0.49971  -0.11096
    47.38  0.30118  0.52078  -0.11568
    50.00  0.29220  0.54185  -0.12039
    60.00  0.23975  0.61661  -0.13648
    70.00  0.16958  0.67594  -0.15048
    80.00  0.08691  0.71217  -0.16197
    90.00  0.00007  0.72029  -0.17024
   100.00  -0.06072  0.71217  -0.17708
   110.00  -0.11873  0.67594  -0.17837
   120.00  -0.16771  0.61661  -0.17510
   130.00  -0.20453  0.54185  -0.16951
   140.00  -0.22850  0.46116  -0.16489
   150.00  -0.24622  0.38477  -0.16764
   160.00  -0.27401  0.32218  -0.19459
   170.00  -0.13680  0.28122  -0.17375
   180.00  0.00007  0.26694  -0.00007
EOT
