AeroDyn airfoil file.  Compatible with AeroDyn v13.0.
Interpolated thickness: 0.652

  1        Number of airfoil tables in this file
  9990     Reynolds number in millions.  For efficiency, make very large if only one table.
  0        Control setting
  10.7194  Stall angle (deg)
  -3.29162 Zero lift angle of attack (deg)
  3.20146  Cn slope for zero lift (dimensionless)
  0.782882 Cn at stall value for positive angle of attack
  -0.8     Cn at stall value for negative angle of attack
  -2.12    Angle of attack for minimum CD (deg)
  0.194545 Minimum CD value
  -180.00  0.00005  0.24052  -0.00005
  -170.00  0.18046  0.25934  0.18310
  -160.00  0.36133  0.31332  -0.06562
  -150.00  0.32470  0.39584  -0.02890
  -140.00  0.30135  0.49653  -0.00331
  -130.00  0.26975  0.60290  0.02147
  -120.00  0.22122  0.70143  0.04606
  -110.00  0.15665  0.77964  0.06886
  -100.00  0.08019  0.82740  0.08754
   -90.00  0.00005  0.83812  0.09981
   -80.00  -0.08008  0.82740  0.10888
   -70.00  -0.15655  0.77964  0.11053
   -60.00  -0.22111  0.70143  0.10627
   -50.00  -0.26965  0.60290  0.09885
   -40.00  -0.30124  0.49653  0.09281
   -30.00  -0.32459  0.39584  0.09642
   -20.00  -0.36031  0.31323  0.13159
   -10.00  -0.14739  0.23827  0.05814
    -4.17  -0.03291  0.19464  -0.06169
    -3.17  0.01929  0.19459  -0.06260
    -2.12  0.07332  0.19454  -0.06334
    -1.08  0.12781  0.19454  -0.06416
    -0.05  0.18184  0.19459  -0.06462
    -0.02  0.18196  0.19459  -0.06462
     1.16  0.24579  0.19469  -0.06521
     2.31  0.30591  0.19477  -0.06571
     3.47  0.36622  0.19493  -0.06605
     4.63  0.42464  0.19506  -0.06597
     5.79  0.48119  0.19523  -0.06556
     6.94  0.53481  0.19551  -0.06458
     8.10  0.57883  0.19583  -0.06187
    10.72  0.59884  0.20163  -0.04810
    13.34  0.52413  0.24216  -0.04443
    15.96  0.50612  0.26725  -0.04832
    18.58  0.51767  0.29224  -0.05438
    21.19  0.51480  0.32361  -0.06424
    23.81  0.49943  0.34523  -0.07677
    26.43  0.48406  0.36685  -0.08930
    29.05  0.46868  0.38847  -0.10183
    31.67  0.45777  0.41317  -0.11105
    34.29  0.44916  0.43946  -0.11856
    36.91  0.44055  0.46575  -0.12607
    39.53  0.43194  0.49205  -0.13358
    42.14  0.42066  0.51957  -0.14002
    44.76  0.40882  0.54734  -0.14623
    47.38  0.39698  0.57512  -0.15245
    50.00  0.38514  0.60290  -0.15867
    60.00  0.31600  0.70143  -0.17987
    70.00  0.22351  0.77964  -0.19832
    80.00  0.11453  0.82740  -0.21348
    90.00  0.00005  0.83812  -0.22438
   100.00  -0.08008  0.82740  -0.23340
   110.00  -0.15655  0.77964  -0.23509
   120.00  -0.22111  0.70143  -0.23079
   130.00  -0.26965  0.60290  -0.22342
   140.00  -0.30124  0.49653  -0.21733
   150.00  -0.32459  0.39584  -0.22094
   160.00  -0.36122  0.31332  -0.25648
   170.00  -0.18036  0.25934  -0.22900
   180.00  0.00005  0.24052  -0.00005
EOT
