AeroDyn airfoil file.  Compatible with AeroDyn v13.0.
Interpolated thickness: 0.584

  1        Number of airfoil tables in this file
  9990     Reynolds number in millions.  For efficiency, make very large if only one table.
  0        Control setting
  10.7379  Stall angle (deg)
  -3.36528 Zero lift angle of attack (deg)
  3.74605  Cn slope for zero lift (dimensionless)
  0.922077 Cn at stall value for positive angle of attack
  -0.8     Cn at stall value for negative angle of attack
  -2.12    Angle of attack for minimum CD (deg)
  0.164168 Minimum CD value
  -180.00  0.00005  0.21912  -0.00005
  -170.00  0.21571  0.24162  0.21890
  -160.00  0.43192  0.30616  -0.07843
  -150.00  0.38813  0.40479  -0.03453
  -140.00  0.36021  0.52516  -0.00393
  -130.00  0.32245  0.65231  0.02568
  -120.00  0.26442  0.77011  0.05507
  -110.00  0.18725  0.86360  0.08233
  -100.00  0.09583  0.92069  0.10467
   -90.00  0.00005  0.93349  0.11934
   -80.00  -0.09574  0.92069  0.13017
   -70.00  -0.18715  0.86360  0.13214
   -60.00  -0.26433  0.77011  0.12705
   -50.00  -0.32235  0.65231  0.11819
   -40.00  -0.36012  0.52516  0.11096
   -30.00  -0.38804  0.40479  0.11529
   -20.00  -0.43073  0.30605  0.15732
   -10.00  -0.17621  0.21644  0.06953
    -4.17  -0.03937  0.16428  -0.07372
    -3.17  0.02303  0.16422  -0.07482
    -2.12  0.08762  0.16417  -0.07569
    -1.08  0.15276  0.16417  -0.07668
    -0.05  0.21735  0.16422  -0.07722
    -0.03  0.21750  0.16422  -0.07723
     1.16  0.29380  0.16434  -0.07793
     2.32  0.36567  0.16444  -0.07853
     3.48  0.43776  0.16463  -0.07894
     4.64  0.50759  0.16478  -0.07884
     5.80  0.57520  0.16498  -0.07835
     6.96  0.63929  0.16533  -0.07717
     8.12  0.69192  0.16570  -0.07394
    10.74  0.71584  0.17264  -0.05747
    13.36  0.62653  0.22108  -0.05309
    15.97  0.60500  0.25108  -0.05774
    18.59  0.61881  0.28095  -0.06498
    21.21  0.61538  0.31845  -0.07677
    23.83  0.59700  0.34429  -0.09175
    26.44  0.57862  0.37014  -0.10673
    29.06  0.56025  0.39598  -0.12171
    31.68  0.54720  0.42551  -0.13273
    34.30  0.53691  0.45694  -0.14171
    36.91  0.52662  0.48837  -0.15068
    39.53  0.51633  0.51980  -0.15966
    42.15  0.50283  0.55270  -0.16736
    44.77  0.48868  0.58591  -0.17479
    47.38  0.47453  0.61911  -0.18222
    50.00  0.46038  0.65231  -0.18965
    60.00  0.37773  0.77011  -0.21500
    70.00  0.26716  0.86360  -0.23706
    80.00  0.13689  0.92069  -0.25517
    90.00  0.00005  0.93349  -0.26820
   100.00  -0.09574  0.92069  -0.27898
   110.00  -0.18715  0.86360  -0.28101
   120.00  -0.26433  0.77011  -0.27586
   130.00  -0.32235  0.65231  -0.26705
   140.00  -0.36012  0.52516  -0.25977
   150.00  -0.38804  0.40479  -0.26410
   160.00  -0.43183  0.30616  -0.30657
   170.00  -0.21562  0.24162  -0.27373
   180.00  0.00005  0.21912  -0.00005
EOT
