AeroDyn airfoil file.  Compatible with AeroDyn v13.0.
Interpolated thickness: 0.291

  1        Number of airfoil tables in this file
  9990     Reynolds number in millions.  For efficiency, make very large if only one table.
  0        Control setting
  10.8174  Stall angle (deg)
  -3.56498 Zero lift angle of attack (deg)
  6.04694  Cn slope for zero lift (dimensionless)
  1.5179   Cn at stall value for positive angle of attack
  -0.8     Cn at stall value for negative angle of attack
  -2.12    Angle of attack for minimum CD (deg)
  0.0332822 Minimum CD value
  -180.00  0.00001  0.12694  -0.00001
  -170.00  0.36757  0.16529  0.37315
  -160.00  0.73606  0.27528  -0.13360
  -150.00  0.66143  0.44338  -0.05878
  -140.00  0.61385  0.64853  -0.00663
  -130.00  0.54948  0.86524  0.04384
  -120.00  0.45059  1.06600  0.09394
  -110.00  0.31906  1.22534  0.14039
  -100.00  0.16326  1.32264  0.17846
   -90.00  0.00001  1.34447  0.20346
   -80.00  -0.16325  1.32264  0.22193
   -70.00  -0.31904  1.22534  0.22529
   -60.00  -0.45058  1.06600  0.21661
   -50.00  -0.54947  0.86524  0.20150
   -40.00  -0.61384  0.64853  0.18918
   -30.00  -0.66142  0.44338  0.19655
   -20.00  -0.73418  0.27509  0.26820
   -10.00  -0.30039  0.12237  0.11856
    -4.17  -0.06716  0.03347  -0.12557
    -3.17  0.03919  0.03338  -0.12744
    -2.12  0.14927  0.03328  -0.12893
    -1.08  0.26028  0.03328  -0.13061
    -0.05  0.37037  0.03338  -0.13154
    -0.04  0.37062  0.03338  -0.13155
     1.17  0.50066  0.03358  -0.13275
     2.34  0.62315  0.03374  -0.13377
     3.52  0.74602  0.03406  -0.13447
     4.69  0.86503  0.03433  -0.13429
     5.86  0.98025  0.03467  -0.13346
     7.03  1.08949  0.03526  -0.13146
     8.21  1.17919  0.03589  -0.12595
    10.82  1.21995  0.04771  -0.09788
    13.43  1.06774  0.13028  -0.09041
    16.04  1.03105  0.18140  -0.09834
    18.65  1.05458  0.23232  -0.11068
    21.27  1.04873  0.29623  -0.13078
    23.88  1.01741  0.34028  -0.15631
    26.49  0.98609  0.38432  -0.18184
    29.10  0.95477  0.42837  -0.20736
    31.71  0.93253  0.47869  -0.22615
    34.33  0.91500  0.53226  -0.24145
    36.94  0.89746  0.58583  -0.25675
    39.55  0.87992  0.63940  -0.27204
    42.16  0.85692  0.69547  -0.28516
    44.78  0.83280  0.75206  -0.29783
    47.39  0.80869  0.80865  -0.31049
    50.00  0.78457  0.86524  -0.32316
    60.00  0.64370  1.06600  -0.36635
    70.00  0.45526  1.22534  -0.40395
    80.00  0.23323  1.32264  -0.43483
    90.00  0.00001  1.34447  -0.45703
   100.00  -0.16325  1.32264  -0.47541
   110.00  -0.31904  1.22534  -0.47886
   120.00  -0.45058  1.06600  -0.47009
   130.00  -0.54947  0.86524  -0.45507
   140.00  -0.61384  0.64853  -0.44267
   150.00  -0.66142  0.44338  -0.45004
   160.00  -0.73605  0.27528  -0.52243
   170.00  -0.36755  0.16529  -0.46645
   180.00  0.00001  0.12694  -0.00001
EOT
