AeroDyn airfoil file.  Compatible with AeroDyn v13.0.
Interpolated thickness: 0.599

  1        Number of airfoil tables in this file
  9990     Reynolds number in millions.  For efficiency, make very large if only one table.
  0        Control setting
  10.7338  Stall angle (deg)
  -3.35053 Zero lift angle of attack (deg)
  3.62627  Cn slope for zero lift (dimensionless)
  0.891403 Cn at stall value for positive angle of attack
  -0.8     Cn at stall value for negative angle of attack
  -2.12    Angle of attack for minimum CD (deg)
  0.170869 Minimum CD value
  -180.00  0.00005  0.22384  -0.00005
  -170.00  0.20793  0.24553  0.21101
  -160.00  0.41635  0.30774  -0.07560
  -150.00  0.37414  0.40282  -0.03329
  -140.00  0.34723  0.51884  -0.00379
  -130.00  0.31082  0.64141  0.02475
  -120.00  0.25489  0.75496  0.05309
  -110.00  0.18050  0.84508  0.07936
  -100.00  0.09238  0.90011  0.10089
   -90.00  0.00005  0.91246  0.11503
   -80.00  -0.09229  0.90011  0.12548
   -70.00  -0.18040  0.84508  0.12738
   -60.00  -0.25480  0.75496  0.12247
   -50.00  -0.31073  0.64141  0.11392
   -40.00  -0.34713  0.51884  0.10696
   -30.00  -0.37404  0.40282  0.11112
   -20.00  -0.41520  0.30763  0.15165
   -10.00  -0.16985  0.22126  0.06701
    -4.17  -0.03794  0.17097  -0.07107
    -3.17  0.02221  0.17092  -0.07212
    -2.12  0.08447  0.17087  -0.07297
    -1.08  0.14726  0.17087  -0.07392
    -0.05  0.20952  0.17092  -0.07444
    -0.03  0.20966  0.17092  -0.07444
     1.16  0.28321  0.17104  -0.07512
     2.32  0.35249  0.17113  -0.07570
     3.48  0.42198  0.17131  -0.07610
     4.64  0.48929  0.17146  -0.07600
     5.80  0.55446  0.17165  -0.07552
     6.96  0.61624  0.17199  -0.07439
     8.12  0.66697  0.17235  -0.07128
    10.73  0.69003  0.17903  -0.05541
    13.35  0.60394  0.22573  -0.05118
    15.97  0.58319  0.25464  -0.05567
    18.59  0.59650  0.28344  -0.06264
    21.20  0.59319  0.31959  -0.07401
    23.82  0.57548  0.34450  -0.08845
    26.44  0.55776  0.36941  -0.10289
    29.06  0.54005  0.39432  -0.11733
    31.68  0.52747  0.42279  -0.12795
    34.29  0.51755  0.45308  -0.13660
    36.91  0.50763  0.48338  -0.14526
    39.53  0.49771  0.51368  -0.15391
    42.15  0.48471  0.54539  -0.16133
    44.76  0.47107  0.57740  -0.16849
    47.38  0.45743  0.60941  -0.17565
    50.00  0.44379  0.64141  -0.18282
    60.00  0.36411  0.75496  -0.20725
    70.00  0.25753  0.84508  -0.22851
    80.00  0.13196  0.90011  -0.24598
    90.00  0.00005  0.91246  -0.25853
   100.00  -0.09229  0.90011  -0.26893
   110.00  -0.18040  0.84508  -0.27088
   120.00  -0.25480  0.75496  -0.26592
   130.00  -0.31073  0.64141  -0.25743
   140.00  -0.34713  0.51884  -0.25041
   150.00  -0.37404  0.40282  -0.25458
   160.00  -0.41625  0.30774  -0.29552
   170.00  -0.20784  0.24553  -0.26386
   180.00  0.00005  0.22384  -0.00005
EOT
