AeroDyn airfoil file.  Compatible with AeroDyn v13.0.
Interpolated thickness: 0.858

  1        Number of airfoil tables in this file
  9990     Reynolds number in millions.  For efficiency, make very large if only one table.
  0        Control setting
  10.6635  Stall angle (deg)
  -2.88771 Zero lift angle of attack (deg)
  1.5058   Cn slope for zero lift (dimensionless)
  0.356142 Cn at stall value for positive angle of attack
  -0.8     Cn at stall value for negative angle of attack
  -2.12    Angle of attack for minimum CD (deg)
  0.286567 Minimum CD value
  -180.00  0.00008  0.30533  -0.00008
  -170.00  0.07370  0.31301  0.07466
  -160.00  0.14750  0.33503  -0.02684
  -150.00  0.13255  0.36870  -0.01185
  -140.00  0.12302  0.40979  -0.00141
  -130.00  0.11013  0.45319  0.00870
  -120.00  0.09033  0.49340  0.01873
  -110.00  0.06398  0.52531  0.02804
  -100.00  0.03278  0.54480  0.03566
   -90.00  0.00008  0.54917  0.04067
   -80.00  -0.03262  0.54480  0.04437
   -70.00  -0.06382  0.52531  0.04504
   -60.00  -0.09016  0.49340  0.04330
   -50.00  -0.10997  0.45319  0.04028
   -40.00  -0.12286  0.40979  0.03781
   -30.00  -0.13239  0.36870  0.03929
   -20.00  -0.14696  0.33500  0.05364
   -10.00  -0.06008  0.30441  0.02367
    -4.17  -0.01337  0.28660  -0.02523
    -3.17  0.00793  0.28659  -0.02560
    -2.12  0.02998  0.28657  -0.02590
    -1.08  0.05221  0.28657  -0.02624
    -0.05  0.07426  0.28659  -0.02643
    -0.01  0.07431  0.28659  -0.02643
     1.15  0.10035  0.28663  -0.02667
     2.30  0.12489  0.28666  -0.02687
     3.45  0.14949  0.28672  -0.02701
     4.59  0.17333  0.28678  -0.02698
     5.74  0.19641  0.28685  -0.02681
     6.89  0.21829  0.28696  -0.02641
     8.04  0.23625  0.28709  -0.02531
    10.66  0.24441  0.28946  -0.01968
    13.29  0.21393  0.30599  -0.01819
    15.91  0.20658  0.31623  -0.01978
    18.53  0.21129  0.32643  -0.02225
    21.15  0.21012  0.33923  -0.02627
    23.78  0.20385  0.34805  -0.03139
    26.40  0.19758  0.35687  -0.03650
    29.02  0.19130  0.36570  -0.04161
    31.64  0.18685  0.37577  -0.04537
    34.27  0.18334  0.38650  -0.04844
    36.89  0.17982  0.39723  -0.05150
    39.51  0.17631  0.40796  -0.05457
    42.13  0.17171  0.41919  -0.05719
    44.76  0.16688  0.43053  -0.05973
    47.38  0.16205  0.44186  -0.06227
    50.00  0.15722  0.45319  -0.06480
    60.00  0.12900  0.49340  -0.07345
    70.00  0.09126  0.52531  -0.08098
    80.00  0.04679  0.54480  -0.08717
    90.00  0.00008  0.54917  -0.09162
   100.00  -0.03262  0.54480  -0.09530
   110.00  -0.06382  0.52531  -0.09599
   120.00  -0.09016  0.49340  -0.09423
   130.00  -0.10997  0.45319  -0.09122
   140.00  -0.12286  0.40979  -0.08874
   150.00  -0.13239  0.36870  -0.09021
   160.00  -0.14734  0.33503  -0.10471
   170.00  -0.07353  0.31301  -0.09350
   180.00  0.00008  0.30533  -0.00008
EOT
