AeroDyn airfoil file.  Compatible with AeroDyn v13.0.
Interpolated thickness: 0.23

  1        Number of airfoil tables in this file
  9990     Reynolds number in millions.  For efficiency, make very large if only one table.
  0        Control setting
  9.74171  Stall angle (deg)
  -3.80415 Zero lift angle of attack (deg)
  6.46414  Cn slope for zero lift (dimensionless)
  1.52825  Cn at stall value for positive angle of attack
  -0.8     Cn at stall value for negative angle of attack
  -2.02    Angle of attack for minimum CD (deg)
  0.00997143 Minimum CD value
  -180.00  0.00000  0.12234  0.00000
  -170.00  0.39500  0.16326  0.40000
  -160.00  0.79100  0.28064  -0.14240
  -150.00  0.70929  0.46000  -0.06284
  -140.00  0.65829  0.67876  -0.00707
  -130.00  0.58914  0.90964  0.04690
  -120.00  0.48314  1.12321  0.10033
  -110.00  0.34200  1.29221  0.14964
  -100.00  0.17500  1.39459  0.18980
   -90.00  0.00000  1.41600  0.21581
   -80.00  -0.17500  1.39459  0.23580
   -70.00  -0.34200  1.29221  0.23961
   -60.00  -0.48314  1.12321  0.23049
   -50.00  -0.58914  0.90964  0.21437
   -40.00  -0.65829  0.67876  0.20109
   -30.00  -0.70929  0.46000  0.20860
   -20.00  -0.78914  0.28043  0.28494
   -10.00  -0.31371  0.10581  0.11633
    -6.04  -0.14088  0.03676  -0.06425
    -5.04  -0.08641  0.02233  -0.10423
    -4.09  -0.03147  0.01011  -0.13818
    -3.02  0.08931  0.01003  -0.14012
    -2.02  0.20095  0.00997  -0.14153
    -1.03  0.31305  0.00999  -0.14303
    -0.04  0.42495  0.01010  -0.14399
     1.27  0.57352  0.01033  -0.14517
     2.54  0.71529  0.01060  -0.14626
     3.81  0.85653  0.01099  -0.14686
     5.08  0.99048  0.01132  -0.14601
     6.35  1.11947  0.01193  -0.14416
     7.62  1.22814  0.01266  -0.13867
     9.74  1.29027  0.02054  -0.11614
    11.86  1.19764  0.06726  -0.10096
    13.98  1.17801  0.12043  -0.10360
    16.10  1.16267  0.16801  -0.10840
    18.22  1.16080  0.22011  -0.12048
    20.34  1.14772  0.28158  -0.13541
    22.45  1.11012  0.32447  -0.15895
    24.57  1.08275  0.36258  -0.18090
    26.69  1.05538  0.40068  -0.20286
    28.81  1.02802  0.43878  -0.22482
    30.93  1.00646  0.48090  -0.24246
    33.05  0.99059  0.52687  -0.25604
    35.17  0.97531  0.57320  -0.26926
    37.29  0.96002  0.61953  -0.28248
    39.41  0.94473  0.66586  -0.29570
    41.52  0.92531  0.71406  -0.30728
    43.64  0.90427  0.76295  -0.31823
    45.76  0.88323  0.81185  -0.32918
    47.88  0.86219  0.86075  -0.34013
    50.00  0.84114  0.90964  -0.35109
    60.00  0.69014  1.12321  -0.39699
    70.00  0.48814  1.29221  -0.43676
    80.00  0.25000  1.39459  -0.46917
    90.00  0.00000  1.41600  -0.49219
   100.00  -0.17500  1.39459  -0.51209
   110.00  -0.34200  1.29221  -0.51599
   120.00  -0.48314  1.12321  -0.50677
   130.00  -0.58914  0.90964  -0.49074
   140.00  -0.65829  0.67876  -0.47737
   150.00  -0.70929  0.46000  -0.48489
   160.00  -0.79100  0.28064  -0.56196
   170.00  -0.39500  0.16326  -0.50000
   180.00  0.00000  0.12234  0.00000
EOT
