AeroDyn airfoil file.  Compatible with AeroDyn v13.0.
Interpolated thickness: 0.82

  1        Number of airfoil tables in this file
  9990     Reynolds number in millions.  For efficiency, make very large if only one table.
  0        Control setting
  10.6738  Stall angle (deg)
  -3.03927 Zero lift angle of attack (deg)
  1.81304  Cn slope for zero lift (dimensionless)
  0.433932 Cn at stall value for positive angle of attack
  -0.8     Cn at stall value for negative angle of attack
  -2.12    Angle of attack for minimum CD (deg)
  0.269592 Minimum CD value
  -180.00  0.00008  0.29337  -0.00008
  -170.00  0.09339  0.30311  0.09466
  -160.00  0.18694  0.33103  -0.03399
  -150.00  0.16800  0.37371  -0.01500
  -140.00  0.15592  0.42579  -0.00176
  -130.00  0.13958  0.48081  0.01106
  -120.00  0.11447  0.53178  0.02377
  -110.00  0.08108  0.57223  0.03557
  -100.00  0.04152  0.59693  0.04523
   -90.00  0.00008  0.60247  0.05158
   -80.00  -0.04137  0.59693  0.05627
   -70.00  -0.08092  0.57223  0.05712
   -60.00  -0.11432  0.53178  0.05492
   -50.00  -0.13942  0.48081  0.05108
   -40.00  -0.15577  0.42579  0.04796
   -30.00  -0.16784  0.37371  0.04983
   -20.00  -0.18632  0.33098  0.06802
   -10.00  -0.07619  0.29221  0.03003
    -4.17  -0.01698  0.26964  -0.03196
    -3.17  0.01002  0.26962  -0.03243
    -2.12  0.03797  0.26959  -0.03281
    -1.08  0.06616  0.26959  -0.03323
    -0.05  0.09410  0.26962  -0.03347
    -0.01  0.09417  0.26962  -0.03347
     1.15  0.12718  0.26967  -0.03378
     2.30  0.15828  0.26971  -0.03404
     3.45  0.18947  0.26979  -0.03421
     4.60  0.21969  0.26986  -0.03417
     5.75  0.24894  0.26994  -0.03396
     6.90  0.27667  0.27009  -0.03345
     8.05  0.29944  0.27026  -0.03205
    10.67  0.30979  0.27326  -0.02493
    13.30  0.27115  0.29422  -0.02303
    15.92  0.26184  0.30720  -0.02504
    18.54  0.26781  0.32012  -0.02817
    21.16  0.26633  0.33635  -0.03328
    23.78  0.25837  0.34753  -0.03976
    26.40  0.25042  0.35871  -0.04624
    29.03  0.24247  0.36990  -0.05272
    31.65  0.23683  0.38267  -0.05749
    34.27  0.23237  0.39627  -0.06137
    36.89  0.22792  0.40987  -0.06526
    39.51  0.22347  0.42347  -0.06914
    42.13  0.21763  0.43771  -0.07247
    44.76  0.21151  0.45207  -0.07569
    47.38  0.20538  0.46644  -0.07890
    50.00  0.19926  0.48081  -0.08212
    60.00  0.16350  0.53178  -0.09308
    70.00  0.11566  0.57223  -0.10263
    80.00  0.05929  0.59693  -0.11047
    90.00  0.00008  0.60247  -0.11611
   100.00  -0.04137  0.59693  -0.12077
   110.00  -0.08092  0.57223  -0.12165
   120.00  -0.11432  0.53178  -0.11942
   130.00  -0.13942  0.48081  -0.11561
   140.00  -0.15577  0.42579  -0.11246
   150.00  -0.16784  0.37371  -0.11433
   160.00  -0.18679  0.33103  -0.13271
   170.00  -0.09324  0.30311  -0.11850
   180.00  0.00008  0.29337  -0.00008
EOT
