AeroDyn airfoil file.  Compatible with AeroDyn v13.0.
Interpolated thickness: 0.314

  1        Number of airfoil tables in this file
  9990     Reynolds number in millions.  For efficiency, make very large if only one table.
  0        Control setting
  10.8112  Stall angle (deg)
  -3.553   Zero lift angle of attack (deg)
  5.86896  Cn slope for zero lift (dimensionless)
  1.47136  Cn at stall value for positive angle of attack
  -0.8     Cn at stall value for negative angle of attack
  -2.12    Angle of attack for minimum CD (deg)
  0.0435566 Minimum CD value
  -180.00  0.00001  0.13418  -0.00001
  -170.00  0.35565  0.17128  0.36104
  -160.00  0.71219  0.27770  -0.12927
  -150.00  0.63998  0.44035  -0.05688
  -140.00  0.59394  0.63884  -0.00642
  -130.00  0.53166  0.84852  0.04241
  -120.00  0.43598  1.04277  0.09089
  -110.00  0.30871  1.19694  0.13584
  -100.00  0.15797  1.29108  0.17266
   -90.00  0.00001  1.31221  0.19685
   -80.00  -0.15795  1.29108  0.21473
   -70.00  -0.30869  1.19694  0.21798
   -60.00  -0.43596  1.04277  0.20958
   -50.00  -0.53164  0.84852  0.19496
   -40.00  -0.59392  0.63884  0.18304
   -30.00  -0.63996  0.44035  0.19017
   -20.00  -0.71036  0.27752  0.25950
   -10.00  -0.29064  0.12976  0.11471
    -4.17  -0.06498  0.04374  -0.12150
    -3.17  0.03792  0.04365  -0.12331
    -2.12  0.14443  0.04356  -0.12475
    -1.08  0.25184  0.04356  -0.12638
    -0.05  0.35835  0.04365  -0.12728
    -0.04  0.35860  0.04365  -0.12728
     1.17  0.48443  0.04384  -0.12844
     2.34  0.60294  0.04400  -0.12943
     3.51  0.72182  0.04431  -0.13011
     4.68  0.83698  0.04457  -0.12994
     5.86  0.94845  0.04490  -0.12913
     7.03  1.05415  0.04547  -0.12720
     8.20  1.14094  0.04608  -0.12186
    10.81  1.18038  0.05752  -0.09471
    13.42  1.03311  0.13741  -0.08748
    16.04  0.99761  0.18687  -0.09516
    18.65  1.02038  0.23613  -0.10709
    21.26  1.01471  0.29797  -0.12654
    23.87  0.98441  0.34059  -0.15124
    26.49  0.95411  0.38321  -0.17594
    29.10  0.92380  0.42583  -0.20064
    31.71  0.90229  0.47452  -0.21882
    34.32  0.88532  0.52635  -0.23362
    36.94  0.86835  0.57818  -0.24842
    39.55  0.85138  0.63001  -0.26322
    42.16  0.82913  0.68426  -0.27591
    44.77  0.80579  0.73902  -0.28817
    47.39  0.78246  0.79377  -0.30042
    50.00  0.75912  0.84852  -0.31268
    60.00  0.62283  1.04277  -0.35447
    70.00  0.44049  1.19694  -0.39085
    80.00  0.22567  1.29108  -0.42073
    90.00  0.00001  1.31221  -0.44221
   100.00  -0.15795  1.29108  -0.45999
   110.00  -0.30869  1.19694  -0.46333
   120.00  -0.43596  1.04277  -0.45485
   130.00  -0.53164  0.84852  -0.44031
   140.00  -0.59392  0.63884  -0.42831
   150.00  -0.63996  0.44035  -0.43544
   160.00  -0.71217  0.27770  -0.50548
   170.00  -0.35563  0.17128  -0.45133
   180.00  0.00001  0.13418  -0.00001
EOT
