AeroDyn airfoil file.  Compatible with AeroDyn v13.0.
Interpolated thickness: 0.614

  1        Number of airfoil tables in this file
  9990     Reynolds number in millions.  For efficiency, make very large if only one table.
  0        Control setting
  10.7298  Stall angle (deg)
  -3.33501 Zero lift angle of attack (deg)
  3.50629  Cn slope for zero lift (dimensionless)
  0.860711 Cn at stall value for positive angle of attack
  -0.8     Cn at stall value for negative angle of attack
  -2.12    Angle of attack for minimum CD (deg)
  0.17757  Minimum CD value
  -180.00  0.00005  0.22856  -0.00005
  -170.00  0.20016  0.24944  0.20311
  -160.00  0.40078  0.30932  -0.07278
  -150.00  0.36015  0.40084  -0.03205
  -140.00  0.33424  0.51253  -0.00366
  -130.00  0.29920  0.63051  0.02382
  -120.00  0.24536  0.73981  0.05110
  -110.00  0.17375  0.82656  0.07639
  -100.00  0.08893  0.87953  0.09711
   -90.00  0.00005  0.89142  0.11072
   -80.00  -0.08883  0.87953  0.12078
   -70.00  -0.17365  0.82656  0.12261
   -60.00  -0.24526  0.73981  0.11788
   -50.00  -0.29910  0.63051  0.10966
   -40.00  -0.33415  0.51253  0.10295
   -30.00  -0.36005  0.40084  0.10696
   -20.00  -0.39966  0.30922  0.14597
   -10.00  -0.16349  0.22607  0.06450
    -4.17  -0.03652  0.17767  -0.06841
    -3.17  0.02138  0.17762  -0.06943
    -2.12  0.08131  0.17757  -0.07024
    -1.08  0.14175  0.17757  -0.07115
    -0.05  0.20168  0.17762  -0.07166
    -0.02  0.20182  0.17762  -0.07166
     1.16  0.27262  0.17773  -0.07232
     2.32  0.33930  0.17782  -0.07287
     3.48  0.40620  0.17799  -0.07325
     4.64  0.47100  0.17814  -0.07316
     5.79  0.53372  0.17833  -0.07270
     6.95  0.59319  0.17864  -0.07162
     8.11  0.64203  0.17899  -0.06862
    10.73  0.66422  0.18543  -0.05334
    13.35  0.58135  0.23038  -0.04927
    15.97  0.56138  0.25821  -0.05359
    18.58  0.57419  0.28593  -0.06030
    21.20  0.57101  0.32073  -0.07125
    23.82  0.55395  0.34471  -0.08514
    26.44  0.53690  0.36869  -0.09904
    29.06  0.51985  0.39267  -0.11294
    31.67  0.50774  0.42006  -0.12317
    34.29  0.49820  0.44923  -0.13150
    36.91  0.48865  0.47839  -0.13983
    39.53  0.47910  0.50756  -0.14815
    42.15  0.46658  0.53808  -0.15529
    44.76  0.45345  0.56889  -0.16219
    47.38  0.44032  0.59970  -0.16909
    50.00  0.42719  0.63051  -0.17598
    60.00  0.35050  0.73981  -0.19950
    70.00  0.24790  0.82656  -0.21997
    80.00  0.12702  0.87953  -0.23678
    90.00  0.00005  0.89142  -0.24887
   100.00  -0.08883  0.87953  -0.25887
   110.00  -0.17365  0.82656  -0.26075
   120.00  -0.24526  0.73981  -0.25598
   130.00  -0.29910  0.63051  -0.24780
   140.00  -0.33415  0.51253  -0.24105
   150.00  -0.36005  0.40084  -0.24506
   160.00  -0.40068  0.30932  -0.28447
   170.00  -0.20006  0.24944  -0.25400
   180.00  0.00005  0.22856  -0.00005
EOT
