AeroDyn airfoil file.  Compatible with AeroDyn v13.0.
Interpolated thickness: 0.374

  1        Number of airfoil tables in this file
  9990     Reynolds number in millions.  For efficiency, make very large if only one table.
  0        Control setting
  10.7949  Stall angle (deg)
  -3.51971 Zero lift angle of attack (deg)
  5.40258  Cn slope for zero lift (dimensionless)
  1.34976  Cn at stall value for positive angle of attack
  -0.8     Cn at stall value for negative angle of attack
  -2.12    Angle of attack for minimum CD (deg)
  0.0703592 Minimum CD value
  -180.00  0.00002  0.15306  -0.00002
  -170.00  0.32455  0.18691  0.32946
  -160.00  0.64990  0.28402  -0.11797
  -150.00  0.58401  0.43245  -0.05191
  -140.00  0.54200  0.61358  -0.00587
  -130.00  0.48517  0.80492  0.03870
  -120.00  0.39786  0.98218  0.08293
  -110.00  0.28172  1.12286  0.12395
  -100.00  0.14416  1.20877  0.15755
   -90.00  0.00002  1.22805  0.17963
   -80.00  -0.14413  1.20877  0.19594
   -70.00  -0.28168  1.12286  0.19890
   -60.00  -0.39782  0.98218  0.19124
   -50.00  -0.48513  0.80492  0.17790
   -40.00  -0.54197  0.61358  0.16703
   -30.00  -0.58397  0.43245  0.17353
   -20.00  -0.64822  0.28386  0.23679
   -10.00  -0.26521  0.14902  0.10467
    -4.17  -0.05929  0.07052  -0.11089
    -3.17  0.03461  0.07044  -0.11253
    -2.12  0.13181  0.07036  -0.11385
    -1.08  0.22983  0.07036  -0.11533
    -0.05  0.32702  0.07044  -0.11616
    -0.04  0.32725  0.07044  -0.11616
     1.17  0.44206  0.07062  -0.11722
     2.34  0.55021  0.07077  -0.11812
     3.51  0.65870  0.07105  -0.11874
     4.67  0.76378  0.07128  -0.11858
     5.84  0.86551  0.07159  -0.11785
     7.01  0.96196  0.07210  -0.11608
     8.18  1.04115  0.07267  -0.11122
    10.79  1.07715  0.08310  -0.08644
    13.41  0.94276  0.15600  -0.07984
    16.02  0.91036  0.20114  -0.08684
    18.64  0.93114  0.24609  -0.09774
    21.25  0.92597  0.30252  -0.11548
    23.86  0.89832  0.34141  -0.13802
    26.48  0.87067  0.38030  -0.16056
    29.09  0.84301  0.41920  -0.18310
    31.70  0.82338  0.46363  -0.19969
    34.32  0.80789  0.51092  -0.21319
    36.93  0.79241  0.55822  -0.22670
    39.55  0.77692  0.60552  -0.24021
    42.16  0.75662  0.65503  -0.25179
    44.77  0.73532  0.70499  -0.26297
    47.39  0.71403  0.75496  -0.27416
    50.00  0.69274  0.80492  -0.28534
    60.00  0.56836  0.98218  -0.32348
    70.00  0.40198  1.12286  -0.35667
    80.00  0.20594  1.20877  -0.38394
    90.00  0.00002  1.22805  -0.40354
   100.00  -0.14413  1.20877  -0.41977
   110.00  -0.28168  1.12286  -0.42281
   120.00  -0.39782  0.98218  -0.41507
   130.00  -0.48513  0.80492  -0.40181
   140.00  -0.54197  0.61358  -0.39086
   150.00  -0.58397  0.43245  -0.39736
   160.00  -0.64987  0.28402  -0.46128
   170.00  -0.32451  0.18691  -0.41186
   180.00  0.00002  0.15306  -0.00002
EOT
