AeroDyn airfoil file.  Compatible with AeroDyn v13.0.
Interpolated thickness: 0.949

  1        Number of airfoil tables in this file
  9990     Reynolds number in millions.  For efficiency, make very large if only one table.
  0        Control setting
  10.6388  Stall angle (deg)
  -2.0429  Zero lift angle of attack (deg)
  0.766368 Cn slope for zero lift (dimensionless)
  0.169626 Cn at stall value for positive angle of attack
  -0.8     Cn at stall value for negative angle of attack
  -2.12    Angle of attack for minimum CD (deg)
  0.327218 Minimum CD value
  -180.00  0.00009  0.33396  -0.00009
  -170.00  0.02653  0.33671  0.02675
  -160.00  0.05304  0.34462  -0.00970
  -150.00  0.04767  0.35672  -0.00432
  -140.00  0.04425  0.37147  -0.00057
  -130.00  0.03962  0.38706  0.00306
  -120.00  0.03251  0.40150  0.00666
  -110.00  0.02304  0.41296  0.01001
  -100.00  0.01184  0.41996  0.01274
   -90.00  0.00009  0.42153  0.01454
   -80.00  -0.01165  0.41996  0.01587
   -70.00  -0.02286  0.41296  0.01611
   -60.00  -0.03232  0.40150  0.01549
   -50.00  -0.03943  0.38706  0.01440
   -40.00  -0.04406  0.37147  0.01352
   -30.00  -0.04748  0.35672  0.01405
   -20.00  -0.05272  0.34461  0.01920
   -10.00  -0.02151  0.33363  0.00844
    -4.17  -0.00474  0.32723  -0.00913
    -3.17  0.00291  0.32722  -0.00926
    -2.12  0.01083  0.32722  -0.00937
    -1.08  0.01882  0.32722  -0.00949
    -0.05  0.02673  0.32722  -0.00956
    -0.00  0.02675  0.32722  -0.00956
     1.14  0.03611  0.32724  -0.00964
     2.29  0.04492  0.32725  -0.00972
     3.43  0.05376  0.32727  -0.00977
     4.58  0.06232  0.32729  -0.00975
     5.72  0.07060  0.32732  -0.00969
     6.87  0.07846  0.32736  -0.00955
     8.01  0.08491  0.32741  -0.00915
    10.64  0.08785  0.32826  -0.00713
    13.26  0.07690  0.33420  -0.00660
    15.89  0.07426  0.33787  -0.00717
    18.51  0.07595  0.34153  -0.00805
    21.14  0.07553  0.34613  -0.00950
    23.76  0.07328  0.34930  -0.01134
    26.38  0.07102  0.35247  -0.01317
    29.01  0.06877  0.35564  -0.01501
    31.63  0.06717  0.35926  -0.01636
    34.26  0.06591  0.36311  -0.01746
    36.88  0.06465  0.36696  -0.01856
    39.50  0.06339  0.37082  -0.01966
    42.13  0.06173  0.37485  -0.02060
    44.75  0.06000  0.37892  -0.02152
    47.38  0.05826  0.38299  -0.02243
    50.00  0.05653  0.38706  -0.02334
    60.00  0.04640  0.40150  -0.02645
    70.00  0.03284  0.41296  -0.02915
    80.00  0.01687  0.41996  -0.03137
    90.00  0.00009  0.42153  -0.03297
   100.00  -0.01165  0.41996  -0.03429
   110.00  -0.02286  0.41296  -0.03454
   120.00  -0.03232  0.40150  -0.03391
   130.00  -0.03943  0.38706  -0.03283
   140.00  -0.04406  0.37147  -0.03193
   150.00  -0.04748  0.35672  -0.03246
   160.00  -0.05285  0.34462  -0.03767
   170.00  -0.02635  0.33671  -0.03365
   180.00  0.00009  0.33396  -0.00009
EOT
