AeroDyn airfoil file.  Compatible with AeroDyn v13.0.
Interpolated thickness: 0.387

  1        Number of airfoil tables in this file
  9990     Reynolds number in millions.  For efficiency, make very large if only one table.
  0        Control setting
  10.7914  Stall angle (deg)
  -3.51206 Zero lift angle of attack (deg)
  5.30112  Cn slope for zero lift (dimensionless)
  1.32338  Cn at stall value for positive angle of attack
  -0.8     Cn at stall value for negative angle of attack
  -2.12    Angle of attack for minimum CD (deg)
  0.0761664 Minimum CD value
  -180.00  0.00002  0.15715  -0.00002
  -170.00  0.31781  0.19030  0.32261
  -160.00  0.63641  0.28539  -0.11552
  -150.00  0.57188  0.43074  -0.05083
  -140.00  0.53075  0.60811  -0.00575
  -130.00  0.47509  0.79547  0.03789
  -120.00  0.38960  0.96905  0.08120
  -110.00  0.27587  1.10681  0.12137
  -100.00  0.14117  1.19094  0.15428
   -90.00  0.00002  1.20981  0.17590
   -80.00  -0.14113  1.19094  0.19187
   -70.00  -0.27583  1.10681  0.19477
   -60.00  -0.38956  0.96905  0.18727
   -50.00  -0.47506  0.79547  0.17420
   -40.00  -0.53071  0.60811  0.16355
   -30.00  -0.57185  0.43074  0.16993
   -20.00  -0.63476  0.28523  0.23187
   -10.00  -0.25970  0.15319  0.10250
    -4.17  -0.05805  0.07633  -0.10858
    -3.17  0.03390  0.07625  -0.11020
    -2.12  0.12907  0.07617  -0.11149
    -1.08  0.22505  0.07617  -0.11294
    -0.05  0.32023  0.07625  -0.11375
    -0.04  0.32045  0.07625  -0.11375
     1.17  0.43289  0.07642  -0.11478
     2.34  0.53879  0.07657  -0.11567
     3.50  0.64502  0.07684  -0.11628
     4.67  0.74792  0.07707  -0.11612
     5.84  0.84754  0.07737  -0.11540
     7.01  0.94198  0.07787  -0.11367
     8.18  1.01954  0.07842  -0.10891
    10.79  1.05478  0.08864  -0.08464
    13.41  0.92318  0.16003  -0.07818
    16.02  0.89146  0.20423  -0.08504
    18.63  0.91180  0.24825  -0.09571
    21.25  0.90675  0.30351  -0.11308
    23.86  0.87967  0.34159  -0.13516
    26.47  0.85259  0.37968  -0.15723
    29.09  0.82551  0.41776  -0.17930
    31.70  0.80628  0.46127  -0.19554
    34.32  0.79112  0.50758  -0.20877
    36.93  0.77595  0.55390  -0.22200
    39.54  0.76079  0.60021  -0.23522
    42.16  0.74091  0.64869  -0.24656
    44.77  0.72005  0.69762  -0.25751
    47.39  0.69920  0.74655  -0.26847
    50.00  0.67835  0.79547  -0.27942
    60.00  0.55656  0.96905  -0.31676
    70.00  0.39363  1.10681  -0.34927
    80.00  0.20166  1.19094  -0.37597
    90.00  0.00002  1.20981  -0.39516
   100.00  -0.14113  1.19094  -0.41105
   110.00  -0.27583  1.10681  -0.41404
   120.00  -0.38956  0.96905  -0.40645
   130.00  -0.47506  0.79547  -0.39347
   140.00  -0.53071  0.60811  -0.38274
   150.00  -0.57185  0.43074  -0.38911
   160.00  -0.63637  0.28539  -0.45170
   170.00  -0.31777  0.19030  -0.40331
   180.00  0.00002  0.15715  -0.00002
EOT
