AeroDyn airfoil file.  Compatible with AeroDyn v13.0.
Interpolated thickness: 0.904

  1        Number of airfoil tables in this file
  9990     Reynolds number in millions.  For efficiency, make very large if only one table.
  0        Control setting
  10.6511  Stall angle (deg)
  -2.59711 Zero lift angle of attack (deg)
  1.13267  Cn slope for zero lift (dimensionless)
  0.2619   Cn at stall value for positive angle of attack
  -0.8     Cn at stall value for negative angle of attack
  -2.12    Angle of attack for minimum CD (deg)
  0.307116 Minimum CD value
  -180.00  0.00009  0.31980  -0.00009
  -170.00  0.04986  0.32499  0.05044
  -160.00  0.09975  0.33988  -0.01818
  -150.00  0.08965  0.36264  -0.00805
  -140.00  0.08320  0.39042  -0.00098
  -130.00  0.07449  0.41976  0.00585
  -120.00  0.06110  0.44695  0.01263
  -110.00  0.04329  0.46852  0.01892
  -100.00  0.02219  0.48170  0.02408
   -90.00  0.00009  0.48465  0.02746
   -80.00  -0.02202  0.48170  0.02996
   -70.00  -0.04311  0.46852  0.03042
   -60.00  -0.06092  0.44695  0.02924
   -50.00  -0.07431  0.41976  0.02720
   -40.00  -0.08303  0.39042  0.02553
   -30.00  -0.08947  0.36264  0.02653
   -20.00  -0.09932  0.33986  0.03623
   -10.00  -0.04059  0.31918  0.01597
    -4.17  -0.00901  0.30714  -0.01709
    -3.17  0.00539  0.30713  -0.01734
    -2.12  0.02030  0.30712  -0.01754
    -1.08  0.03533  0.30712  -0.01777
    -0.05  0.05023  0.30713  -0.01790
    -0.01  0.05027  0.30713  -0.01790
     1.15  0.06788  0.30716  -0.01806
     2.29  0.08446  0.30718  -0.01820
     3.44  0.10110  0.30722  -0.01829
     4.59  0.11721  0.30726  -0.01827
     5.73  0.13281  0.30730  -0.01816
     6.88  0.14761  0.30738  -0.01789
     8.03  0.15975  0.30747  -0.01714
    10.65  0.16527  0.30907  -0.01334
    13.27  0.14466  0.32025  -0.01233
    15.90  0.13969  0.32717  -0.01340
    18.52  0.14288  0.33407  -0.01507
    21.14  0.14209  0.34272  -0.01779
    23.77  0.13785  0.34868  -0.02125
    26.39  0.13361  0.35465  -0.02471
    29.01  0.12936  0.36061  -0.02816
    31.64  0.12635  0.36743  -0.03071
    34.26  0.12398  0.37468  -0.03278
    36.88  0.12160  0.38193  -0.03485
    39.51  0.11923  0.38918  -0.03692
    42.13  0.11612  0.39678  -0.03870
    44.75  0.11285  0.40444  -0.04041
    47.38  0.10958  0.41210  -0.04213
    50.00  0.10632  0.41976  -0.04384
    60.00  0.08725  0.44695  -0.04969
    70.00  0.06173  0.46852  -0.05478
    80.00  0.03167  0.48170  -0.05896
    90.00  0.00009  0.48465  -0.06197
   100.00  -0.02202  0.48170  -0.06446
   110.00  -0.04311  0.46852  -0.06493
   120.00  -0.06092  0.44695  -0.06374
   130.00  -0.07431  0.41976  -0.06170
   140.00  -0.08303  0.39042  -0.06002
   150.00  -0.08947  0.36264  -0.06102
   160.00  -0.09958  0.33988  -0.07082
   170.00  -0.04968  0.32499  -0.06325
   180.00  0.00009  0.31980  -0.00009
EOT
