AeroDyn airfoil file.  Compatible with AeroDyn v13.0.
Interpolated thickness: 0.413

  1        Number of airfoil tables in this file
  9990     Reynolds number in millions.  For efficiency, make very large if only one table.
  0        Control setting
  10.7843  Stall angle (deg)
  -3.4962  Zero lift angle of attack (deg)
  5.09779  Cn slope for zero lift (dimensionless)
  1.27058  Cn at stall value for positive angle of attack
  -0.8     Cn at stall value for negative angle of attack
  -2.12    Angle of attack for minimum CD (deg)
  0.0877809 Minimum CD value
  -180.00  0.00002  0.16533  -0.00002
  -170.00  0.30434  0.19707  0.30892
  -160.00  0.60942  0.28813  -0.11063
  -150.00  0.54763  0.42731  -0.04868
  -140.00  0.50824  0.59716  -0.00551
  -130.00  0.45495  0.77658  0.03628
  -120.00  0.37308  0.94279  0.07775
  -110.00  0.26417  1.07471  0.11622
  -100.00  0.13519  1.15527  0.14773
   -90.00  0.00002  1.17334  0.16843
   -80.00  -0.13514  1.15527  0.18372
   -70.00  -0.26413  1.07471  0.18650
   -60.00  -0.37303  0.94279  0.17932
   -50.00  -0.45490  0.77658  0.16681
   -40.00  -0.50820  0.59716  0.15661
   -30.00  -0.54759  0.42731  0.16272
   -20.00  -0.60783  0.28798  0.22203
   -10.00  -0.24868  0.16154  0.09815
    -4.17  -0.05559  0.08794  -0.10398
    -3.17  0.03246  0.08786  -0.10553
    -2.12  0.12360  0.08778  -0.10676
    -1.08  0.21551  0.08778  -0.10815
    -0.05  0.30665  0.08786  -0.10893
    -0.04  0.30686  0.08786  -0.10893
     1.17  0.41453  0.08803  -0.10992
     2.33  0.51594  0.08816  -0.11077
     3.50  0.61767  0.08843  -0.11135
     4.67  0.71620  0.08864  -0.11120
     5.84  0.81159  0.08893  -0.11051
     7.00  0.90203  0.08942  -0.10886
     8.17  0.97630  0.08994  -0.10429
    10.78  1.01005  0.09973  -0.08106
    13.40  0.88403  0.16809  -0.07487
    16.01  0.85365  0.21041  -0.08144
    18.63  0.87313  0.25257  -0.09165
    21.24  0.86829  0.30548  -0.10829
    23.86  0.84236  0.34195  -0.12943
    26.47  0.81643  0.37842  -0.15056
    29.08  0.79050  0.41488  -0.17170
    31.70  0.77209  0.45655  -0.18725
    34.31  0.75757  0.50090  -0.19992
    36.93  0.74305  0.54525  -0.21258
    39.54  0.72852  0.58960  -0.22525
    42.16  0.70948  0.63603  -0.23611
    44.77  0.68952  0.68288  -0.24660
    47.39  0.66955  0.72973  -0.25708
    50.00  0.64958  0.77658  -0.26757
    60.00  0.53296  0.94279  -0.30333
    70.00  0.37694  1.07471  -0.33446
    80.00  0.19311  1.15527  -0.36002
    90.00  0.00002  1.17334  -0.37841
   100.00  -0.13514  1.15527  -0.39362
   110.00  -0.26413  1.07471  -0.39648
   120.00  -0.37303  0.94279  -0.38922
   130.00  -0.45490  0.77658  -0.37678
   140.00  -0.50820  0.59716  -0.36651
   150.00  -0.54759  0.42731  -0.37261
   160.00  -0.60938  0.28813  -0.43255
   170.00  -0.30429  0.19707  -0.38621
   180.00  0.00002  0.16533  -0.00002
EOT
