AeroDyn airfoil file.  Compatible with AeroDyn v13.0.
Interpolated thickness: 0.671

  1        Number of airfoil tables in this file
  9990     Reynolds number in millions.  For efficiency, make very large if only one table.
  0        Control setting
  10.7143  Stall angle (deg)
  -3.26732 Zero lift angle of attack (deg)
  3.04857  Cn slope for zero lift (dimensionless)
  0.743926 Cn at stall value for positive angle of attack
  -0.8     Cn at stall value for negative angle of attack
  -2.12    Angle of attack for minimum CD (deg)
  0.203032 Minimum CD value
  -180.00  0.00006  0.24649  -0.00006
  -170.00  0.17062  0.26429  0.17310
  -160.00  0.34161  0.31533  -0.06205
  -150.00  0.30698  0.39333  -0.02733
  -140.00  0.28490  0.48853  -0.00313
  -130.00  0.25503  0.58909  0.02029
  -120.00  0.20914  0.68225  0.04354
  -110.00  0.14811  0.75619  0.06509
  -100.00  0.07581  0.80134  0.08276
   -90.00  0.00006  0.81147  0.09436
   -80.00  -0.07570  0.80134  0.10293
   -70.00  -0.14799  0.75619  0.10449
   -60.00  -0.20903  0.68225  0.10046
   -50.00  -0.25492  0.58909  0.09345
   -40.00  -0.28479  0.48853  0.08773
   -30.00  -0.30687  0.39333  0.09115
   -20.00  -0.34063  0.31524  0.12440
   -10.00  -0.13934  0.24437  0.05496
    -4.17  -0.03111  0.20312  -0.05832
    -3.17  0.01824  0.20308  -0.05919
    -2.12  0.06932  0.20303  -0.05988
    -1.08  0.12083  0.20303  -0.06066
    -0.05  0.17192  0.20308  -0.06109
    -0.02  0.17203  0.20308  -0.06110
     1.16  0.23238  0.20317  -0.06165
     2.31  0.28921  0.20325  -0.06213
     3.47  0.34623  0.20339  -0.06245
     4.63  0.40146  0.20352  -0.06237
     5.78  0.45492  0.20368  -0.06198
     6.94  0.50561  0.20395  -0.06106
     8.10  0.54724  0.20424  -0.05850
    10.71  0.56615  0.20973  -0.04548
    13.33  0.49552  0.24804  -0.04201
    15.95  0.47850  0.27176  -0.04569
    18.57  0.48942  0.29539  -0.05141
    21.19  0.48670  0.32505  -0.06074
    23.81  0.47217  0.34549  -0.07259
    26.43  0.45763  0.36593  -0.08443
    29.05  0.44310  0.38637  -0.09628
    31.67  0.43278  0.40972  -0.10499
    34.29  0.42464  0.43458  -0.11209
    36.90  0.41650  0.45943  -0.11919
    39.52  0.40836  0.48429  -0.12629
    42.14  0.39769  0.51031  -0.13238
    44.76  0.38650  0.53657  -0.13826
    47.38  0.37531  0.56283  -0.14413
    50.00  0.36412  0.58909  -0.15001
    60.00  0.29875  0.68225  -0.17005
    70.00  0.21131  0.75619  -0.18750
    80.00  0.10828  0.80134  -0.20183
    90.00  0.00006  0.81147  -0.21213
   100.00  -0.07570  0.80134  -0.22066
   110.00  -0.14799  0.75619  -0.22226
   120.00  -0.20903  0.68225  -0.21819
   130.00  -0.25492  0.58909  -0.21122
   140.00  -0.28479  0.48853  -0.20547
   150.00  -0.30687  0.39333  -0.20889
   160.00  -0.34150  0.31533  -0.24248
   170.00  -0.17050  0.26429  -0.21650
   180.00  0.00006  0.24649  -0.00006
EOT
