AeroDyn airfoil file.  Compatible with AeroDyn v13.0.
Interpolated thickness: 0.244

  1        Number of airfoil tables in this file
  9990     Reynolds number in millions.  For efficiency, make very large if only one table.
  0        Control setting
  10.8302  Stall angle (deg)
  -3.58834 Zero lift angle of attack (deg)
  6.40927  Cn slope for zero lift (dimensionless)
  1.6129   Cn at stall value for positive angle of attack
  -0.8     Cn at stall value for negative angle of attack
  -2.12    Angle of attack for minimum CD (deg)
  0.0122868 Minimum CD value
  -180.00  0.00000  0.11216  -0.00000
  -170.00  0.39193  0.15304  0.39789
  -160.00  0.78485  0.27032  -0.14245
  -150.00  0.70527  0.44957  -0.06267
  -140.00  0.65454  0.66832  -0.00706
  -130.00  0.58590  0.89939  0.04675
  -120.00  0.48046  1.11346  0.10017
  -110.00  0.34020  1.28336  0.14971
  -100.00  0.17408  1.38711  0.19029
   -90.00  0.00000  1.41039  0.21695
   -80.00  -0.17408  1.38711  0.23665
   -70.00  -0.34020  1.28336  0.24023
   -60.00  -0.48046  1.11346  0.23098
   -50.00  -0.58590  0.89939  0.21486
   -40.00  -0.65454  0.66832  0.20173
   -30.00  -0.70527  0.44957  0.20959
   -20.00  -0.78286  0.27012  0.28599
   -10.00  -0.32030  0.10728  0.12643
    -4.17  -0.07162  0.01249  -0.13389
    -3.17  0.04178  0.01239  -0.13588
    -2.12  0.15916  0.01229  -0.13747
    -1.08  0.27753  0.01229  -0.13926
    -0.05  0.39491  0.01239  -0.14026
    -0.05  0.39518  0.01239  -0.14026
     1.17  0.53385  0.01260  -0.14154
     2.35  0.66445  0.01278  -0.14263
     3.52  0.79547  0.01312  -0.14338
     4.70  0.92237  0.01340  -0.14319
     5.87  1.04523  0.01377  -0.14230
     7.04  1.16171  0.01439  -0.14017
     8.22  1.25735  0.01507  -0.13429
    10.83  1.30081  0.02767  -0.10437
    13.44  1.13851  0.11572  -0.09639
    16.05  1.09939  0.17023  -0.10486
    18.66  1.12449  0.22452  -0.11801
    21.28  1.11825  0.29266  -0.13944
    23.89  1.08485  0.33963  -0.16666
    26.50  1.05145  0.38660  -0.19388
    29.11  1.01806  0.43357  -0.22110
    31.72  0.99435  0.48722  -0.24113
    34.33  0.97564  0.54434  -0.25745
    36.94  0.95694  0.60146  -0.27376
    39.55  0.93824  0.65858  -0.29007
    42.17  0.91372  0.71837  -0.30406
    44.78  0.88800  0.77871  -0.31756
    47.39  0.86229  0.83905  -0.33107
    50.00  0.83657  0.89939  -0.34458
    60.00  0.68637  1.11346  -0.39063
    70.00  0.48543  1.28336  -0.43072
    80.00  0.24868  1.38711  -0.46365
    90.00  0.00000  1.41039  -0.48732
   100.00  -0.17408  1.38711  -0.50692
   110.00  -0.34020  1.28336  -0.51060
   120.00  -0.48046  1.11346  -0.50125
   130.00  -0.58590  0.89939  -0.48523
   140.00  -0.65454  0.66832  -0.47200
   150.00  -0.70527  0.44957  -0.47986
   160.00  -0.78485  0.27032  -0.55705
   170.00  -0.39193  0.15304  -0.49737
   180.00  0.00000  0.11216  -0.00000
EOT
