AeroDyn airfoil file.  Compatible with AeroDyn v13.0.
Interpolated thickness: 0.791

  1        Number of airfoil tables in this file
  9990     Reynolds number in millions.  For efficiency, make very large if only one table.
  0        Control setting
  10.6817  Stall angle (deg)
  -3.04515 Zero lift angle of attack (deg)
  2.07553  Cn slope for zero lift (dimensionless)
  0.497255 Cn at stall value for positive angle of attack
  -0.8     Cn at stall value for negative angle of attack
  -2.12    Angle of attack for minimum CD (deg)
  0.256638 Minimum CD value
  -180.00  0.00007  0.28425  -0.00007
  -170.00  0.10842  0.29555  0.10993
  -160.00  0.21705  0.32797  -0.03945
  -150.00  0.19505  0.37753  -0.01740
  -140.00  0.18102  0.43800  -0.00202
  -130.00  0.16205  0.50188  0.01285
  -120.00  0.13290  0.56106  0.02762
  -110.00  0.09412  0.60803  0.04131
  -100.00  0.04820  0.63671  0.05253
   -90.00  0.00007  0.64315  0.05990
   -80.00  -0.04805  0.63671  0.06535
   -70.00  -0.09398  0.60803  0.06634
   -60.00  -0.13275  0.56106  0.06378
   -50.00  -0.16190  0.50188  0.05933
   -40.00  -0.18088  0.43800  0.05570
   -30.00  -0.19490  0.37753  0.05787
   -20.00  -0.21635  0.32792  0.07899
   -10.00  -0.08848  0.28290  0.03488
    -4.17  -0.01973  0.25669  -0.03709
    -3.17  0.01162  0.25667  -0.03764
    -2.12  0.04407  0.25664  -0.03808
    -1.08  0.07680  0.25664  -0.03857
    -0.05  0.10925  0.25667  -0.03885
    -0.01  0.10932  0.25667  -0.03885
     1.15  0.14766  0.25673  -0.03920
     2.30  0.18376  0.25677  -0.03950
     3.45  0.21998  0.25687  -0.03971
     4.61  0.25507  0.25694  -0.03966
     5.76  0.28903  0.25705  -0.03941
     6.91  0.32123  0.25722  -0.03882
     8.06  0.34767  0.25741  -0.03720
    10.68  0.35969  0.26089  -0.02892
    13.30  0.31482  0.28523  -0.02672
    15.92  0.30401  0.30030  -0.02906
    18.55  0.31094  0.31531  -0.03270
    21.17  0.30922  0.33415  -0.03862
    23.79  0.29998  0.34713  -0.04615
    26.41  0.29075  0.36012  -0.05367
    29.03  0.28152  0.37310  -0.06120
    31.65  0.27496  0.38794  -0.06674
    34.27  0.26979  0.40373  -0.07124
    36.89  0.26462  0.41952  -0.07575
    39.52  0.25945  0.43531  -0.08026
    42.14  0.25267  0.45184  -0.08413
    44.76  0.24557  0.46852  -0.08786
    47.38  0.23846  0.48520  -0.09160
    50.00  0.23135  0.50188  -0.09533
    60.00  0.18982  0.56106  -0.10806
    70.00  0.13427  0.60803  -0.11915
    80.00  0.06882  0.63671  -0.12825
    90.00  0.00007  0.64315  -0.13479
   100.00  -0.04805  0.63671  -0.14021
   110.00  -0.09398  0.60803  -0.14123
   120.00  -0.13275  0.56106  -0.13864
   130.00  -0.16190  0.50188  -0.13422
   140.00  -0.18088  0.43800  -0.13056
   150.00  -0.19490  0.37753  -0.13273
   160.00  -0.21690  0.32797  -0.15407
   170.00  -0.10828  0.29555  -0.13757
   180.00  0.00007  0.28425  -0.00007
EOT
