AeroDyn airfoil file.  Compatible with AeroDyn v13.0.
Interpolated thickness: 0.359

  1        Number of airfoil tables in this file
  9990     Reynolds number in millions.  For efficiency, make very large if only one table.
  0        Control setting
  10.799   Stall angle (deg)
  -3.52834 Zero lift angle of attack (deg)
  5.51946  Cn slope for zero lift (dimensionless)
  1.38019  Cn at stall value for positive angle of attack
  -0.8     Cn at stall value for negative angle of attack
  -2.12    Angle of attack for minimum CD (deg)
  0.0636586 Minimum CD value
  -180.00  0.00002  0.14834  -0.00002
  -170.00  0.33232  0.18300  0.33735
  -160.00  0.66547  0.28244  -0.12079
  -150.00  0.59800  0.43443  -0.05315
  -140.00  0.55499  0.61989  -0.00600
  -130.00  0.49679  0.81582  0.03963
  -120.00  0.40739  0.99733  0.08492
  -110.00  0.28847  1.14138  0.12692
  -100.00  0.14761  1.22935  0.16133
   -90.00  0.00002  1.24909  0.18393
   -80.00  -0.14758  1.22935  0.20063
   -70.00  -0.28843  1.14138  0.20367
   -60.00  -0.40736  0.99733  0.19583
   -50.00  -0.49676  0.81582  0.18216
   -40.00  -0.55496  0.61989  0.17103
   -30.00  -0.59797  0.43443  0.17769
   -20.00  -0.66376  0.28227  0.24247
   -10.00  -0.27157  0.14421  0.10718
    -4.17  -0.06071  0.06383  -0.11354
    -3.17  0.03544  0.06374  -0.11523
    -2.12  0.13496  0.06366  -0.11658
    -1.08  0.23533  0.06366  -0.11809
    -0.05  0.33485  0.06374  -0.11894
    -0.04  0.33509  0.06374  -0.11894
     1.17  0.45265  0.06393  -0.12002
     2.34  0.56339  0.06408  -0.12095
     3.51  0.67448  0.06436  -0.12158
     4.68  0.78208  0.06460  -0.12142
     5.85  0.88624  0.06491  -0.12067
     7.02  0.98501  0.06544  -0.11886
     8.19  1.06610  0.06602  -0.11388
    10.80  1.10295  0.07670  -0.08851
    13.41  0.96534  0.15136  -0.08175
    16.03  0.93217  0.19757  -0.08892
    18.64  0.95345  0.24360  -0.10008
    21.25  0.94816  0.30139  -0.11825
    23.87  0.91984  0.34121  -0.14133
    26.48  0.89153  0.38103  -0.16441
    29.09  0.86321  0.42085  -0.18749
    31.71  0.84311  0.46635  -0.20447
    34.32  0.82725  0.51478  -0.21830
    36.93  0.81139  0.56321  -0.23213
    39.55  0.79553  0.61164  -0.24596
    42.16  0.77474  0.66234  -0.25782
    44.77  0.75294  0.71350  -0.26927
    47.39  0.73114  0.76466  -0.28072
    50.00  0.70933  0.81582  -0.29218
    60.00  0.58198  0.99733  -0.33123
    70.00  0.41161  1.14138  -0.36522
    80.00  0.21087  1.22935  -0.39313
    90.00  0.00002  1.24909  -0.41321
   100.00  -0.14758  1.22935  -0.42982
   110.00  -0.28843  1.14138  -0.43294
   120.00  -0.40736  0.99733  -0.42502
   130.00  -0.49676  0.81582  -0.41144
   140.00  -0.55496  0.61989  -0.40022
   150.00  -0.59797  0.43443  -0.40688
   160.00  -0.66544  0.28244  -0.47233
   170.00  -0.33229  0.18300  -0.42173
   180.00  0.00002  0.14834  -0.00002
EOT
