AeroDyn airfoil file.  Compatible with AeroDyn v13.0.
Interpolated thickness: 0.75

  1        Number of airfoil tables in this file
  9990     Reynolds number in millions.  For efficiency, make very large if only one table.
  0        Control setting
  10.6928  Stall angle (deg)
  -3.13887 Zero lift angle of attack (deg)
  2.40943  Cn slope for zero lift (dimensionless)
  0.581658 Cn at stall value for positive angle of attack
  -0.8     Cn at stall value for negative angle of attack
  -2.12    Angle of attack for minimum CD (deg)
  0.238322 Minimum CD value
  -180.00  0.00007  0.27135  -0.00007
  -170.00  0.12967  0.28487  0.13151
  -160.00  0.25961  0.32365  -0.04717
  -150.00  0.23329  0.38293  -0.02079
  -140.00  0.21651  0.45526  -0.00240
  -130.00  0.19382  0.53168  0.01539
  -120.00  0.15895  0.60247  0.03306
  -110.00  0.11257  0.65865  0.04944
  -100.00  0.05763  0.69296  0.06286
   -90.00  0.00007  0.70066  0.07168
   -80.00  -0.05750  0.69296  0.07819
   -70.00  -0.11243  0.65865  0.07937
   -60.00  -0.15881  0.60247  0.07631
   -50.00  -0.19368  0.53168  0.07099
   -40.00  -0.21638  0.45526  0.06664
   -30.00  -0.23316  0.38293  0.06924
   -20.00  -0.25881  0.32359  0.09451
   -10.00  -0.10585  0.26974  0.04174
    -4.17  -0.02362  0.23839  -0.04434
    -3.17  0.01388  0.23836  -0.04500
    -2.12  0.05270  0.23832  -0.04553
    -1.08  0.09184  0.23832  -0.04612
    -0.05  0.13066  0.23836  -0.04645
    -0.02  0.13075  0.23836  -0.04645
     1.15  0.17660  0.23843  -0.04687
     2.31  0.21979  0.23849  -0.04723
     3.46  0.26312  0.23860  -0.04748
     4.61  0.30508  0.23869  -0.04742
     5.77  0.34571  0.23881  -0.04712
     6.92  0.38423  0.23902  -0.04642
     8.07  0.41586  0.23924  -0.04448
    10.69  0.43023  0.24341  -0.03458
    13.31  0.37656  0.27253  -0.03194
    15.93  0.36362  0.29055  -0.03474
    18.55  0.37192  0.30850  -0.03909
    21.17  0.36986  0.33104  -0.04618
    23.80  0.35881  0.34657  -0.05518
    26.42  0.34777  0.36210  -0.06418
    29.04  0.33673  0.37763  -0.07318
    31.66  0.32889  0.39538  -0.07981
    34.28  0.32270  0.41427  -0.08520
    36.90  0.31652  0.43316  -0.09060
    39.52  0.31033  0.45204  -0.09599
    42.14  0.30222  0.47182  -0.10061
    44.76  0.29372  0.49177  -0.10508
    47.38  0.28522  0.51172  -0.10955
    50.00  0.27671  0.53168  -0.11401
    60.00  0.22704  0.60247  -0.12924
    70.00  0.16059  0.65865  -0.14250
    80.00  0.08230  0.69296  -0.15339
    90.00  0.00007  0.70066  -0.16122
   100.00  -0.05750  0.69296  -0.16770
   110.00  -0.11243  0.65865  -0.16892
   120.00  -0.15881  0.60247  -0.16582
   130.00  -0.19368  0.53168  -0.16053
   140.00  -0.21638  0.45526  -0.15615
   150.00  -0.23316  0.38293  -0.15875
   160.00  -0.25947  0.32365  -0.18428
   170.00  -0.12954  0.28487  -0.16454
   180.00  0.00007  0.27135  -0.00007
EOT
