AeroDyn airfoil file.  Compatible with AeroDyn v13.0.
Interpolated thickness: 0.883

  1        Number of airfoil tables in this file
  9990     Reynolds number in millions.  For efficiency, make very large if only one table.
  0        Control setting
  10.6568  Stall angle (deg)
  -2.75008 Zero lift angle of attack (deg)
  1.30317  Cn slope for zero lift (dimensionless)
  0.304934 Cn at stall value for positive angle of attack
  -0.8     Cn at stall value for negative angle of attack
  -2.12    Angle of attack for minimum CD (deg)
  0.297735 Minimum CD value
  -180.00  0.00008  0.31319  -0.00008
  -170.00  0.06074  0.31952  0.06149
  -160.00  0.12155  0.33767  -0.02213
  -150.00  0.10923  0.36541  -0.00978
  -140.00  0.10138  0.39926  -0.00118
  -130.00  0.09076  0.43503  0.00715
  -120.00  0.07444  0.46815  0.01542
  -110.00  0.05273  0.49445  0.02308
  -100.00  0.02703  0.51051  0.02937
   -90.00  0.00008  0.51411  0.03349
   -80.00  -0.02686  0.51051  0.03654
   -70.00  -0.05257  0.49445  0.03709
   -60.00  -0.07427  0.46815  0.03566
   -50.00  -0.09059  0.43503  0.03317
   -40.00  -0.10121  0.39926  0.03114
   -30.00  -0.10906  0.36541  0.03235
   -20.00  -0.12107  0.33764  0.04418
   -10.00  -0.04949  0.31244  0.01948
    -4.17  -0.01100  0.29777  -0.02081
    -3.17  0.00655  0.29775  -0.02111
    -2.12  0.02472  0.29773  -0.02136
    -1.08  0.04304  0.29773  -0.02164
    -0.05  0.06120  0.29775  -0.02179
    -0.01  0.06124  0.29775  -0.02179
     1.15  0.08270  0.29778  -0.02199
     2.30  0.10292  0.29781  -0.02216
     3.44  0.12319  0.29786  -0.02227
     4.59  0.14283  0.29791  -0.02224
     5.74  0.16185  0.29796  -0.02211
     6.89  0.17987  0.29806  -0.02178
     8.03  0.19467  0.29817  -0.02087
    10.66  0.20140  0.30012  -0.01624
    13.28  0.17628  0.31374  -0.01500
    15.90  0.17023  0.32218  -0.01631
    18.53  0.17411  0.33058  -0.01835
    21.15  0.17315  0.34113  -0.02166
    23.77  0.16798  0.34840  -0.02588
    26.39  0.16281  0.35566  -0.03009
    29.02  0.15764  0.36293  -0.03430
    31.64  0.15397  0.37124  -0.03740
    34.26  0.15108  0.38008  -0.03993
    36.89  0.14818  0.38892  -0.04245
    39.51  0.14529  0.39776  -0.04498
    42.13  0.14149  0.40701  -0.04714
    44.75  0.13751  0.41635  -0.04923
    47.38  0.13353  0.42569  -0.05132
    50.00  0.12955  0.43503  -0.05341
    60.00  0.10631  0.46815  -0.06054
    70.00  0.07521  0.49445  -0.06674
    80.00  0.03857  0.51051  -0.07184
    90.00  0.00008  0.51411  -0.07550
   100.00  -0.02686  0.51051  -0.07854
   110.00  -0.05257  0.49445  -0.07911
   120.00  -0.07427  0.46815  -0.07766
   130.00  -0.09059  0.43503  -0.07518
   140.00  -0.10121  0.39926  -0.07313
   150.00  -0.10906  0.36541  -0.07435
   160.00  -0.12138  0.33767  -0.08630
   170.00  -0.06057  0.31952  -0.07706
   180.00  0.00008  0.31319  -0.00008
EOT
