AeroDyn airfoil file.  Compatible with AeroDyn v13.0.
Interpolated thickness: 0.456

  1        Number of airfoil tables in this file
  9990     Reynolds number in millions.  For efficiency, make very large if only one table.
  0        Control setting
  10.7726  Stall angle (deg)
  -3.46814 Zero lift angle of attack (deg)
  4.76025  Cn slope for zero lift (dimensionless)
  1.18315  Cn at stall value for positive angle of attack
  -0.8     Cn at stall value for negative angle of attack
  -2.12    Angle of attack for minimum CD (deg)
  0.106989 Minimum CD value
  -180.00  0.00003  0.17885  -0.00003
  -170.00  0.28205  0.20827  0.28629
  -160.00  0.56479  0.29267  -0.10253
  -150.00  0.50752  0.42165  -0.04512
  -140.00  0.47102  0.57905  -0.00511
  -130.00  0.42163  0.74533  0.03361
  -120.00  0.34575  0.89937  0.07205
  -110.00  0.24483  1.02163  0.10770
  -100.00  0.12529  1.09628  0.13690
   -90.00  0.00003  1.11303  0.15609
   -80.00  -0.12523  1.09628  0.17026
   -70.00  -0.24477  1.02163  0.17283
   -60.00  -0.34570  0.89937  0.16618
   -50.00  -0.42157  0.74533  0.15458
   -40.00  -0.47096  0.57905  0.14513
   -30.00  -0.50747  0.42165  0.15079
   -20.00  -0.56330  0.29252  0.20576
   -10.00  -0.23046  0.17535  0.09095
    -4.17  -0.05151  0.10713  -0.09637
    -3.17  0.03009  0.10706  -0.09781
    -2.12  0.11455  0.10699  -0.09895
    -1.08  0.19973  0.10699  -0.10024
    -0.05  0.28420  0.10706  -0.10095
    -0.03  0.28439  0.10706  -0.10096
     1.17  0.38417  0.10722  -0.10188
     2.33  0.47815  0.10734  -0.10266
     3.50  0.57243  0.10759  -0.10320
     4.66  0.66374  0.10779  -0.10306
     5.83  0.75215  0.10806  -0.10242
     6.99  0.83596  0.10850  -0.10089
     8.16  0.90479  0.10899  -0.09666
    10.77  0.93606  0.11806  -0.07513
    13.39  0.81928  0.18142  -0.06939
    16.00  0.79113  0.22064  -0.07548
    18.62  0.80918  0.25970  -0.08495
    21.23  0.80469  0.30874  -0.10037
    23.85  0.78066  0.34254  -0.11995
    26.46  0.75663  0.37634  -0.13954
    29.08  0.73260  0.41013  -0.15913
    31.69  0.71554  0.44874  -0.17354
    34.31  0.70208  0.48984  -0.18528
    36.92  0.68862  0.53095  -0.19702
    39.54  0.67516  0.57205  -0.20876
    42.15  0.65752  0.61507  -0.21882
    44.77  0.63902  0.65849  -0.22854
    47.38  0.62051  0.70191  -0.23826
    50.00  0.60201  0.74533  -0.24798
    60.00  0.49392  0.89937  -0.28112
    70.00  0.34933  1.02163  -0.30997
    80.00  0.17898  1.09628  -0.33366
    90.00  0.00003  1.11303  -0.35069
   100.00  -0.12523  1.09628  -0.36479
   110.00  -0.24477  1.02163  -0.36744
   120.00  -0.34570  0.89937  -0.36071
   130.00  -0.42157  0.74533  -0.34919
   140.00  -0.47096  0.57905  -0.33967
   150.00  -0.50747  0.42165  -0.34533
   160.00  -0.56473  0.29267  -0.40087
   170.00  -0.28199  0.20827  -0.35792
   180.00  0.00003  0.17885  -0.00003
EOT
