AeroDyn airfoil file.  Compatible with AeroDyn v13.0.
Interpolated thickness: 0.363

  1        Number of airfoil tables in this file
  9990     Reynolds number in millions.  For efficiency, make very large if only one table.
  0        Control setting
  10.7979  Stall angle (deg)
  -3.52606 Zero lift angle of attack (deg)
  5.48831  Cn slope for zero lift (dimensionless)
  1.37208  Cn at stall value for positive angle of attack
  -0.8     Cn at stall value for negative angle of attack
  -2.12    Angle of attack for minimum CD (deg)
  0.0654454 Minimum CD value
  -180.00  0.00002  0.14960  -0.00002
  -170.00  0.33025  0.18404  0.33525
  -160.00  0.66132  0.28286  -0.12004
  -150.00  0.59427  0.43390  -0.05282
  -140.00  0.55152  0.61821  -0.00597
  -130.00  0.49369  0.81291  0.03938
  -120.00  0.40485  0.99329  0.08439
  -110.00  0.28667  1.13644  0.12613
  -100.00  0.14669  1.22386  0.16032
   -90.00  0.00002  1.24348  0.18279
   -80.00  -0.14666  1.22386  0.19938
   -70.00  -0.28663  1.13644  0.20240
   -60.00  -0.40481  0.99329  0.19460
   -50.00  -0.49366  0.81291  0.18103
   -40.00  -0.55149  0.61821  0.16996
   -30.00  -0.59424  0.43390  0.17658
   -20.00  -0.65961  0.28270  0.24095
   -10.00  -0.26987  0.14549  0.10651
    -4.17  -0.06033  0.06561  -0.11283
    -3.17  0.03522  0.06553  -0.11451
    -2.12  0.13412  0.06545  -0.11585
    -1.08  0.23386  0.06545  -0.11736
    -0.05  0.33276  0.06553  -0.11820
    -0.04  0.33299  0.06553  -0.11820
     1.17  0.44983  0.06571  -0.11928
     2.34  0.55988  0.06586  -0.12019
     3.51  0.67027  0.06615  -0.12082
     4.68  0.77720  0.06638  -0.12067
     5.85  0.88072  0.06669  -0.11991
     7.02  0.97886  0.06722  -0.11812
     8.18  1.05945  0.06779  -0.11317
    10.80  1.09607  0.07841  -0.08795
    13.41  0.95932  0.15260  -0.08124
    16.02  0.92636  0.19852  -0.08837
    18.64  0.94750  0.24427  -0.09945
    21.25  0.94224  0.30169  -0.11751
    23.87  0.91410  0.34126  -0.14044
    26.48  0.88596  0.38084  -0.16338
    29.09  0.85782  0.42041  -0.18632
    31.71  0.83784  0.46562  -0.20319
    34.32  0.82209  0.51375  -0.21694
    36.93  0.80633  0.56188  -0.23068
    39.55  0.79057  0.61001  -0.24443
    42.16  0.76991  0.66039  -0.25621
    44.77  0.74824  0.71123  -0.26759
    47.39  0.72657  0.76207  -0.27897
    50.00  0.70491  0.81291  -0.29035
    60.00  0.57835  0.99329  -0.32916
    70.00  0.40904  1.13644  -0.36294
    80.00  0.20956  1.22386  -0.39068
    90.00  0.00002  1.24348  -0.41063
   100.00  -0.14666  1.22386  -0.42714
   110.00  -0.28663  1.13644  -0.43024
   120.00  -0.40481  0.99329  -0.42236
   130.00  -0.49366  0.81291  -0.40887
   140.00  -0.55149  0.61821  -0.39772
   150.00  -0.59424  0.43390  -0.40434
   160.00  -0.66129  0.28286  -0.46938
   170.00  -0.33022  0.18404  -0.41910
   180.00  0.00002  0.14960  -0.00002
EOT
