AeroDyn airfoil file.  Compatible with AeroDyn v13.0.
Interpolated thickness: 0.266

  1        Number of airfoil tables in this file
  9990     Reynolds number in millions.  For efficiency, make very large if only one table.
  0        Control setting
  10.8242  Stall angle (deg)
  -3.57758 Zero lift angle of attack (deg)
  6.2399   Cn slope for zero lift (dimensionless)
  1.56845  Cn at stall value for positive angle of attack
  -0.8     Cn at stall value for negative angle of attack
  -2.12    Angle of attack for minimum CD (deg)
  0.0221145 Minimum CD value
  -180.00  0.00000  0.11908  -0.00000
  -170.00  0.38052  0.15877  0.38631
  -160.00  0.76201  0.27264  -0.13830
  -150.00  0.68475  0.44668  -0.06085
  -140.00  0.63549  0.65905  -0.00686
  -130.00  0.56885  0.88341  0.04539
  -120.00  0.46648  1.09124  0.09725
  -110.00  0.33030  1.25620  0.14535
  -100.00  0.16902  1.35693  0.18475
   -90.00  0.00000  1.37953  0.21064
   -80.00  -0.16901  1.35693  0.22976
   -70.00  -0.33030  1.25620  0.23323
   -60.00  -0.46647  1.09124  0.22425
   -50.00  -0.56885  0.88341  0.20861
   -40.00  -0.63549  0.65905  0.19586
   -30.00  -0.68474  0.44668  0.20349
   -20.00  -0.76007  0.27245  0.27766
   -10.00  -0.31098  0.11435  0.12275
    -4.17  -0.06953  0.02231  -0.13000
    -3.17  0.04057  0.02221  -0.13193
    -2.12  0.15453  0.02211  -0.13348
    -1.08  0.26946  0.02211  -0.13521
    -0.05  0.38342  0.02221  -0.13618
    -0.05  0.38369  0.02221  -0.13618
     1.17  0.51831  0.02242  -0.13742
     2.35  0.64512  0.02259  -0.13848
     3.52  0.77232  0.02292  -0.13921
     4.69  0.89553  0.02319  -0.13903
     5.87  1.01481  0.02355  -0.13816
     7.04  1.12790  0.02416  -0.13609
     8.21  1.22076  0.02482  -0.13039
    10.82  1.26296  0.03705  -0.10133
    13.44  1.10539  0.12254  -0.09359
    16.05  1.06740  0.17546  -0.10181
    18.66  1.09177  0.22817  -0.11458
    21.27  1.08571  0.29433  -0.13539
    23.88  1.05328  0.33993  -0.16182
    26.49  1.02086  0.38553  -0.18824
    29.11  0.98843  0.43113  -0.21467
    31.72  0.96541  0.48323  -0.23412
    34.33  0.94726  0.53869  -0.24996
    36.94  0.92910  0.59414  -0.26580
    39.55  0.91094  0.64960  -0.28163
    42.16  0.88713  0.70765  -0.29521
    44.78  0.86217  0.76624  -0.30832
    47.39  0.83720  0.82482  -0.32144
    50.00  0.81223  0.88341  -0.33455
    60.00  0.66640  1.09124  -0.37927
    70.00  0.47131  1.25620  -0.41819
    80.00  0.24145  1.35693  -0.45016
    90.00  0.00000  1.37953  -0.47314
   100.00  -0.16901  1.35693  -0.49217
   110.00  -0.33030  1.25620  -0.49574
   120.00  -0.46647  1.09124  -0.48666
   130.00  -0.56885  0.88341  -0.47112
   140.00  -0.63549  0.65905  -0.45827
   150.00  -0.68474  0.44668  -0.46590
   160.00  -0.76200  0.27264  -0.54085
   170.00  -0.38052  0.15877  -0.48290
   180.00  0.00000  0.11908  -0.00000
EOT
