AeroDyn airfoil file.  Compatible with AeroDyn v13.0.
Interpolated thickness: 0.874

  1        Number of airfoil tables in this file
  9990     Reynolds number in millions.  For efficiency, make very large if only one table.
  0        Control setting
  10.6592  Stall angle (deg)
  -2.8042  Zero lift angle of attack (deg)
  1.37616  Cn slope for zero lift (dimensionless)
  0.323371 Cn at stall value for positive angle of attack
  -0.8     Cn at stall value for negative angle of attack
  -2.12    Angle of attack for minimum CD (deg)
  0.293714 Minimum CD value
  -180.00  0.00008  0.31036  -0.00008
  -170.00  0.06540  0.31717  0.06623
  -160.00  0.13089  0.33672  -0.02382
  -150.00  0.11763  0.36660  -0.01053
  -140.00  0.10917  0.40305  -0.00126
  -130.00  0.09773  0.44157  0.00771
  -120.00  0.08016  0.47724  0.01661
  -110.00  0.05678  0.50556  0.02487
  -100.00  0.02910  0.52285  0.03163
   -90.00  0.00008  0.52673  0.03608
   -80.00  -0.02893  0.52285  0.03936
   -70.00  -0.05662  0.50556  0.03995
   -60.00  -0.07999  0.47724  0.03841
   -50.00  -0.09757  0.44157  0.03573
   -40.00  -0.10901  0.40305  0.03354
   -30.00  -0.11746  0.36660  0.03485
   -20.00  -0.13039  0.33669  0.04758
   -10.00  -0.05330  0.30955  0.02099
    -4.17  -0.01185  0.29375  -0.02240
    -3.17  0.00705  0.29373  -0.02273
    -2.12  0.02661  0.29371  -0.02300
    -1.08  0.04634  0.29371  -0.02329
    -0.05  0.06590  0.29373  -0.02346
    -0.01  0.06595  0.29373  -0.02346
     1.15  0.08906  0.29377  -0.02367
     2.30  0.11082  0.29380  -0.02386
     3.44  0.13266  0.29385  -0.02398
     4.59  0.15381  0.29390  -0.02395
     5.74  0.17429  0.29396  -0.02380
     6.89  0.19370  0.29407  -0.02344
     8.04  0.20964  0.29418  -0.02246
    10.66  0.21689  0.29628  -0.01748
    13.28  0.18984  0.31095  -0.01615
    15.90  0.18332  0.32004  -0.01756
    18.53  0.18750  0.32909  -0.01975
    21.15  0.18646  0.34044  -0.02332
    23.77  0.18089  0.34827  -0.02786
    26.40  0.17533  0.35610  -0.03240
    29.02  0.16976  0.36393  -0.03693
    31.64  0.16581  0.37287  -0.04027
    34.26  0.16269  0.38239  -0.04299
    36.89  0.15957  0.39191  -0.04571
    39.51  0.15646  0.40143  -0.04843
    42.13  0.15237  0.41140  -0.05076
    44.75  0.14808  0.42145  -0.05301
    47.38  0.14380  0.43151  -0.05526
    50.00  0.13951  0.44157  -0.05751
    60.00  0.11448  0.47724  -0.06519
    70.00  0.08099  0.50556  -0.07187
    80.00  0.04153  0.52285  -0.07736
    90.00  0.00008  0.52673  -0.08130
   100.00  -0.02893  0.52285  -0.08457
   110.00  -0.05662  0.50556  -0.08518
   120.00  -0.07999  0.47724  -0.08362
   130.00  -0.09757  0.44157  -0.08096
   140.00  -0.10901  0.40305  -0.07875
   150.00  -0.11746  0.36660  -0.08006
   160.00  -0.13072  0.33672  -0.09293
   170.00  -0.06524  0.31717  -0.08298
   180.00  0.00008  0.31036  -0.00008
EOT
