AeroDyn airfoil file.  Compatible with AeroDyn v13.0.
Interpolated thickness: 0.326

  1        Number of airfoil tables in this file
  9990     Reynolds number in millions.  For efficiency, make very large if only one table.
  0        Control setting
  10.8079  Stall angle (deg)
  -3.54659 Zero lift angle of attack (deg)
  5.77593  Cn slope for zero lift (dimensionless)
  1.44706  Cn at stall value for positive angle of attack
  -0.8     Cn at stall value for negative angle of attack
  -2.12    Angle of attack for minimum CD (deg)
  0.0489171 Minimum CD value
  -180.00  0.00001  0.13796  -0.00001
  -170.00  0.34943  0.17441  0.35473
  -160.00  0.69973  0.27896  -0.12701
  -150.00  0.62878  0.43877  -0.05588
  -140.00  0.58355  0.63379  -0.00631
  -130.00  0.52236  0.83980  0.04167
  -120.00  0.42836  1.03065  0.08929
  -110.00  0.30331  1.18212  0.13346
  -100.00  0.15521  1.27462  0.16964
   -90.00  0.00001  1.29537  0.19341
   -80.00  -0.15519  1.27462  0.21097
   -70.00  -0.30329  1.18212  0.21416
   -60.00  -0.42833  1.03065  0.20591
   -50.00  -0.52234  0.83980  0.19155
   -40.00  -0.58353  0.63379  0.17984
   -30.00  -0.62876  0.43877  0.18685
   -20.00  -0.69793  0.27879  0.25496
   -10.00  -0.28555  0.13361  0.11271
    -4.17  -0.06384  0.04909  -0.11938
    -3.17  0.03726  0.04901  -0.12115
    -2.12  0.14191  0.04892  -0.12257
    -1.08  0.24744  0.04892  -0.12417
    -0.05  0.35209  0.04901  -0.12506
    -0.04  0.35233  0.04901  -0.12506
     1.17  0.47595  0.04920  -0.12620
     2.34  0.59239  0.04936  -0.12717
     3.51  0.70920  0.04966  -0.12784
     4.68  0.82234  0.04991  -0.12767
     5.85  0.93187  0.05024  -0.12687
     7.02  1.03571  0.05079  -0.12497
     8.20  1.12098  0.05140  -0.11973
    10.81  1.15973  0.06263  -0.09306
    13.42  1.01504  0.14113  -0.08595
    16.03  0.98016  0.18972  -0.09349
    18.65  1.00253  0.23813  -0.10522
    21.26  0.99697  0.29888  -0.12433
    23.87  0.96719  0.34076  -0.14860
    26.48  0.93742  0.38263  -0.17286
    29.10  0.90764  0.42450  -0.19713
    31.71  0.88650  0.47234  -0.21499
    34.32  0.86983  0.52326  -0.22953
    36.94  0.85316  0.57419  -0.24408
    39.55  0.83648  0.62511  -0.25862
    42.16  0.81462  0.67842  -0.27109
    44.77  0.79170  0.73221  -0.28313
    47.39  0.76877  0.78601  -0.29517
    50.00  0.74585  0.83980  -0.30721
    60.00  0.61193  1.03065  -0.34827
    70.00  0.43279  1.18212  -0.38401
    80.00  0.22172  1.27462  -0.41337
    90.00  0.00001  1.29537  -0.43448
   100.00  -0.15519  1.27462  -0.45195
   110.00  -0.30329  1.18212  -0.45523
   120.00  -0.42833  1.03065  -0.44689
   130.00  -0.52234  0.83980  -0.43261
   140.00  -0.58353  0.63379  -0.42082
   150.00  -0.62876  0.43877  -0.42782
   160.00  -0.69971  0.27896  -0.49664
   170.00  -0.34940  0.17441  -0.44343
   180.00  0.00001  0.13796  -0.00001
EOT
