AeroDyn airfoil file.  Compatible with AeroDyn v13.0.
Interpolated thickness: 0.733

  1        Number of airfoil tables in this file
  9990     Reynolds number in millions.  For efficiency, make very large if only one table.
  0        Control setting
  10.6975  Stall angle (deg)
  -3.17122 Zero lift angle of attack (deg)
  2.54744  Cn slope for zero lift (dimensionless)
  0.616617 Cn at stall value for positive angle of attack
  -0.8     Cn at stall value for negative angle of attack
  -2.12    Angle of attack for minimum CD (deg)
  0.230728 Minimum CD value
  -180.00  0.00006  0.26600  -0.00006
  -170.00  0.13848  0.28044  0.14046
  -160.00  0.27725  0.32186  -0.05037
  -150.00  0.24915  0.38517  -0.02220
  -140.00  0.23123  0.46242  -0.00256
  -130.00  0.20699  0.54403  0.01645
  -120.00  0.16975  0.61963  0.03531
  -110.00  0.12021  0.67964  0.05281
  -100.00  0.06155  0.71628  0.06714
   -90.00  0.00006  0.72450  0.07656
   -80.00  -0.06142  0.71628  0.08351
   -70.00  -0.12009  0.67964  0.08478
   -60.00  -0.16962  0.61963  0.08151
   -50.00  -0.20686  0.54403  0.07582
   -40.00  -0.23110  0.46242  0.07118
   -30.00  -0.24902  0.38517  0.07396
   -20.00  -0.27642  0.32179  0.10094
   -10.00  -0.11306  0.26428  0.04459
    -4.17  -0.02523  0.23080  -0.04735
    -3.17  0.01482  0.23076  -0.04805
    -2.12  0.05628  0.23073  -0.04862
    -1.08  0.09808  0.23073  -0.04925
    -0.05  0.13954  0.23076  -0.04960
    -0.02  0.13963  0.23076  -0.04960
     1.15  0.18861  0.23084  -0.05005
     2.31  0.23473  0.23090  -0.05044
     3.46  0.28100  0.23102  -0.05070
     4.62  0.32582  0.23112  -0.05064
     5.77  0.36921  0.23125  -0.05032
     6.92  0.41035  0.23147  -0.04957
     8.08  0.44413  0.23171  -0.04749
    10.70  0.45948  0.23616  -0.03692
    13.32  0.40216  0.26726  -0.03411
    15.94  0.38834  0.28651  -0.03710
    18.56  0.39720  0.30568  -0.04174
    21.18  0.39500  0.32975  -0.04931
    23.80  0.38321  0.34634  -0.05893
    26.42  0.37141  0.36293  -0.06854
    29.04  0.35962  0.37951  -0.07815
    31.66  0.35124  0.39846  -0.08523
    34.28  0.34464  0.41864  -0.09099
    36.90  0.33803  0.43881  -0.09675
    39.52  0.33143  0.45898  -0.10251
    42.14  0.32277  0.48010  -0.10745
    44.76  0.31369  0.50141  -0.11222
    47.38  0.30460  0.52272  -0.11699
    50.00  0.29552  0.54403  -0.12176
    60.00  0.24247  0.61963  -0.13803
    70.00  0.17151  0.67964  -0.15218
    80.00  0.08789  0.71628  -0.16381
    90.00  0.00006  0.72450  -0.17217
   100.00  -0.06142  0.71628  -0.17910
   110.00  -0.12009  0.67964  -0.18040
   120.00  -0.16962  0.61963  -0.17709
   130.00  -0.20686  0.54403  -0.17144
   140.00  -0.23110  0.46242  -0.16676
   150.00  -0.24902  0.38517  -0.16954
   160.00  -0.27712  0.32186  -0.19680
   170.00  -0.13835  0.28044  -0.17572
   180.00  0.00006  0.26600  -0.00006
EOT
