AeroDyn airfoil file.  Compatible with AeroDyn v13.0.
Interpolated thickness: 0.501

  1        Number of airfoil tables in this file
  9990     Reynolds number in millions.  For efficiency, make very large if only one table.
  0        Control setting
  10.7604  Stall angle (deg)
  -3.43581 Zero lift angle of attack (deg)
  4.4053   Cn slope for zero lift (dimensionless)
  1.09151  Cn at stall value for positive angle of attack
  -0.8     Cn at stall value for negative angle of attack
  -2.12    Angle of attack for minimum CD (deg)
  0.127091 Minimum CD value
  -180.00  0.00003  0.19301  -0.00003
  -170.00  0.25873  0.22000  0.26260
  -160.00  0.51808  0.29741  -0.09406
  -150.00  0.46555  0.41572  -0.04140
  -140.00  0.43206  0.56011  -0.00470
  -130.00  0.38676  0.71263  0.03082
  -120.00  0.31716  0.85392  0.06608
  -110.00  0.22458  0.96607  0.09878
  -100.00  0.11494  1.03455  0.12557
   -90.00  0.00003  1.04991  0.14317
   -80.00  -0.11487  1.03455  0.15617
   -70.00  -0.22452  0.96607  0.15853
   -60.00  -0.31709  0.85392  0.15242
   -50.00  -0.38669  0.71263  0.14179
   -40.00  -0.43199  0.56011  0.13312
   -30.00  -0.46548  0.41572  0.13831
   -20.00  -0.51669  0.29728  0.18873
   -10.00  -0.21138  0.18979  0.08342
    -4.17  -0.04724  0.12722  -0.08841
    -3.17  0.02761  0.12716  -0.08972
    -2.12  0.10509  0.12709  -0.09077
    -1.08  0.18322  0.12709  -0.09196
    -0.05  0.26070  0.12716  -0.09261
    -0.03  0.26088  0.12716  -0.09261
     1.16  0.35240  0.12730  -0.09346
     2.33  0.43861  0.12742  -0.09418
     3.49  0.52509  0.12764  -0.09467
     4.65  0.60885  0.12783  -0.09455
     5.82  0.68994  0.12807  -0.09396
     6.98  0.76682  0.12848  -0.09255
     8.14  0.82995  0.12893  -0.08867
    10.76  0.85864  0.13725  -0.06892
    13.38  0.75151  0.19536  -0.06366
    15.99  0.72569  0.23134  -0.06924
    18.61  0.74225  0.26717  -0.07793
    21.22  0.73814  0.31216  -0.09207
    23.84  0.71609  0.34316  -0.11004
    26.46  0.69405  0.37416  -0.12801
    29.07  0.67201  0.40516  -0.14597
    31.69  0.65636  0.44058  -0.15920
    34.30  0.64401  0.47828  -0.16996
    36.92  0.63167  0.51598  -0.18073
    39.54  0.61932  0.55368  -0.19150
    42.15  0.60314  0.59315  -0.20073
    44.77  0.58616  0.63297  -0.20964
    47.38  0.56919  0.67280  -0.21856
    50.00  0.55222  0.71263  -0.22747
    60.00  0.45307  0.85392  -0.25787
    70.00  0.32044  0.96607  -0.28433
    80.00  0.16418  1.03455  -0.30607
    90.00  0.00003  1.04991  -0.32169
   100.00  -0.11487  1.03455  -0.33463
   110.00  -0.22452  0.96607  -0.33706
   120.00  -0.31709  0.85392  -0.33088
   130.00  -0.38669  0.71263  -0.32031
   140.00  -0.43199  0.56011  -0.31158
   150.00  -0.46548  0.41572  -0.31677
   160.00  -0.51801  0.29741  -0.36772
   170.00  -0.25866  0.22000  -0.32832
   180.00  0.00003  0.19301  -0.00003
EOT
