AeroDyn airfoil file.  Compatible with AeroDyn v13.0.
Interpolated thickness: 0.399

  1        Number of airfoil tables in this file
  9990     Reynolds number in millions.  For efficiency, make very large if only one table.
  0        Control setting
  10.7881  Stall angle (deg)
  -3.50483 Zero lift angle of attack (deg)
  5.20735  Cn slope for zero lift (dimensionless)
  1.29902  Cn at stall value for positive angle of attack
  -0.8     Cn at stall value for negative angle of attack
  -2.12    Angle of attack for minimum CD (deg)
  0.081527 Minimum CD value
  -180.00  0.00002  0.16092  -0.00002
  -170.00  0.31159  0.19342  0.31629
  -160.00  0.62395  0.28666  -0.11326
  -150.00  0.56069  0.42916  -0.04984
  -140.00  0.52036  0.60305  -0.00564
  -130.00  0.46580  0.78675  0.03715
  -120.00  0.38197  0.95693  0.07961
  -110.00  0.27047  1.09200  0.11899
  -100.00  0.13841  1.17448  0.15126
   -90.00  0.00002  1.19298  0.17245
   -80.00  -0.13837  1.17448  0.18811
   -70.00  -0.27043  1.09200  0.19095
   -60.00  -0.38193  0.95693  0.18360
   -50.00  -0.46575  0.78675  0.17079
   -40.00  -0.52032  0.60305  0.16035
   -30.00  -0.56065  0.42916  0.16660
   -20.00  -0.62233  0.28650  0.22733
   -10.00  -0.25461  0.15705  0.10049
    -4.17  -0.05692  0.08169  -0.10646
    -3.17  0.03323  0.08161  -0.10804
    -2.12  0.12655  0.08153  -0.10931
    -1.08  0.22065  0.08153  -0.11073
    -0.05  0.31396  0.08161  -0.11152
    -0.04  0.31418  0.08161  -0.11152
     1.17  0.42441  0.08178  -0.11254
     2.34  0.52824  0.08192  -0.11341
     3.50  0.63240  0.08219  -0.11400
     4.67  0.73328  0.08241  -0.11385
     5.84  0.83095  0.08270  -0.11314
     7.01  0.92355  0.08320  -0.11145
     8.17  0.99958  0.08374  -0.10678
    10.79  1.03413  0.09376  -0.08299
    13.40  0.90511  0.16375  -0.07665
    16.02  0.87401  0.20708  -0.08338
    18.63  0.89396  0.25024  -0.09384
    21.24  0.88900  0.30442  -0.11087
    23.86  0.86245  0.34176  -0.13251
    26.47  0.83590  0.37909  -0.15415
    29.09  0.80935  0.41643  -0.17579
    31.70  0.79050  0.45909  -0.19172
    34.32  0.77563  0.50450  -0.20468
    36.93  0.76076  0.54991  -0.21765
    39.54  0.74590  0.59531  -0.23062
    42.16  0.72640  0.64285  -0.24174
    44.77  0.70596  0.69082  -0.25247
    47.39  0.68552  0.73878  -0.26321
    50.00  0.66507  0.78675  -0.27395
    60.00  0.54567  0.95693  -0.31056
    70.00  0.38593  1.09200  -0.34243
    80.00  0.19772  1.17448  -0.36861
    90.00  0.00002  1.19298  -0.38743
   100.00  -0.13837  1.17448  -0.40301
   110.00  -0.27043  1.09200  -0.40593
   120.00  -0.38193  0.95693  -0.39850
   130.00  -0.46575  0.78675  -0.38577
   140.00  -0.52032  0.60305  -0.37525
   150.00  -0.56065  0.42916  -0.38150
   160.00  -0.62391  0.28666  -0.44286
   170.00  -0.31155  0.19342  -0.39542
   180.00  0.00002  0.16092  -0.00002
EOT
