AeroDyn airfoil file.  Compatible with AeroDyn v13.0.
Interpolated thickness: 0.943

  1        Number of airfoil tables in this file
  9990     Reynolds number in millions.  For efficiency, make very large if only one table.
  0        Control setting
  10.6405  Stall angle (deg)
  -2.14537 Zero lift angle of attack (deg)
  0.815281 Cn slope for zero lift (dimensionless)
  0.181934 Cn at stall value for positive angle of attack
  -0.8     Cn at stall value for negative angle of attack
  -2.12    Angle of attack for minimum CD (deg)
  0.324537 Minimum CD value
  -180.00  0.00009  0.33207  -0.00009
  -170.00  0.02964  0.33515  0.02991
  -160.00  0.05927  0.34399  -0.01083
  -150.00  0.05327  0.35751  -0.00482
  -140.00  0.04944  0.37400  -0.00063
  -130.00  0.04427  0.39142  0.00343
  -120.00  0.03632  0.40756  0.00746
  -110.00  0.02574  0.42037  0.01120
  -100.00  0.01322  0.42820  0.01426
   -90.00  0.00009  0.42995  0.01627
   -80.00  -0.01303  0.42820  0.01775
   -70.00  -0.02556  0.42037  0.01802
   -60.00  -0.03613  0.40756  0.01732
   -50.00  -0.04408  0.39142  0.01611
   -40.00  -0.04926  0.37400  0.01512
   -30.00  -0.05308  0.35751  0.01571
   -20.00  -0.05893  0.34398  0.02147
   -10.00  -0.02406  0.33170  0.00944
    -4.17  -0.00531  0.32455  -0.01019
    -3.17  0.00324  0.32454  -0.01034
    -2.12  0.01209  0.32454  -0.01046
    -1.08  0.02102  0.32454  -0.01059
    -0.05  0.02987  0.32454  -0.01067
    -0.00  0.02989  0.32455  -0.01067
     1.15  0.04034  0.32456  -0.01076
     2.29  0.05019  0.32457  -0.01085
     3.44  0.06007  0.32460  -0.01090
     4.58  0.06964  0.32462  -0.01089
     5.73  0.07890  0.32465  -0.01082
     6.87  0.08768  0.32470  -0.01066
     8.02  0.09489  0.32475  -0.01022
    10.64  0.09817  0.32570  -0.00796
    13.26  0.08593  0.33234  -0.00736
    15.89  0.08298  0.33645  -0.00800
    18.51  0.08488  0.34054  -0.00899
    21.14  0.08440  0.34568  -0.01061
    23.76  0.08189  0.34922  -0.01266
    26.38  0.07937  0.35276  -0.01471
    29.01  0.07685  0.35630  -0.01676
    31.63  0.07506  0.36035  -0.01827
    34.26  0.07365  0.36465  -0.01950
    36.88  0.07224  0.36896  -0.02073
    39.50  0.07083  0.37327  -0.02196
    42.13  0.06898  0.37777  -0.02302
    44.75  0.06705  0.38232  -0.02404
    47.38  0.06511  0.38687  -0.02505
    50.00  0.06317  0.39142  -0.02607
    60.00  0.05184  0.40756  -0.02955
    70.00  0.03669  0.42037  -0.03257
    80.00  0.01884  0.42820  -0.03505
    90.00  0.00009  0.42995  -0.03684
   100.00  -0.01303  0.42820  -0.03831
   110.00  -0.02556  0.42037  -0.03859
   120.00  -0.03613  0.40756  -0.03789
   130.00  -0.04408  0.39142  -0.03668
   140.00  -0.04926  0.37400  -0.03568
   150.00  -0.05308  0.35751  -0.03627
   160.00  -0.05908  0.34399  -0.04209
   170.00  -0.02946  0.33515  -0.03759
   180.00  0.00009  0.33207  -0.00009
EOT
