AeroDyn airfoil file.  Compatible with AeroDyn v13.0.
Interpolated thickness: 0.281

  1        Number of airfoil tables in this file
  9990     Reynolds number in millions.  For efficiency, make very large if only one table.
  0        Control setting
  10.8201  Stall angle (deg)
  -3.57007 Zero lift angle of attack (deg)
  6.12419  Cn slope for zero lift (dimensionless)
  1.53813  Cn at stall value for positive angle of attack
  -0.8     Cn at stall value for negative angle of attack
  -2.12    Angle of attack for minimum CD (deg)
  0.0288151 Minimum CD value
  -180.00  0.00001  0.12380  -0.00001
  -170.00  0.37275  0.16268  0.37842
  -160.00  0.74644  0.27422  -0.13548
  -150.00  0.67076  0.44470  -0.05961
  -140.00  0.62251  0.65274  -0.00672
  -130.00  0.55723  0.87250  0.04446
  -120.00  0.45695  1.07610  0.09526
  -110.00  0.32356  1.23768  0.14238
  -100.00  0.16556  1.33635  0.18097
   -90.00  0.00001  1.35849  0.20633
   -80.00  -0.16555  1.33635  0.22506
   -70.00  -0.32354  1.23768  0.22847
   -60.00  -0.45694  1.07610  0.21967
   -50.00  -0.55722  0.87250  0.20434
   -40.00  -0.62250  0.65274  0.19185
   -30.00  -0.67075  0.44470  0.19933
   -20.00  -0.74454  0.27403  0.27198
   -10.00  -0.30462  0.11916  0.12024
    -4.17  -0.06811  0.02900  -0.12734
    -3.17  0.03974  0.02891  -0.12924
    -2.12  0.15137  0.02882  -0.13075
    -1.08  0.26395  0.02882  -0.13245
    -0.05  0.37559  0.02891  -0.13340
    -0.05  0.37585  0.02891  -0.13340
     1.17  0.50772  0.02912  -0.13462
     2.35  0.63193  0.02928  -0.13565
     3.52  0.75654  0.02960  -0.13636
     4.69  0.87723  0.02987  -0.13619
     5.86  0.99408  0.03022  -0.13534
     7.04  1.10485  0.03082  -0.13331
     8.21  1.19582  0.03146  -0.12772
    10.82  1.23716  0.04345  -0.09926
    13.43  1.08280  0.12718  -0.09168
    16.04  1.04559  0.17902  -0.09973
    18.66  1.06946  0.23066  -0.11224
    21.27  1.06352  0.29547  -0.13262
    23.88  1.03176  0.34014  -0.15851
    26.49  1.00000  0.38481  -0.18440
    29.10  0.96824  0.42948  -0.21029
    31.72  0.94569  0.48051  -0.22934
    34.33  0.92790  0.53483  -0.24485
    36.94  0.91011  0.58916  -0.26037
    39.55  0.89233  0.64348  -0.27588
    42.16  0.86901  0.70034  -0.28918
    44.78  0.84455  0.75773  -0.30203
    47.39  0.82009  0.81512  -0.31487
    50.00  0.79564  0.87250  -0.32772
    60.00  0.65278  1.07610  -0.37152
    70.00  0.46168  1.23768  -0.40965
    80.00  0.23652  1.33635  -0.44096
    90.00  0.00001  1.35849  -0.46348
   100.00  -0.16555  1.33635  -0.48211
   110.00  -0.32354  1.23768  -0.48561
   120.00  -0.45694  1.07610  -0.47672
   130.00  -0.55722  0.87250  -0.46149
   140.00  -0.62250  0.65274  -0.44891
   150.00  -0.67075  0.44470  -0.45638
   160.00  -0.74643  0.27422  -0.52979
   170.00  -0.37274  0.16268  -0.47303
   180.00  0.00001  0.12380  -0.00001
EOT
