AeroDyn airfoil file.  Compatible with AeroDyn v13.0.
Interpolated thickness: 0.729

  1        Number of airfoil tables in this file
  9990     Reynolds number in millions.  For efficiency, make very large if only one table.
  0        Control setting
  10.6985  Stall angle (deg)
  -3.17838 Zero lift angle of attack (deg)
  2.57987  Cn slope for zero lift (dimensionless)
  0.62484  Cn at stall value for positive angle of attack
  -0.8     Cn at stall value for negative angle of attack
  -2.12    Angle of attack for minimum CD (deg)
  0.228941 Minimum CD value
  -180.00  0.00006  0.26474  -0.00006
  -170.00  0.14056  0.27940  0.14257
  -160.00  0.28141  0.32144  -0.05113
  -150.00  0.25288  0.38569  -0.02253
  -140.00  0.23469  0.46411  -0.00260
  -130.00  0.21009  0.54694  0.01669
  -120.00  0.17229  0.62367  0.03584
  -110.00  0.12201  0.68458  0.05360
  -100.00  0.06247  0.72177  0.06815
   -90.00  0.00006  0.73011  0.07771
   -80.00  -0.06234  0.72177  0.08477
   -70.00  -0.12189  0.68458  0.08605
   -60.00  -0.17216  0.62367  0.08273
   -50.00  -0.20996  0.54694  0.07696
   -40.00  -0.23456  0.46411  0.07225
   -30.00  -0.25275  0.38569  0.07507
   -20.00  -0.28056  0.32137  0.10245
   -10.00  -0.11475  0.26299  0.04526
    -4.17  -0.02561  0.22901  -0.04806
    -3.17  0.01504  0.22898  -0.04877
    -2.12  0.05712  0.22894  -0.04934
    -1.08  0.09955  0.22894  -0.04999
    -0.05  0.14163  0.22898  -0.05034
    -0.02  0.14172  0.22898  -0.05034
     1.15  0.19143  0.22906  -0.05080
     2.31  0.23825  0.22912  -0.05119
     3.46  0.28521  0.22924  -0.05146
     4.62  0.33070  0.22934  -0.05139
     5.77  0.37474  0.22947  -0.05107
     6.92  0.41650  0.22970  -0.05031
     8.08  0.45078  0.22994  -0.04820
    10.70  0.46636  0.23446  -0.03748
    13.32  0.40818  0.26602  -0.03462
    15.94  0.39416  0.28556  -0.03765
    18.56  0.40315  0.30502  -0.04237
    21.18  0.40092  0.32945  -0.05005
    23.80  0.38895  0.34628  -0.05981
    26.42  0.37697  0.36312  -0.06956
    29.04  0.36500  0.37996  -0.07932
    31.66  0.35650  0.39919  -0.08650
    34.28  0.34980  0.41967  -0.09235
    36.90  0.34310  0.44014  -0.09820
    39.52  0.33639  0.46062  -0.10404
    42.14  0.32760  0.48205  -0.10906
    44.76  0.31838  0.50368  -0.11390
    47.38  0.30917  0.52531  -0.11874
    50.00  0.29995  0.54694  -0.12358
    60.00  0.24610  0.62367  -0.14009
    70.00  0.17407  0.68458  -0.15446
    80.00  0.08921  0.72177  -0.16627
    90.00  0.00006  0.73011  -0.17475
   100.00  -0.06234  0.72177  -0.18178
   110.00  -0.12189  0.68458  -0.18310
   120.00  -0.17216  0.62367  -0.17974
   130.00  -0.20996  0.54694  -0.17400
   140.00  -0.23456  0.46411  -0.16926
   150.00  -0.25275  0.38569  -0.17208
   160.00  -0.28128  0.32144  -0.19975
   170.00  -0.14043  0.27940  -0.17835
   180.00  0.00006  0.26474  -0.00006
EOT
