AeroDyn airfoil file.  Compatible with AeroDyn v13.0.
Interpolated thickness: 0.495

  1        Number of airfoil tables in this file
  9990     Reynolds number in millions.  For efficiency, make very large if only one table.
  0        Control setting
  10.762   Stall angle (deg)
  -3.44033 Zero lift angle of attack (deg)
  4.45273  Cn slope for zero lift (dimensionless)
  1.10373  Cn at stall value for positive angle of attack
  -0.8     Cn at stall value for negative angle of attack
  -2.12    Angle of attack for minimum CD (deg)
  0.124411 Minimum CD value
  -180.00  0.00003  0.19112  -0.00003
  -170.00  0.26184  0.21843  0.26576
  -160.00  0.52430  0.29678  -0.09519
  -150.00  0.47115  0.41651  -0.04190
  -140.00  0.43726  0.56263  -0.00475
  -130.00  0.39141  0.71699  0.03120
  -120.00  0.32097  0.85998  0.06688
  -110.00  0.22728  0.97348  0.09997
  -100.00  0.11632  1.04278  0.12708
   -90.00  0.00003  1.05833  0.14489
   -80.00  -0.11625  1.04278  0.15804
   -70.00  -0.22722  0.97348  0.16044
   -60.00  -0.32091  0.85998  0.15426
   -50.00  -0.39134  0.71699  0.14349
   -40.00  -0.43719  0.56263  0.13472
   -30.00  -0.47108  0.41651  0.13997
   -20.00  -0.52291  0.29664  0.19100
   -10.00  -0.21393  0.18787  0.08442
    -4.17  -0.04781  0.12454  -0.08947
    -3.17  0.02794  0.12448  -0.09080
    -2.12  0.10635  0.12441  -0.09186
    -1.08  0.18542  0.12441  -0.09306
    -0.05  0.26383  0.12448  -0.09372
    -0.03  0.26401  0.12448  -0.09373
     1.16  0.35664  0.12462  -0.09458
     2.33  0.44388  0.12474  -0.09531
     3.49  0.53140  0.12497  -0.09581
     4.65  0.61617  0.12515  -0.09568
     5.82  0.69823  0.12540  -0.09509
     6.98  0.77604  0.12582  -0.09366
     8.15  0.83993  0.12627  -0.08974
    10.76  0.86896  0.13469  -0.06975
    13.38  0.76055  0.19350  -0.06442
    15.99  0.73442  0.22991  -0.07008
    18.61  0.75118  0.26618  -0.07886
    21.23  0.74701  0.31170  -0.09318
    23.84  0.72470  0.34307  -0.11136
    26.46  0.70239  0.37445  -0.12955
    29.07  0.68008  0.40582  -0.14773
    31.69  0.66425  0.44166  -0.16111
    34.30  0.65175  0.47982  -0.17200
    36.92  0.63926  0.51797  -0.18290
    39.54  0.62677  0.55613  -0.19380
    42.15  0.61039  0.59607  -0.20314
    44.77  0.59321  0.63638  -0.21216
    47.38  0.57603  0.67668  -0.22118
    50.00  0.55886  0.71699  -0.23021
    60.00  0.45852  0.85998  -0.26097
    70.00  0.32430  0.97348  -0.28775
    80.00  0.16615  1.04278  -0.30974
    90.00  0.00003  1.05833  -0.32556
   100.00  -0.11625  1.04278  -0.33865
   110.00  -0.22722  0.97348  -0.34111
   120.00  -0.32091  0.85998  -0.33486
   130.00  -0.39134  0.71699  -0.32416
   140.00  -0.43719  0.56263  -0.31533
   150.00  -0.47108  0.41651  -0.32058
   160.00  -0.52424  0.29678  -0.37214
   170.00  -0.26177  0.21843  -0.33227
   180.00  0.00003  0.19112  -0.00003
EOT
