AeroDyn airfoil file.  Compatible with AeroDyn v13.0.
Interpolated thickness: 0.947

  1        Number of airfoil tables in this file
  9990     Reynolds number in millions.  For efficiency, make very large if only one table.
  0        Control setting
  10.6394  Stall angle (deg)
  -2.07847 Zero lift angle of attack (deg)
  0.782675 Cn slope for zero lift (dimensionless)
  0.173729 Cn at stall value for positive angle of attack
  -0.8     Cn at stall value for negative angle of attack
  -2.12    Angle of attack for minimum CD (deg)
  0.326324 Minimum CD value
  -180.00  0.00009  0.33333  -0.00009
  -170.00  0.02757  0.33619  0.02780
  -160.00  0.05512  0.34441  -0.01008
  -150.00  0.04954  0.35698  -0.00449
  -140.00  0.04598  0.37232  -0.00059
  -130.00  0.04117  0.38852  0.00318
  -120.00  0.03378  0.40352  0.00693
  -110.00  0.02394  0.41543  0.01040
  -100.00  0.01230  0.42271  0.01325
   -90.00  0.00009  0.42434  0.01512
   -80.00  -0.01211  0.42271  0.01650
   -70.00  -0.02376  0.41543  0.01675
   -60.00  -0.03359  0.40352  0.01610
   -50.00  -0.04098  0.38852  0.01497
   -40.00  -0.04579  0.37232  0.01405
   -30.00  -0.04935  0.35698  0.01460
   -20.00  -0.05479  0.34440  0.01996
   -10.00  -0.02236  0.33298  0.00877
    -4.17  -0.00493  0.32634  -0.00948
    -3.17  0.00302  0.32633  -0.00962
    -2.12  0.01125  0.32632  -0.00973
    -1.08  0.01955  0.32632  -0.00986
    -0.05  0.02778  0.32633  -0.00993
    -0.00  0.02780  0.32633  -0.00993
     1.15  0.03752  0.32635  -0.01002
     2.29  0.04667  0.32636  -0.01009
     3.44  0.05586  0.32638  -0.01014
     4.58  0.06476  0.32640  -0.01013
     5.73  0.07337  0.32643  -0.01007
     6.87  0.08154  0.32647  -0.00992
     8.02  0.08824  0.32652  -0.00951
    10.64  0.09129  0.32740  -0.00741
    13.26  0.07991  0.33358  -0.00685
    15.89  0.07717  0.33740  -0.00744
    18.51  0.07893  0.34120  -0.00837
    21.14  0.07849  0.34598  -0.00987
    23.76  0.07615  0.34927  -0.01178
    26.38  0.07381  0.35257  -0.01369
    29.01  0.07146  0.35586  -0.01559
    31.63  0.06980  0.35962  -0.01700
    34.26  0.06849  0.36362  -0.01814
    36.88  0.06718  0.36763  -0.01929
    39.50  0.06587  0.37163  -0.02043
    42.13  0.06415  0.37583  -0.02141
    44.75  0.06235  0.38006  -0.02236
    47.38  0.06054  0.38429  -0.02330
    50.00  0.05874  0.38852  -0.02425
    60.00  0.04821  0.40352  -0.02748
    70.00  0.03412  0.41543  -0.03029
    80.00  0.01753  0.42271  -0.03260
    90.00  0.00009  0.42434  -0.03426
   100.00  -0.01211  0.42271  -0.03563
   110.00  -0.02376  0.41543  -0.03589
   120.00  -0.03359  0.40352  -0.03523
   130.00  -0.04098  0.38852  -0.03411
   140.00  -0.04579  0.37232  -0.03318
   150.00  -0.04935  0.35698  -0.03373
   160.00  -0.05493  0.34441  -0.03915
   170.00  -0.02738  0.33619  -0.03496
   180.00  0.00009  0.33333  -0.00009
EOT
