AeroDyn airfoil file.  Compatible with AeroDyn v13.0.
Interpolated thickness: 0.17

  1        Number of airfoil tables in this file
  9990     Reynolds number in millions.  For efficiency, make very large if only one table.
  0        Control setting
  13.232   Stall angle (deg)
  -5.55141 Zero lift angle of attack (deg)
  6.09745  Cn slope for zero lift (dimensionless)
  1.99894  Cn at stall value for positive angle of attack
  -0.8     Cn at stall value for negative angle of attack
  -4.09    Angle of attack for minimum CD (deg)
  0.0066   Minimum CD value
  -180.00  0.00000  0.19100  0.00000
  -170.00  0.40100  0.23080  0.40000
  -160.00  0.80300  0.34510  -0.13760
  -150.00  0.71100  0.51940  -0.06190
  -140.00  0.66000  0.73130  -0.00690
  -130.00  0.59000  0.95370  0.04630
  -120.00  0.48400  1.15750  0.09810
  -110.00  0.34200  1.31570  0.14450
  -100.00  0.17500  1.40650  0.18080
   -90.00  0.00000  1.41600  0.20210
   -80.00  -0.17500  1.40650  0.22320
   -70.00  -0.34200  1.31570  0.22830
   -60.00  -0.48400  1.15750  0.22020
   -50.00  -0.59000  0.95370  0.20460
   -40.00  -0.66000  0.73130  0.19080
   -30.00  -0.71100  0.51940  0.19600
   -20.00  -0.80200  0.34480  0.26960
   -10.00  -0.26400  0.10470  0.05170
    -6.04  -0.07300  0.00970  -0.14580
    -5.04  0.05100  0.00680  -0.15630
    -4.09  0.15700  0.00660  -0.15870
    -3.02  0.27200  0.00670  -0.15990
    -2.02  0.37800  0.00680  -0.16050
    -1.03  0.48300  0.00690  -0.16090
     0.00  0.59100  0.00710  -0.16190
     0.67  0.66367  0.00730  -0.16137
     1.35  0.73501  0.00757  -0.16150
     2.02  0.80504  0.00790  -0.16229
     2.69  0.87496  0.00823  -0.16171
     3.37  0.94431  0.00853  -0.16118
     4.04  1.01300  0.00880  -0.16070
     6.34  1.19504  0.01250  -0.15122
     8.64  1.35332  0.01704  -0.13935
    10.93  1.49518  0.02371  -0.12797
    13.23  1.54267  0.05347  -0.11728
    15.53  1.34302  0.19769  -0.13154
    17.83  1.24874  0.27357  -0.13963
    20.13  1.14673  0.34717  -0.17303
    22.42  1.11630  0.38726  -0.19539
    24.72  1.08588  0.42734  -0.21775
    27.02  1.05545  0.46742  -0.24011
    29.32  1.02503  0.50750  -0.26246
    31.62  1.00420  0.55364  -0.27881
    33.91  0.98743  0.60234  -0.29262
    36.21  0.97065  0.65103  -0.30643
    38.51  0.95388  0.69973  -0.32025
    40.81  0.93484  0.74927  -0.33324
    43.11  0.91163  0.80038  -0.34473
    45.40  0.88842  0.85148  -0.35622
    47.70  0.86521  0.90259  -0.36771
    50.00  0.84200  0.95370  -0.37920
    60.00  0.69100  1.15750  -0.42270
    70.00  0.48900  1.31570  -0.45930
    80.00  0.25000  1.40650  -0.48760
    90.00  0.00000  1.41600  -0.50590
   100.00  -0.17500  1.40650  -0.52700
   110.00  -0.34200  1.31570  -0.53210
   120.00  -0.48400  1.15750  -0.52400
   130.00  -0.59000  0.95370  -0.50840
   140.00  -0.66000  0.73130  -0.49460
   150.00  -0.71100  0.51940  -0.49980
   160.00  -0.80300  0.34510  -0.57370
   170.00  -0.40100  0.23080  -0.50000
   180.00  0.00000  0.19100  0.00000
EOT
