AeroDyn airfoil file.  Compatible with AeroDyn v13.0.
Interpolated thickness: 0.348

  1        Number of airfoil tables in this file
  9990     Reynolds number in millions.  For efficiency, make very large if only one table.
  0        Control setting
  10.8019  Stall angle (deg)
  -3.53453 Zero lift angle of attack (deg)
  5.60505  Cn slope for zero lift (dimensionless)
  1.40249  Cn at stall value for positive angle of attack
  -0.8     Cn at stall value for negative angle of attack
  -2.12    Angle of attack for minimum CD (deg)
  0.0587447 Minimum CD value
  -180.00  0.00001  0.14488  -0.00001
  -170.00  0.33802  0.18014  0.34314
  -160.00  0.67689  0.28128  -0.12286
  -150.00  0.60826  0.43588  -0.05406
  -140.00  0.56451  0.62453  -0.00611
  -130.00  0.50531  0.82382  0.04031
  -120.00  0.41438  1.00843  0.08638
  -110.00  0.29341  1.15496  0.12910
  -100.00  0.15015  1.24444  0.16410
   -90.00  0.00001  1.26452  0.18709
   -80.00  -0.15012  1.24444  0.20408
   -70.00  -0.29339  1.15496  0.20717
   -60.00  -0.41435  1.00843  0.19919
   -50.00  -0.50529  0.82382  0.18529
   -40.00  -0.56448  0.62453  0.17397
   -30.00  -0.60823  0.43588  0.18074
   -20.00  -0.67515  0.28111  0.24663
   -10.00  -0.27623  0.14067  0.10902
    -4.17  -0.06175  0.05892  -0.11549
    -3.17  0.03605  0.05883  -0.11720
    -2.12  0.13728  0.05874  -0.11858
    -1.08  0.23937  0.05874  -0.12012
    -0.05  0.34060  0.05883  -0.12098
    -0.04  0.34083  0.05883  -0.12098
     1.17  0.46042  0.05902  -0.12208
     2.34  0.57306  0.05917  -0.12302
     3.51  0.68605  0.05946  -0.12367
     4.68  0.79550  0.05970  -0.12351
     5.85  0.90145  0.06002  -0.12274
     7.02  1.00191  0.06056  -0.12090
     8.19  1.08439  0.06115  -0.11583
    10.80  1.12188  0.07201  -0.09002
    13.42  0.98191  0.14795  -0.08315
    16.03  0.94817  0.19496  -0.09045
    18.64  0.96981  0.24178  -0.10179
    21.25  0.96443  0.30055  -0.12027
    23.87  0.93563  0.34106  -0.14375
    26.48  0.90682  0.38156  -0.16723
    29.09  0.87802  0.42207  -0.19070
    31.71  0.85757  0.46835  -0.20798
    34.32  0.84144  0.51761  -0.22204
    36.93  0.82531  0.56687  -0.23611
    39.55  0.80918  0.61613  -0.25018
    42.16  0.78804  0.66770  -0.26224
    44.77  0.76586  0.71974  -0.27389
    47.39  0.74368  0.77178  -0.28554
    50.00  0.72150  0.82382  -0.29719
    60.00  0.59196  1.00843  -0.33691
    70.00  0.41867  1.15496  -0.37148
    80.00  0.21449  1.24444  -0.39988
    90.00  0.00001  1.26452  -0.42030
   100.00  -0.15012  1.24444  -0.43720
   110.00  -0.29339  1.15496  -0.44037
   120.00  -0.41435  1.00843  -0.43231
   130.00  -0.50529  0.82382  -0.41850
   140.00  -0.56448  0.62453  -0.40709
   150.00  -0.60823  0.43588  -0.41386
   160.00  -0.67686  0.28128  -0.48044
   170.00  -0.33800  0.18014  -0.42896
   180.00  0.00001  0.14488  -0.00001
EOT
