AeroDyn airfoil file.  Compatible with AeroDyn v13.0.
Interpolated thickness: 0.875

  1        Number of airfoil tables in this file
  9990     Reynolds number in millions.  For efficiency, make very large if only one table.
  0        Control setting
  10.6589  Stall angle (deg)
  -2.79847 Zero lift angle of attack (deg)
  1.36805  Cn slope for zero lift (dimensionless)
  0.321323 Cn at stall value for positive angle of attack
  -0.8     Cn at stall value for negative angle of attack
  -2.12    Angle of attack for minimum CD (deg)
  0.294161 Minimum CD value
  -180.00  0.00008  0.31067  -0.00008
  -170.00  0.06489  0.31743  0.06571
  -160.00  0.12985  0.33683  -0.02364
  -150.00  0.11670  0.36646  -0.01045
  -140.00  0.10831  0.40263  -0.00125
  -130.00  0.09696  0.44084  0.00765
  -120.00  0.07952  0.47623  0.01648
  -110.00  0.05633  0.50433  0.02467
  -100.00  0.02887  0.52148  0.03138
   -90.00  0.00008  0.52533  0.03579
   -80.00  -0.02870  0.52148  0.03904
   -70.00  -0.05617  0.50433  0.03964
   -60.00  -0.07936  0.47623  0.03811
   -50.00  -0.09679  0.44084  0.03544
   -40.00  -0.10814  0.40263  0.03327
   -30.00  -0.11653  0.36646  0.03457
   -20.00  -0.12936  0.33679  0.04720
   -10.00  -0.05288  0.30987  0.02082
    -4.17  -0.01176  0.29419  -0.02222
    -3.17  0.00699  0.29418  -0.02255
    -2.12  0.02640  0.29416  -0.02281
    -1.08  0.04597  0.29416  -0.02311
    -0.05  0.06538  0.29418  -0.02327
    -0.01  0.06542  0.29418  -0.02327
     1.15  0.08835  0.29421  -0.02349
     2.30  0.10995  0.29424  -0.02367
     3.44  0.13161  0.29430  -0.02379
     4.59  0.15259  0.29435  -0.02376
     5.74  0.17291  0.29441  -0.02361
     6.89  0.19216  0.29451  -0.02326
     8.04  0.20798  0.29462  -0.02229
    10.66  0.21517  0.29671  -0.01734
    13.28  0.18833  0.31126  -0.01602
    15.90  0.18186  0.32028  -0.01742
    18.53  0.18601  0.32925  -0.01960
    21.15  0.18498  0.34052  -0.02314
    23.77  0.17946  0.34829  -0.02764
    26.40  0.17393  0.35605  -0.03214
    29.02  0.16841  0.36382  -0.03664
    31.64  0.16449  0.37269  -0.03995
    34.26  0.16140  0.38213  -0.04265
    36.89  0.15831  0.39158  -0.04535
    39.51  0.15522  0.40102  -0.04804
    42.13  0.15116  0.41091  -0.05036
    44.75  0.14691  0.42089  -0.05259
    47.38  0.14266  0.43086  -0.05482
    50.00  0.13841  0.44084  -0.05706
    60.00  0.11357  0.47623  -0.06467
    70.00  0.08035  0.50433  -0.07130
    80.00  0.04120  0.52148  -0.07674
    90.00  0.00008  0.52533  -0.08066
   100.00  -0.02870  0.52148  -0.08390
   110.00  -0.05617  0.50433  -0.08451
   120.00  -0.07936  0.47623  -0.08296
   130.00  -0.09679  0.44084  -0.08031
   140.00  -0.10814  0.40263  -0.07813
   150.00  -0.11653  0.36646  -0.07943
   160.00  -0.12969  0.33683  -0.09219
   170.00  -0.06472  0.31743  -0.08232
   180.00  0.00008  0.31067  -0.00008
EOT
