AeroDyn airfoil file.  Compatible with AeroDyn v13.0.
Interpolated thickness: 0.391

  1        Number of airfoil tables in this file
  9990     Reynolds number in millions.  For efficiency, make very large if only one table.
  0        Control setting
  10.7903  Stall angle (deg)
  -3.50967 Zero lift angle of attack (deg)
  5.26988  Cn slope for zero lift (dimensionless)
  1.31526  Cn at stall value for positive angle of attack
  -0.8     Cn at stall value for negative angle of attack
  -2.12    Angle of attack for minimum CD (deg)
  0.0779533 Minimum CD value
  -180.00  0.00002  0.15841  -0.00002
  -170.00  0.31574  0.19134  0.32051
  -160.00  0.63226  0.28581  -0.11477
  -150.00  0.56815  0.43021  -0.05050
  -140.00  0.52729  0.60642  -0.00571
  -130.00  0.47199  0.79257  0.03764
  -120.00  0.38706  0.96501  0.08067
  -110.00  0.27407  1.10187  0.12058
  -100.00  0.14025  1.18545  0.15327
   -90.00  0.00002  1.20420  0.17475
   -80.00  -0.14021  1.18545  0.19061
   -70.00  -0.27403  1.10187  0.19350
   -60.00  -0.38702  0.96501  0.18605
   -50.00  -0.47196  0.79257  0.17306
   -40.00  -0.52725  0.60642  0.16249
   -30.00  -0.56811  0.43021  0.16882
   -20.00  -0.63062  0.28565  0.23036
   -10.00  -0.25800  0.15448  0.10183
    -4.17  -0.05767  0.07811  -0.10788
    -3.17  0.03368  0.07803  -0.10948
    -2.12  0.12823  0.07795  -0.11076
    -1.08  0.22359  0.07795  -0.11220
    -0.05  0.31814  0.07803  -0.11301
    -0.04  0.31836  0.07803  -0.11301
     1.17  0.43006  0.07821  -0.11404
     2.34  0.53527  0.07835  -0.11492
     3.50  0.64081  0.07862  -0.11552
     4.67  0.74304  0.07885  -0.11537
     5.84  0.84201  0.07915  -0.11465
     7.01  0.93584  0.07965  -0.11293
     8.18  1.01288  0.08020  -0.10820
    10.79  1.04790  0.09035  -0.08409
    13.40  0.91716  0.16127  -0.07767
    16.02  0.88564  0.20518  -0.08449
    18.63  0.90585  0.24892  -0.09509
    21.25  0.90083  0.30381  -0.11235
    23.86  0.87393  0.34165  -0.13428
    26.47  0.84702  0.37948  -0.15620
    29.09  0.82012  0.41732  -0.17813
    31.70  0.80102  0.46054  -0.19427
    34.32  0.78596  0.50655  -0.20741
    36.93  0.77089  0.55257  -0.22055
    39.54  0.75582  0.59858  -0.23369
    42.16  0.73607  0.64674  -0.24495
    44.77  0.71536  0.69535  -0.25583
    47.39  0.69464  0.74396  -0.26671
    50.00  0.67393  0.79257  -0.27760
    60.00  0.55293  0.96501  -0.31470
    70.00  0.39106  1.10187  -0.34699
    80.00  0.20035  1.18545  -0.37351
    90.00  0.00002  1.20420  -0.39258
   100.00  -0.14021  1.18545  -0.40837
   110.00  -0.27403  1.10187  -0.41134
   120.00  -0.38702  0.96501  -0.40380
   130.00  -0.47196  0.79257  -0.39090
   140.00  -0.52725  0.60642  -0.38024
   150.00  -0.56811  0.43021  -0.38657
   160.00  -0.63222  0.28581  -0.44876
   170.00  -0.31570  0.19134  -0.40068
   180.00  0.00002  0.15841  -0.00002
EOT
