AeroDyn airfoil file.  Compatible with AeroDyn v13.0.
Interpolated thickness: 0.256

  1        Number of airfoil tables in this file
  9990     Reynolds number in millions.  For efficiency, make very large if only one table.
  0        Control setting
  10.8269  Stall angle (deg)
  -3.58251 Zero lift angle of attack (deg)
  6.31694  Cn slope for zero lift (dimensionless)
  1.58866  Cn at stall value for positive angle of attack
  -0.8     Cn at stall value for negative angle of attack
  -2.12    Angle of attack for minimum CD (deg)
  0.0176474 Minimum CD value
  -180.00  0.00000  0.11593  -0.00000
  -170.00  0.38571  0.15617  0.39158
  -160.00  0.77239  0.27159  -0.14019
  -150.00  0.69408  0.44799  -0.06168
  -140.00  0.64415  0.66326  -0.00695
  -130.00  0.57660  0.89067  0.04601
  -120.00  0.47283  1.10134  0.09858
  -110.00  0.33480  1.26855  0.14733
  -100.00  0.17132  1.37065  0.18727
   -90.00  0.00000  1.39356  0.21351
   -80.00  -0.17131  1.37065  0.23289
   -70.00  -0.33480  1.26855  0.23641
   -60.00  -0.47283  1.10134  0.22731
   -50.00  -0.57660  0.89067  0.21145
   -40.00  -0.64415  0.66326  0.19853
   -30.00  -0.69407  0.44799  0.20626
   -20.00  -0.77043  0.27139  0.28145
   -10.00  -0.31522  0.11114  0.12442
    -4.17  -0.07048  0.01784  -0.13177
    -3.17  0.04112  0.01775  -0.13373
    -2.12  0.15663  0.01765  -0.13529
    -1.08  0.27313  0.01765  -0.13705
    -0.05  0.38864  0.01775  -0.13803
    -0.05  0.38891  0.01775  -0.13804
     1.17  0.52537  0.01796  -0.13929
     2.35  0.65390  0.01813  -0.14037
     3.52  0.78284  0.01846  -0.14110
     4.69  0.90773  0.01874  -0.14092
     5.87  1.02864  0.01911  -0.14004
     7.04  1.14327  0.01972  -0.13794
     8.22  1.23739  0.02039  -0.13216
    10.83  1.28017  0.03279  -0.10271
    13.44  1.12044  0.11944  -0.09487
    16.05  1.08194  0.17308  -0.10319
    18.66  1.10664  0.22651  -0.11614
    21.27  1.10050  0.29357  -0.13723
    23.88  1.06763  0.33980  -0.16402
    26.50  1.03477  0.38602  -0.19081
    29.11  1.00190  0.43224  -0.21760
    31.72  0.97856  0.48505  -0.23731
    34.33  0.96016  0.54126  -0.25336
    36.94  0.94175  0.59747  -0.26942
    39.55  0.92335  0.65368  -0.28547
    42.17  0.89922  0.71253  -0.29923
    44.78  0.87391  0.77191  -0.31252
    47.39  0.84860  0.83129  -0.32582
    50.00  0.82330  0.89067  -0.33911
    60.00  0.67548  1.10134  -0.38443
    70.00  0.47773  1.26855  -0.42389
    80.00  0.24474  1.37065  -0.45629
    90.00  0.00000  1.39356  -0.47959
   100.00  -0.17131  1.37065  -0.49887
   110.00  -0.33480  1.26855  -0.50250
   120.00  -0.47283  1.10134  -0.49329
   130.00  -0.57660  0.89067  -0.47753
   140.00  -0.64415  0.66326  -0.46451
   150.00  -0.69407  0.44799  -0.47225
   160.00  -0.77239  0.27159  -0.54821
   170.00  -0.38570  0.15617  -0.48948
   180.00  0.00000  0.11593  -0.00000
EOT
