AeroDyn airfoil file.  Compatible with AeroDyn v13.0.
Interpolated thickness: 0.53

  1        Number of airfoil tables in this file
  9990     Reynolds number in millions.  For efficiency, make very large if only one table.
  0        Control setting
  10.7525  Stall angle (deg)
  -3.41301 Zero lift angle of attack (deg)
  4.17564  Cn slope for zero lift (dimensionless)
  1.03237  Cn at stall value for positive angle of attack
  -0.8     Cn at stall value for negative angle of attack
  -2.12    Angle of attack for minimum CD (deg)
  0.140046 Minimum CD value
  -180.00  0.00004  0.20214  -0.00004
  -170.00  0.24370  0.22755  0.24733
  -160.00  0.48797  0.30046  -0.08860
  -150.00  0.43850  0.41190  -0.03900
  -140.00  0.40696  0.54789  -0.00443
  -130.00  0.36429  0.69155  0.02903
  -120.00  0.29874  0.82464  0.06224
  -110.00  0.21154  0.93026  0.09303
  -100.00  0.10826  0.99477  0.11827
   -90.00  0.00004  1.00924  0.13484
   -80.00  -0.10819  0.99477  0.14708
   -70.00  -0.21146  0.93026  0.14931
   -60.00  -0.29866  0.82464  0.14356
   -50.00  -0.36421  0.69155  0.13354
   -40.00  -0.40688  0.54789  0.12538
   -30.00  -0.43842  0.41190  0.13026
   -20.00  -0.48666  0.30034  0.17776
   -10.00  -0.19909  0.19911  0.07856
    -4.17  -0.04449  0.14017  -0.08328
    -3.17  0.02601  0.14011  -0.08451
    -2.12  0.09899  0.14005  -0.08550
    -1.08  0.17258  0.14005  -0.08662
    -0.05  0.24555  0.14011  -0.08724
    -0.03  0.24572  0.14011  -0.08724
     1.16  0.33193  0.14024  -0.08803
     2.32  0.41312  0.14035  -0.08871
     3.49  0.49458  0.14056  -0.08917
     4.65  0.57347  0.14074  -0.08906
     5.81  0.64985  0.14097  -0.08850
     6.97  0.72226  0.14135  -0.08718
     8.14  0.78172  0.14178  -0.08353
    10.75  0.80875  0.14961  -0.06492
    13.37  0.70784  0.20435  -0.05997
    15.99  0.68352  0.23824  -0.06523
    18.60  0.69912  0.27199  -0.07341
    21.22  0.69524  0.31435  -0.08673
    23.84  0.67448  0.34355  -0.10365
    26.45  0.65372  0.37275  -0.12057
    29.07  0.63296  0.40195  -0.13750
    31.68  0.61822  0.43531  -0.14995
    34.30  0.60659  0.47082  -0.16009
    36.92  0.59496  0.50633  -0.17023
    39.53  0.58334  0.54184  -0.18037
    42.15  0.56809  0.57901  -0.18907
    44.77  0.55210  0.61653  -0.19746
    47.38  0.53612  0.65404  -0.20586
    50.00  0.52013  0.69155  -0.21426
    60.00  0.42675  0.82464  -0.24289
    70.00  0.30183  0.93026  -0.26781
    80.00  0.15464  0.99477  -0.28828
    90.00  0.00004  1.00924  -0.30300
   100.00  -0.10819  0.99477  -0.31519
   110.00  -0.21146  0.93026  -0.31747
   120.00  -0.29866  0.82464  -0.31166
   130.00  -0.36421  0.69155  -0.30170
   140.00  -0.40688  0.54789  -0.29348
   150.00  -0.43842  0.41190  -0.29836
   160.00  -0.48790  0.30046  -0.34635
   170.00  -0.24362  0.22755  -0.30925
   180.00  0.00004  0.20214  -0.00004
EOT
