AeroDyn airfoil file.  Compatible with AeroDyn v13.0.
Interpolated thickness: 0.986

  1        Number of airfoil tables in this file
  9990     Reynolds number in millions.  For efficiency, make very large if only one table.
  0        Control setting
  10.6288  Stall angle (deg)
  -0.935301 Zero lift angle of attack (deg)
  0.464238 Cn slope for zero lift (dimensionless)
  0.093698 Cn at stall value for positive angle of attack
  -0.8     Cn at stall value for negative angle of attack
  -2.12    Angle of attack for minimum CD (deg)
  0.343746 Minimum CD value
  -180.00  0.00010  0.34560  -0.00010
  -170.00  0.00736  0.34635  0.00727
  -160.00  0.01463  0.34852  -0.00274
  -150.00  0.01316  0.35184  -0.00126
  -140.00  0.01222  0.35589  -0.00023
  -130.00  0.01095  0.36017  0.00077
  -120.00  0.00900  0.36414  0.00176
  -110.00  0.00640  0.36728  0.00267
  -100.00  0.00332  0.36921  0.00343
   -90.00  0.00010  0.36964  0.00392
   -80.00  -0.00313  0.36921  0.00428
   -70.00  -0.00620  0.36728  0.00435
   -60.00  -0.00880  0.36414  0.00418
   -50.00  -0.01075  0.36017  0.00388
   -40.00  -0.01202  0.35589  0.00364
   -30.00  -0.01296  0.35184  0.00378
   -20.00  -0.01440  0.34852  0.00520
   -10.00  -0.00583  0.34551  0.00224
    -4.17  -0.00123  0.34375  -0.00258
    -3.17  0.00087  0.34375  -0.00261
    -2.12  0.00305  0.34375  -0.00264
    -1.08  0.00524  0.34375  -0.00268
    -0.05  0.00741  0.34375  -0.00270
    -0.00  0.00742  0.34375  -0.00270
     1.14  0.00998  0.34375  -0.00272
     2.29  0.01240  0.34376  -0.00274
     3.43  0.01483  0.34376  -0.00275
     4.57  0.01718  0.34377  -0.00275
     5.72  0.01945  0.34377  -0.00273
     6.86  0.02161  0.34379  -0.00269
     8.00  0.02338  0.34380  -0.00259
    10.63  0.02419  0.34403  -0.00203
    13.25  0.02118  0.34566  -0.00188
    15.88  0.02046  0.34667  -0.00204
    18.50  0.02092  0.34768  -0.00228
    21.13  0.02081  0.34894  -0.00268
    23.75  0.02019  0.34981  -0.00318
    26.38  0.01957  0.35068  -0.00369
    29.00  0.01895  0.35155  -0.00419
    31.63  0.01851  0.35254  -0.00456
    34.25  0.01817  0.35360  -0.00487
    36.88  0.01782  0.35466  -0.00517
    39.50  0.01747  0.35571  -0.00547
    42.13  0.01702  0.35682  -0.00573
    44.75  0.01654  0.35794  -0.00598
    47.38  0.01607  0.35906  -0.00623
    50.00  0.01559  0.36017  -0.00648
    60.00  0.01281  0.36414  -0.00733
    70.00  0.00909  0.36728  -0.00807
    80.00  0.00470  0.36921  -0.00868
    90.00  0.00010  0.36964  -0.00912
   100.00  -0.00313  0.36921  -0.00949
   110.00  -0.00620  0.36728  -0.00955
   120.00  -0.00880  0.36414  -0.00938
   130.00  -0.01075  0.36017  -0.00908
   140.00  -0.01202  0.35589  -0.00884
   150.00  -0.01296  0.35184  -0.00898
   160.00  -0.01444  0.34852  -0.01041
   170.00  -0.00716  0.34635  -0.00931
   180.00  0.00010  0.34560  -0.00010
EOT
