AeroDyn airfoil file.  Compatible with AeroDyn v13.0.
Interpolated thickness: 0.566

  1        Number of airfoil tables in this file
  9990     Reynolds number in millions.  For efficiency, make very large if only one table.
  0        Control setting
  10.7428  Stall angle (deg)
  -3.38205 Zero lift angle of attack (deg)
  3.88953  Cn slope for zero lift (dimensionless)
  0.958865 Cn at stall value for positive angle of attack
  -0.8     Cn at stall value for negative angle of attack
  -2.12    Angle of attack for minimum CD (deg)
  0.156128 Minimum CD value
  -180.00  0.00004  0.21346  -0.00004
  -170.00  0.22504  0.23693  0.22838
  -160.00  0.45060  0.30426  -0.08182
  -150.00  0.40492  0.40716  -0.03602
  -140.00  0.37580  0.53274  -0.00410
  -130.00  0.33639  0.66539  0.02680
  -120.00  0.27586  0.78828  0.05746
  -110.00  0.19534  0.88582  0.08590
  -100.00  0.09998  0.94538  0.10920
   -90.00  0.00004  0.95874  0.12450
   -80.00  -0.09989  0.94538  0.13581
   -70.00  -0.19526  0.88582  0.13787
   -60.00  -0.27578  0.78828  0.13256
   -50.00  -0.33631  0.66539  0.12330
   -40.00  -0.37571  0.53274  0.11577
   -30.00  -0.40483  0.40716  0.12028
   -20.00  -0.44938  0.30414  0.16413
   -10.00  -0.18384  0.21066  0.07254
    -4.17  -0.04107  0.15624  -0.07691
    -3.17  0.02403  0.15618  -0.07805
    -2.12  0.09141  0.15613  -0.07896
    -1.08  0.15937  0.15613  -0.07999
    -0.05  0.22675  0.15618  -0.08056
    -0.03  0.22691  0.15619  -0.08056
     1.16  0.30651  0.15631  -0.08130
     2.32  0.38149  0.15641  -0.08192
     3.48  0.45670  0.15660  -0.08235
     4.64  0.52955  0.15677  -0.08224
     5.80  0.60008  0.15698  -0.08173
     6.96  0.66695  0.15734  -0.08051
     8.13  0.72185  0.15773  -0.07713
    10.74  0.74681  0.16496  -0.05996
    13.36  0.65363  0.21550  -0.05538
    15.98  0.63118  0.24680  -0.06024
    18.59  0.64558  0.27796  -0.06779
    21.21  0.64200  0.31708  -0.08009
    23.83  0.62283  0.34405  -0.09572
    26.45  0.60365  0.37101  -0.11135
    29.06  0.58448  0.39797  -0.12697
    31.68  0.57087  0.42878  -0.13847
    34.30  0.56013  0.46157  -0.14784
    36.91  0.54940  0.49436  -0.15720
    39.53  0.53866  0.52715  -0.16656
    42.15  0.52459  0.56147  -0.17459
    44.77  0.50982  0.59611  -0.18235
    47.38  0.49506  0.63075  -0.19010
    50.00  0.48030  0.66539  -0.19786
    60.00  0.39407  0.78828  -0.22430
    70.00  0.27872  0.88582  -0.24731
    80.00  0.14281  0.94538  -0.26621
    90.00  0.00004  0.95874  -0.27980
   100.00  -0.09989  0.94538  -0.29105
   110.00  -0.19526  0.88582  -0.29316
   120.00  -0.27578  0.78828  -0.28780
   130.00  -0.33631  0.66539  -0.27860
   140.00  -0.37571  0.53274  -0.27101
   150.00  -0.40483  0.40716  -0.27552
   160.00  -0.45052  0.30426  -0.31983
   170.00  -0.22495  0.23693  -0.28557
   180.00  0.00004  0.21346  -0.00004
EOT
