AeroDyn airfoil file.  Compatible with AeroDyn v13.0.
Interpolated thickness: 0.661

  1        Number of airfoil tables in this file
  9990     Reynolds number in millions.  For efficiency, make very large if only one table.
  0        Control setting
  10.717   Stall angle (deg)
  -3.28035 Zero lift angle of attack (deg)
  3.12908  Cn slope for zero lift (dimensionless)
  0.764433 Cn at stall value for positive angle of attack
  -0.8     Cn at stall value for negative angle of attack
  -2.12    Angle of attack for minimum CD (deg)
  0.198565 Minimum CD value
  -180.00  0.00006  0.24335  -0.00006
  -170.00  0.17580  0.26168  0.17837
  -160.00  0.35199  0.31427  -0.06393
  -150.00  0.31631  0.39465  -0.02816
  -140.00  0.29356  0.49274  -0.00322
  -130.00  0.26278  0.59635  0.02091
  -120.00  0.21550  0.69235  0.04486
  -110.00  0.15261  0.76853  0.06708
  -100.00  0.07811  0.81505  0.08527
   -90.00  0.00006  0.82549  0.09723
   -80.00  -0.07800  0.81505  0.10606
   -70.00  -0.15249  0.76853  0.10767
   -60.00  -0.21539  0.69235  0.10352
   -50.00  -0.26267  0.59635  0.09629
   -40.00  -0.29345  0.49274  0.09040
   -30.00  -0.31620  0.39465  0.09393
   -20.00  -0.35099  0.31418  0.12818
   -10.00  -0.14357  0.24116  0.05664
    -4.17  -0.03206  0.19865  -0.06009
    -3.17  0.01879  0.19861  -0.06099
    -2.12  0.07142  0.19857  -0.06170
    -1.08  0.12450  0.19857  -0.06250
    -0.05  0.17714  0.19861  -0.06295
    -0.02  0.17726  0.19861  -0.06295
     1.16  0.23944  0.19871  -0.06352
     2.31  0.29800  0.19879  -0.06401
     3.47  0.35675  0.19894  -0.06435
     4.63  0.41366  0.19906  -0.06426
     5.78  0.46875  0.19923  -0.06386
     6.94  0.52098  0.19951  -0.06291
     8.10  0.56387  0.19981  -0.06027
    10.72  0.58336  0.20546  -0.04685
    13.34  0.51058  0.24495  -0.04328
    15.95  0.49304  0.26939  -0.04707
    18.57  0.50429  0.29373  -0.05297
    21.19  0.50149  0.32429  -0.06258
    23.81  0.48652  0.34535  -0.07479
    26.43  0.47154  0.36641  -0.08699
    29.05  0.45656  0.38747  -0.09920
    31.67  0.44593  0.41153  -0.10818
    34.29  0.43755  0.43715  -0.11550
    36.91  0.42916  0.46276  -0.12281
    39.52  0.42077  0.48837  -0.13013
    42.14  0.40978  0.51518  -0.13640
    44.76  0.39825  0.54224  -0.14245
    47.38  0.38672  0.56930  -0.14851
    50.00  0.37519  0.59635  -0.15457
    60.00  0.30783  0.69235  -0.17522
    70.00  0.21773  0.76853  -0.19320
    80.00  0.11157  0.81505  -0.20796
    90.00  0.00006  0.82549  -0.21858
   100.00  -0.07800  0.81505  -0.22736
   110.00  -0.15249  0.76853  -0.22901
   120.00  -0.21539  0.69235  -0.22482
   130.00  -0.26267  0.59635  -0.21764
   140.00  -0.29345  0.49274  -0.21171
   150.00  -0.31620  0.39465  -0.21523
   160.00  -0.35188  0.31427  -0.24984
   170.00  -0.17569  0.26168  -0.22308
   180.00  0.00006  0.24335  -0.00006
EOT
