AeroDyn airfoil file.  Compatible with AeroDyn v13.0.
Interpolated thickness: 0.483

  1        Number of airfoil tables in this file
  9990     Reynolds number in millions.  For efficiency, make very large if only one table.
  0        Control setting
  10.7653  Stall angle (deg)
  -3.44915 Zero lift angle of attack (deg)
  4.54749  Cn slope for zero lift (dimensionless)
  1.12818  Cn at stall value for positive angle of attack
  -0.8     Cn at stall value for negative angle of attack
  -2.12    Angle of attack for minimum CD (deg)
  0.119051 Minimum CD value
  -180.00  0.00003  0.18735  -0.00003
  -170.00  0.26806  0.21531  0.27207
  -160.00  0.53676  0.29551  -0.09745
  -150.00  0.48234  0.41809  -0.04289
  -140.00  0.44765  0.56768  -0.00486
  -130.00  0.40071  0.72571  0.03194
  -120.00  0.32860  0.87210  0.06847
  -110.00  0.23268  0.98829  0.10235
  -100.00  0.11908  1.05924  0.13010
   -90.00  0.00003  1.07516  0.14833
   -80.00  -0.11901  1.05924  0.16180
   -70.00  -0.23262  0.98829  0.16425
   -60.00  -0.32854  0.87210  0.15793
   -50.00  -0.40064  0.72571  0.14690
   -40.00  -0.44758  0.56768  0.13793
   -30.00  -0.48227  0.41809  0.14330
   -20.00  -0.53534  0.29537  0.19554
   -10.00  -0.21901  0.18402  0.08643
    -4.17  -0.04895  0.11919  -0.09160
    -3.17  0.02860  0.11912  -0.09296
    -2.12  0.10887  0.11905  -0.09404
    -1.08  0.18983  0.11905  -0.09527
    -0.05  0.27010  0.11912  -0.09595
    -0.03  0.27028  0.11912  -0.09595
     1.16  0.36511  0.11927  -0.09682
     2.33  0.45442  0.11939  -0.09757
     3.49  0.54402  0.11962  -0.09808
     4.66  0.63081  0.11981  -0.09795
     5.82  0.71482  0.12006  -0.09734
     6.99  0.79448  0.12049  -0.09589
     8.15  0.85988  0.12096  -0.09187
    10.77  0.88961  0.12957  -0.07140
    13.38  0.77862  0.18978  -0.06595
    16.00  0.75187  0.22706  -0.07174
    18.61  0.76902  0.26419  -0.08074
    21.23  0.76476  0.31079  -0.09539
    23.84  0.74192  0.34291  -0.11401
    26.46  0.71908  0.37503  -0.13262
    29.07  0.69624  0.40715  -0.15124
    31.69  0.68003  0.44384  -0.16493
    34.31  0.66724  0.48290  -0.17609
    36.92  0.65445  0.52197  -0.18724
    39.54  0.64166  0.56103  -0.19840
    42.15  0.62489  0.60192  -0.20796
    44.77  0.60730  0.64318  -0.21720
    47.38  0.58972  0.68445  -0.22644
    50.00  0.57213  0.72571  -0.23568
    60.00  0.46941  0.87210  -0.26717
    70.00  0.33200  0.98829  -0.29459
    80.00  0.17010  1.05924  -0.31710
    90.00  0.00003  1.07516  -0.33329
   100.00  -0.11901  1.05924  -0.34669
   110.00  -0.23262  0.98829  -0.34921
   120.00  -0.32854  0.87210  -0.34282
   130.00  -0.40064  0.72571  -0.33186
   140.00  -0.44758  0.56768  -0.32282
   150.00  -0.48227  0.41809  -0.32819
   160.00  -0.53670  0.29551  -0.38098
   170.00  -0.26799  0.21531  -0.34016
   180.00  0.00003  0.18735  -0.00003
EOT
