AeroDyn airfoil file.  Compatible with AeroDyn v13.0.
Interpolated thickness: 0.803

  1        Number of airfoil tables in this file
  9990     Reynolds number in millions.  For efficiency, make very large if only one table.
  0        Control setting
  10.6785  Stall angle (deg)
  -3.09207 Zero lift angle of attack (deg)
  1.95021  Cn slope for zero lift (dimensionless)
  0.468715 Cn at stall value for positive angle of attack
  -0.8     Cn at stall value for negative angle of attack
  -2.12    Angle of attack for minimum CD (deg)
  0.261998 Minimum CD value
  -180.00  0.00007  0.28802  -0.00007
  -170.00  0.10220  0.29868  0.10361
  -160.00  0.20459  0.32924  -0.03719
  -150.00  0.18385  0.37595  -0.01640
  -140.00  0.17063  0.43295  -0.00191
  -130.00  0.15275  0.49316  0.01211
  -120.00  0.12527  0.54894  0.02603
  -110.00  0.08872  0.59322  0.03894
  -100.00  0.04544  0.62025  0.04951
   -90.00  0.00007  0.62632  0.05646
   -80.00  -0.04529  0.62025  0.06159
   -70.00  -0.08858  0.59322  0.06253
   -60.00  -0.12512  0.54894  0.06011
   -50.00  -0.15260  0.49316  0.05592
   -40.00  -0.17049  0.43295  0.05249
   -30.00  -0.18371  0.37595  0.05454
   -20.00  -0.20392  0.32919  0.07445
   -10.00  -0.08339  0.28675  0.03287
    -4.17  -0.01859  0.26205  -0.03496
    -3.17  0.01096  0.26202  -0.03548
    -2.12  0.04155  0.26200  -0.03590
    -1.08  0.07239  0.26200  -0.03636
    -0.05  0.10298  0.26202  -0.03662
    -0.01  0.10305  0.26202  -0.03662
     1.15  0.13918  0.26208  -0.03696
     2.30  0.17322  0.26213  -0.03724
     3.45  0.20736  0.26221  -0.03744
     4.60  0.24043  0.26229  -0.03739
     5.76  0.27244  0.26238  -0.03715
     6.91  0.30279  0.26255  -0.03660
     8.06  0.32772  0.26272  -0.03507
    10.68  0.33904  0.26601  -0.02727
    13.30  0.29675  0.28895  -0.02519
    15.92  0.28656  0.30315  -0.02740
    18.54  0.29309  0.31730  -0.03083
    21.16  0.29147  0.33506  -0.03641
    23.79  0.28277  0.34730  -0.04350
    26.41  0.27406  0.35954  -0.05060
    29.03  0.26536  0.37178  -0.05769
    31.65  0.25918  0.38576  -0.06291
    34.27  0.25431  0.40064  -0.06716
    36.89  0.24944  0.41553  -0.07141
    39.51  0.24456  0.43041  -0.07566
    42.14  0.23817  0.44599  -0.07931
    44.76  0.23147  0.46171  -0.08283
    47.38  0.22477  0.47744  -0.08634
    50.00  0.21807  0.49316  -0.08986
    60.00  0.17893  0.54894  -0.10187
    70.00  0.12657  0.59322  -0.11231
    80.00  0.06488  0.62025  -0.12089
    90.00  0.00007  0.62632  -0.12706
   100.00  -0.04529  0.62025  -0.13217
   110.00  -0.08858  0.59322  -0.13313
   120.00  -0.12512  0.54894  -0.13069
   130.00  -0.15260  0.49316  -0.12652
   140.00  -0.17049  0.43295  -0.12307
   150.00  -0.18371  0.37595  -0.12512
   160.00  -0.20444  0.32924  -0.14523
   170.00  -0.10205  0.29868  -0.12968
   180.00  0.00007  0.28802  -0.00007
EOT
