AeroDyn airfoil file.  Compatible with AeroDyn v13.0.
Interpolated thickness: 0.245

  1        Number of airfoil tables in this file
  9990     Reynolds number in millions.  For efficiency, make very large if only one table.
  0        Control setting
  10.8299  Stall angle (deg)
  -3.58786 Zero lift angle of attack (deg)
  6.40158  Cn slope for zero lift (dimensionless)
  1.61088  Cn at stall value for positive angle of attack
  -0.8     Cn at stall value for negative angle of attack
  -2.12    Angle of attack for minimum CD (deg)
  0.0127336 Minimum CD value
  -180.00  0.00000  0.11247  -0.00000
  -170.00  0.39141  0.15330  0.39737
  -160.00  0.78381  0.27043  -0.14226
  -150.00  0.70434  0.44944  -0.06259
  -140.00  0.65367  0.66789  -0.00705
  -130.00  0.58513  0.89867  0.04669
  -120.00  0.47982  1.11245  0.10004
  -110.00  0.33975  1.28213  0.14951
  -100.00  0.17385  1.38574  0.19004
   -90.00  0.00000  1.40899  0.21666
   -80.00  -0.17385  1.38574  0.23633
   -70.00  -0.33975  1.28213  0.23991
   -60.00  -0.47982  1.11245  0.23067
   -50.00  -0.58512  0.89867  0.21458
   -40.00  -0.65367  0.66789  0.20147
   -30.00  -0.70433  0.44944  0.20931
   -20.00  -0.78182  0.27023  0.28561
   -10.00  -0.31988  0.10761  0.12626
    -4.17  -0.07153  0.01293  -0.13372
    -3.17  0.04172  0.01283  -0.13570
    -2.12  0.15895  0.01273  -0.13729
    -1.08  0.27717  0.01273  -0.13908
    -0.05  0.39439  0.01283  -0.14007
    -0.05  0.39466  0.01283  -0.14008
     1.17  0.53314  0.01305  -0.14135
     2.35  0.66357  0.01323  -0.14244
     3.52  0.79442  0.01356  -0.14319
     4.70  0.92115  0.01384  -0.14300
     5.87  1.04384  0.01421  -0.14211
     7.04  1.16017  0.01484  -0.13998
     8.22  1.25568  0.01552  -0.13411
    10.83  1.29909  0.02810  -0.10423
    13.44  1.13701  0.11603  -0.09627
    16.05  1.09794  0.17046  -0.10472
    18.66  1.12300  0.22468  -0.11786
    21.28  1.11677  0.29274  -0.13926
    23.89  1.08342  0.33964  -0.16644
    26.50  1.05006  0.38655  -0.19363
    29.11  1.01671  0.43345  -0.22081
    31.72  0.99303  0.48704  -0.24082
    34.33  0.97435  0.54409  -0.25711
    36.94  0.95568  0.60113  -0.27340
    39.55  0.93700  0.65817  -0.28969
    42.17  0.91251  0.71789  -0.30365
    44.78  0.88683  0.77815  -0.31714
    47.39  0.86115  0.83841  -0.33063
    50.00  0.83547  0.89867  -0.34412
    60.00  0.68546  1.11245  -0.39012
    70.00  0.48479  1.28213  -0.43015
    80.00  0.24836  1.38574  -0.46303
    90.00  0.00000  1.40899  -0.48668
   100.00  -0.17385  1.38574  -0.50625
   110.00  -0.33975  1.28213  -0.50992
   120.00  -0.47982  1.11245  -0.50059
   130.00  -0.58512  0.89867  -0.48459
   140.00  -0.65367  0.66789  -0.47138
   150.00  -0.70433  0.44944  -0.47923
   160.00  -0.78381  0.27043  -0.55632
   170.00  -0.39141  0.15330  -0.49671
   180.00  0.00000  0.11247  -0.00000
EOT
