AeroDyn airfoil file.  Compatible with AeroDyn v13.0.
Interpolated thickness: 0.279

  1        Number of airfoil tables in this file
  9990     Reynolds number in millions.  For efficiency, make very large if only one table.
  0        Control setting
  10.8207  Stall angle (deg)
  -3.57108 Zero lift angle of attack (deg)
  6.13963  Cn slope for zero lift (dimensionless)
  1.54217  Cn at stall value for positive angle of attack
  -0.8     Cn at stall value for negative angle of attack
  -2.12    Angle of attack for minimum CD (deg)
  0.0279217 Minimum CD value
  -180.00  0.00001  0.12317  -0.00001
  -170.00  0.37379  0.16216  0.37947
  -160.00  0.74852  0.27401  -0.13586
  -150.00  0.67262  0.44496  -0.05977
  -140.00  0.62424  0.65358  -0.00674
  -130.00  0.55878  0.87396  0.04458
  -120.00  0.45822  1.07812  0.09553
  -110.00  0.32446  1.24015  0.14277
  -100.00  0.16602  1.33910  0.18148
   -90.00  0.00001  1.36130  0.20690
   -80.00  -0.16601  1.33910  0.22569
   -70.00  -0.32444  1.24015  0.22910
   -60.00  -0.45821  1.07812  0.22028
   -50.00  -0.55877  0.87396  0.20491
   -40.00  -0.62423  0.65358  0.19239
   -30.00  -0.67261  0.44496  0.19988
   -20.00  -0.74661  0.27382  0.27274
   -10.00  -0.30547  0.11852  0.12057
    -4.17  -0.06830  0.02811  -0.12770
    -3.17  0.03985  0.02802  -0.12960
    -2.12  0.15179  0.02792  -0.13111
    -1.08  0.26469  0.02792  -0.13282
    -0.05  0.37663  0.02802  -0.13377
    -0.05  0.37689  0.02802  -0.13377
     1.17  0.50914  0.02822  -0.13499
     2.35  0.63369  0.02839  -0.13603
     3.52  0.75865  0.02871  -0.13674
     4.69  0.87967  0.02898  -0.13656
     5.86  0.99684  0.02933  -0.13571
     7.04  1.10793  0.02993  -0.13368
     8.21  1.19914  0.03058  -0.12808
    10.82  1.24060  0.04260  -0.09954
    13.43  1.08581  0.12656  -0.09194
    16.04  1.04850  0.17855  -0.10001
    18.66  1.07243  0.23032  -0.11255
    21.27  1.06648  0.29532  -0.13299
    23.88  1.03463  0.34011  -0.15895
    26.49  1.00278  0.38490  -0.18491
    29.10  0.97093  0.42970  -0.21087
    31.72  0.94832  0.48087  -0.22998
    34.33  0.93048  0.53535  -0.24553
    36.94  0.91264  0.58982  -0.26109
    39.55  0.89481  0.64430  -0.27665
    42.16  0.87142  0.70132  -0.28998
    44.78  0.84690  0.75887  -0.30287
    47.39  0.82237  0.81641  -0.31575
    50.00  0.79785  0.87396  -0.32863
    60.00  0.65460  1.07812  -0.37255
    70.00  0.46296  1.24015  -0.41079
    80.00  0.23718  1.33910  -0.44219
    90.00  0.00001  1.36130  -0.46477
   100.00  -0.16601  1.33910  -0.48345
   110.00  -0.32444  1.24015  -0.48696
   120.00  -0.45821  1.07812  -0.47805
   130.00  -0.55877  0.87396  -0.46277
   140.00  -0.62423  0.65358  -0.45016
   150.00  -0.67261  0.44496  -0.45765
   160.00  -0.74851  0.27401  -0.53127
   170.00  -0.37378  0.16216  -0.47435
   180.00  0.00001  0.12317  -0.00001
EOT
