AeroDyn airfoil file.  Compatible with AeroDyn v13.0.
Interpolated thickness: 0.567

  1        Number of airfoil tables in this file
  9990     Reynolds number in millions.  For efficiency, make very large if only one table.
  0        Control setting
  10.7425  Stall angle (deg)
  -3.38115 Zero lift angle of attack (deg)
  3.88156  Cn slope for zero lift (dimensionless)
  0.956822 Cn at stall value for positive angle of attack
  -0.8     Cn at stall value for negative angle of attack
  -2.12    Angle of attack for minimum CD (deg)
  0.156574 Minimum CD value
  -180.00  0.00004  0.21378  -0.00004
  -170.00  0.22452  0.23719  0.22785
  -160.00  0.44957  0.30436  -0.08163
  -150.00  0.40399  0.40703  -0.03594
  -140.00  0.37493  0.53232  -0.00409
  -130.00  0.33562  0.66467  0.02673
  -120.00  0.27523  0.78727  0.05733
  -110.00  0.19489  0.88458  0.08570
  -100.00  0.09975  0.94401  0.10895
   -90.00  0.00004  0.95734  0.12422
   -80.00  -0.09966  0.94401  0.13550
   -70.00  -0.19481  0.88458  0.13755
   -60.00  -0.27514  0.78727  0.13225
   -50.00  -0.33553  0.66467  0.12302
   -40.00  -0.37484  0.53232  0.11550
   -30.00  -0.40390  0.40703  0.12000
   -20.00  -0.44834  0.30425  0.16376
   -10.00  -0.18341  0.21098  0.07237
    -4.17  -0.04098  0.15669  -0.07673
    -3.17  0.02397  0.15663  -0.07787
    -2.12  0.09120  0.15657  -0.07878
    -1.08  0.15900  0.15657  -0.07981
    -0.05  0.22623  0.15663  -0.08038
    -0.03  0.22638  0.15663  -0.08038
     1.16  0.30580  0.15676  -0.08111
     2.32  0.38061  0.15686  -0.08173
     3.48  0.45565  0.15705  -0.08216
     4.64  0.52833  0.15721  -0.08205
     5.80  0.59870  0.15742  -0.08154
     6.96  0.66541  0.15778  -0.08032
     8.13  0.72019  0.15817  -0.07696
    10.74  0.74509  0.16539  -0.05982
    13.36  0.65213  0.21581  -0.05525
    15.98  0.62972  0.24703  -0.06010
    18.59  0.64409  0.27813  -0.06763
    21.21  0.64052  0.31716  -0.07991
    23.83  0.62139  0.34406  -0.09550
    26.45  0.60226  0.37096  -0.11109
    29.06  0.58314  0.39786  -0.12668
    31.68  0.56956  0.42860  -0.13815
    34.30  0.55884  0.46131  -0.14750
    36.91  0.54813  0.49403  -0.15684
    39.53  0.53742  0.52674  -0.16618
    42.15  0.52338  0.56099  -0.17419
    44.77  0.50865  0.59555  -0.18193
    47.38  0.49392  0.63011  -0.18966
    50.00  0.47919  0.66467  -0.19740
    60.00  0.39316  0.78727  -0.22378
    70.00  0.27807  0.88458  -0.24674
    80.00  0.14248  0.94401  -0.26560
    90.00  0.00004  0.95734  -0.27916
   100.00  -0.09966  0.94401  -0.29038
   110.00  -0.19481  0.88458  -0.29249
   120.00  -0.27514  0.78727  -0.28713
   130.00  -0.33553  0.66467  -0.27796
   140.00  -0.37484  0.53232  -0.27038
   150.00  -0.40390  0.40703  -0.27488
   160.00  -0.44948  0.30436  -0.31910
   170.00  -0.22443  0.23719  -0.28491
   180.00  0.00004  0.21378  -0.00004
EOT
