AeroDyn airfoil file.  Compatible with AeroDyn v13.0.
Interpolated thickness: 0.598

  1        Number of airfoil tables in this file
  9990     Reynolds number in millions.  For efficiency, make very large if only one table.
  0        Control setting
  10.7341  Stall angle (deg)
  -3.35154 Zero lift angle of attack (deg)
  3.63426  Cn slope for zero lift (dimensionless)
  0.893448 Cn at stall value for positive angle of attack
  -0.8     Cn at stall value for negative angle of attack
  -2.12    Angle of attack for minimum CD (deg)
  0.170422 Minimum CD value
  -180.00  0.00005  0.22353  -0.00005
  -170.00  0.20845  0.24527  0.21153
  -160.00  0.41739  0.30763  -0.07579
  -150.00  0.37507  0.40295  -0.03337
  -140.00  0.34809  0.51926  -0.00380
  -130.00  0.31160  0.64214  0.02481
  -120.00  0.25553  0.75597  0.05322
  -110.00  0.18095  0.84631  0.07956
  -100.00  0.09261  0.90148  0.10114
   -90.00  0.00005  0.91386  0.11532
   -80.00  -0.09252  0.90148  0.12579
   -70.00  -0.18085  0.84631  0.12769
   -60.00  -0.25543  0.75597  0.12277
   -50.00  -0.31150  0.64214  0.11421
   -40.00  -0.34800  0.51926  0.10722
   -30.00  -0.37498  0.40295  0.11140
   -20.00  -0.41623  0.30753  0.15203
   -10.00  -0.17027  0.22094  0.06718
    -4.17  -0.03804  0.17053  -0.07124
    -3.17  0.02226  0.17048  -0.07230
    -2.12  0.08468  0.17042  -0.07315
    -1.08  0.14762  0.17042  -0.07410
    -0.05  0.21004  0.17048  -0.07463
    -0.03  0.21018  0.17048  -0.07463
     1.16  0.28392  0.17059  -0.07531
     2.32  0.35337  0.17068  -0.07589
     3.48  0.42303  0.17086  -0.07629
     4.64  0.49051  0.17101  -0.07619
     5.80  0.55584  0.17121  -0.07571
     6.96  0.61778  0.17154  -0.07458
     8.12  0.66864  0.17190  -0.07145
    10.73  0.69175  0.17860  -0.05554
    13.35  0.60545  0.22542  -0.05130
    15.97  0.58464  0.25441  -0.05580
    18.59  0.59799  0.28327  -0.06280
    21.21  0.59467  0.31951  -0.07419
    23.82  0.57691  0.34449  -0.08867
    26.44  0.55915  0.36946  -0.10314
    29.06  0.54139  0.39444  -0.11762
    31.68  0.52879  0.42297  -0.12827
    34.29  0.51884  0.45334  -0.13694
    36.91  0.50890  0.48371  -0.14562
    39.53  0.49895  0.51409  -0.15429
    42.15  0.48591  0.54588  -0.16173
    44.76  0.47224  0.57797  -0.16891
    47.38  0.45857  0.61005  -0.17609
    50.00  0.44489  0.64214  -0.18327
    60.00  0.36502  0.75597  -0.20776
    70.00  0.25817  0.84631  -0.22908
    80.00  0.13228  0.90148  -0.24659
    90.00  0.00005  0.91386  -0.25918
   100.00  -0.09252  0.90148  -0.26960
   110.00  -0.18085  0.84631  -0.27156
   120.00  -0.25543  0.75597  -0.26658
   130.00  -0.31150  0.64214  -0.25807
   140.00  -0.34800  0.51926  -0.25103
   150.00  -0.37498  0.40295  -0.25521
   160.00  -0.41729  0.30763  -0.29626
   170.00  -0.20836  0.24527  -0.26452
   180.00  0.00005  0.22353  -0.00005
EOT
