AeroDyn airfoil file.  Compatible with AeroDyn v13.0.
Interpolated thickness: 0.271

  1        Number of airfoil tables in this file
  9990     Reynolds number in millions.  For efficiency, make very large if only one table.
  0        Control setting
  10.8228  Stall angle (deg)
  -3.57509 Zero lift angle of attack (deg)
  6.20135  Cn slope for zero lift (dimensionless)
  1.55835  Cn at stall value for positive angle of attack
  -0.8     Cn at stall value for negative angle of attack
  -2.12    Angle of attack for minimum CD (deg)
  0.024348 Minimum CD value
  -180.00  0.00000  0.12065  -0.00000
  -170.00  0.37793  0.16008  0.38368
  -160.00  0.75682  0.27317  -0.13736
  -150.00  0.68008  0.44602  -0.06043
  -140.00  0.63116  0.65695  -0.00681
  -130.00  0.56498  0.87977  0.04508
  -120.00  0.46330  1.08619  0.09659
  -110.00  0.32805  1.25003  0.14436
  -100.00  0.16787  1.35007  0.18349
   -90.00  0.00000  1.37252  0.20920
   -80.00  -0.16786  1.35007  0.22819
   -70.00  -0.32805  1.25003  0.23165
   -60.00  -0.46329  1.08619  0.22272
   -50.00  -0.56497  0.87977  0.20719
   -40.00  -0.63116  0.65695  0.19452
   -30.00  -0.68008  0.44602  0.20210
   -20.00  -0.75489  0.27298  0.27577
   -10.00  -0.30886  0.11595  0.12191
    -4.17  -0.06906  0.02454  -0.12911
    -3.17  0.04029  0.02444  -0.13103
    -2.12  0.15348  0.02435  -0.13257
    -1.08  0.26762  0.02435  -0.13429
    -0.05  0.38081  0.02444  -0.13525
    -0.05  0.38107  0.02444  -0.13526
     1.17  0.51478  0.02465  -0.13649
     2.35  0.64072  0.02482  -0.13754
     3.52  0.76706  0.02515  -0.13826
     4.69  0.88943  0.02542  -0.13808
     5.87  1.00790  0.02578  -0.13722
     7.04  1.12022  0.02638  -0.13516
     8.21  1.21245  0.02703  -0.12950
    10.82  1.25436  0.03919  -0.10064
    13.43  1.09786  0.12409  -0.09296
    16.05  1.06013  0.17665  -0.10112
    18.66  1.08433  0.22900  -0.11380
    21.27  1.07831  0.29471  -0.13446
    23.88  1.04611  0.34000  -0.16071
    26.49  1.01391  0.38529  -0.18696
    29.11  0.98170  0.43058  -0.21321
    31.72  0.95884  0.48232  -0.23253
    34.33  0.94080  0.53740  -0.24826
    36.94  0.92277  0.59248  -0.26399
    39.55  0.90474  0.64756  -0.27972
    42.16  0.88109  0.70522  -0.29320
    44.78  0.85629  0.76340  -0.30623
    47.39  0.83150  0.82159  -0.31925
    50.00  0.80670  0.87977  -0.33227
    60.00  0.66186  1.08619  -0.37669
    70.00  0.46810  1.25003  -0.41534
    80.00  0.23981  1.35007  -0.44709
    90.00  0.00000  1.37252  -0.46992
   100.00  -0.16786  1.35007  -0.48882
   110.00  -0.32805  1.25003  -0.49237
   120.00  -0.46329  1.08619  -0.48335
   130.00  -0.56497  0.87977  -0.46791
   140.00  -0.63116  0.65695  -0.45515
   150.00  -0.68008  0.44602  -0.46273
   160.00  -0.75681  0.27317  -0.53716
   170.00  -0.37792  0.16008  -0.47961
   180.00  0.00000  0.12065  -0.00000
EOT
