AeroDyn airfoil file.  Compatible with AeroDyn v13.0.
Interpolated thickness: 0.354

  1        Number of airfoil tables in this file
  9990     Reynolds number in millions.  For efficiency, make very large if only one table.
  0        Control setting
  10.8003  Stall angle (deg)
  -3.53116 Zero lift angle of attack (deg)
  5.55838  Cn slope for zero lift (dimensionless)
  1.39032  Cn at stall value for positive angle of attack
  -0.8     Cn at stall value for negative angle of attack
  -2.12    Angle of attack for minimum CD (deg)
  0.061425 Minimum CD value
  -180.00  0.00002  0.14677  -0.00002
  -170.00  0.33492  0.18170  0.33999
  -160.00  0.67066  0.28191  -0.12174
  -150.00  0.60266  0.43509  -0.05357
  -140.00  0.55932  0.62200  -0.00605
  -130.00  0.50066  0.81945  0.03993
  -120.00  0.41056  1.00238  0.08558
  -110.00  0.29072  1.14755  0.12791
  -100.00  0.14876  1.23621  0.16259
   -90.00  0.00002  1.25610  0.18537
   -80.00  -0.14874  1.23621  0.20220
   -70.00  -0.29069  1.14755  0.20526
   -60.00  -0.41053  1.00238  0.19736
   -50.00  -0.50063  0.81945  0.18359
   -40.00  -0.55929  0.62200  0.17237
   -30.00  -0.60263  0.43509  0.17908
   -20.00  -0.66894  0.28174  0.24436
   -10.00  -0.27369  0.14260  0.10802
    -4.17  -0.06118  0.06159  -0.11443
    -3.17  0.03572  0.06151  -0.11612
    -2.12  0.13602  0.06143  -0.11748
    -1.08  0.23717  0.06143  -0.11902
    -0.05  0.33747  0.06151  -0.11986
    -0.04  0.33770  0.06151  -0.11987
     1.17  0.45618  0.06170  -0.12096
     2.34  0.56778  0.06185  -0.12189
     3.51  0.67974  0.06213  -0.12253
     4.68  0.78818  0.06238  -0.12237
     5.85  0.89316  0.06269  -0.12161
     7.02  0.99269  0.06322  -0.11979
     8.19  1.07442  0.06381  -0.11477
    10.80  1.11156  0.07457  -0.08920
    13.41  0.97287  0.14981  -0.08238
    16.03  0.93944  0.19638  -0.08961
    18.64  0.96088  0.24277  -0.10086
    21.25  0.95555  0.30101  -0.11917
    23.87  0.92702  0.34114  -0.14243
    26.48  0.89848  0.38127  -0.16569
    29.09  0.86994  0.42141  -0.18895
    31.71  0.84968  0.46726  -0.20606
    34.32  0.83370  0.51607  -0.22000
    36.93  0.81772  0.56487  -0.23394
    39.55  0.80174  0.61368  -0.24788
    42.16  0.78079  0.66477  -0.25983
    44.77  0.75881  0.71633  -0.27137
    47.39  0.73684  0.76789  -0.28291
    50.00  0.71486  0.81945  -0.29445
    60.00  0.58651  1.00238  -0.33381
    70.00  0.41481  1.14755  -0.36806
    80.00  0.21251  1.23621  -0.39620
    90.00  0.00002  1.25610  -0.41643
   100.00  -0.14874  1.23621  -0.43318
   110.00  -0.29069  1.14755  -0.43632
   120.00  -0.41053  1.00238  -0.42833
   130.00  -0.50063  0.81945  -0.41464
   140.00  -0.55929  0.62200  -0.40334
   150.00  -0.60263  0.43509  -0.41005
   160.00  -0.67063  0.28191  -0.47602
   170.00  -0.33489  0.18170  -0.42501
   180.00  0.00002  0.14677  -0.00002
EOT
