AeroDyn airfoil file.  Compatible with AeroDyn v13.0.
Interpolated thickness: 0.843

  1        Number of airfoil tables in this file
  9990     Reynolds number in millions.  For efficiency, make very large if only one table.
  0        Control setting
  10.6676  Stall angle (deg)
  -2.95418 Zero lift angle of attack (deg)
  1.62719  Cn slope for zero lift (dimensionless)
  0.386855 Cn at stall value for positive angle of attack
  -0.8     Cn at stall value for negative angle of attack
  -2.12    Angle of attack for minimum CD (deg)
  0.279866 Minimum CD value
  -180.00  0.00008  0.30061  -0.00008
  -170.00  0.08147  0.30910  0.08255
  -160.00  0.16307  0.33345  -0.02966
  -150.00  0.14654  0.37068  -0.01309
  -140.00  0.13601  0.41611  -0.00155
  -130.00  0.12175  0.46409  0.00963
  -120.00  0.09986  0.50855  0.02072
  -110.00  0.07073  0.54383  0.03101
  -100.00  0.03623  0.56538  0.03944
   -90.00  0.00008  0.57021  0.04498
   -80.00  -0.03607  0.56538  0.04907
   -70.00  -0.07057  0.54383  0.04981
   -60.00  -0.09970  0.50855  0.04789
   -50.00  -0.12160  0.46409  0.04454
   -40.00  -0.13585  0.41611  0.04181
   -30.00  -0.14639  0.37068  0.04345
   -20.00  -0.16250  0.33341  0.05931
   -10.00  -0.06644  0.29959  0.02618
    -4.17  -0.01479  0.27991  -0.02788
    -3.17  0.00876  0.27989  -0.02830
    -2.12  0.03313  0.27987  -0.02863
    -1.08  0.05771  0.27987  -0.02900
    -0.05  0.08209  0.27989  -0.02921
    -0.01  0.08215  0.27989  -0.02921
     1.15  0.11094  0.27993  -0.02947
     2.30  0.13807  0.27997  -0.02970
     3.45  0.16528  0.28004  -0.02985
     4.60  0.19163  0.28010  -0.02982
     5.75  0.21714  0.28017  -0.02963
     6.90  0.24133  0.28030  -0.02919
     8.05  0.26120  0.28044  -0.02797
    10.67  0.27022  0.28306  -0.02175
    13.29  0.23652  0.30135  -0.02010
    15.91  0.22839  0.31267  -0.02185
    18.53  0.23360  0.32394  -0.02459
    21.16  0.23231  0.33809  -0.02904
    23.78  0.22537  0.34785  -0.03469
    26.40  0.21844  0.35760  -0.04034
    29.02  0.21150  0.36735  -0.04600
    31.64  0.20658  0.37850  -0.05016
    34.27  0.20269  0.39036  -0.05354
    36.89  0.19881  0.40222  -0.05693
    39.51  0.19493  0.41408  -0.06032
    42.13  0.18983  0.42650  -0.06322
    44.76  0.18449  0.43903  -0.06603
    47.38  0.17915  0.45156  -0.06883
    50.00  0.17381  0.46409  -0.07164
    60.00  0.14262  0.50855  -0.08120
    70.00  0.10089  0.54383  -0.08953
    80.00  0.05172  0.56538  -0.09637
    90.00  0.00008  0.57021  -0.10128
   100.00  -0.03607  0.56538  -0.10535
   110.00  -0.07057  0.54383  -0.10612
   120.00  -0.09970  0.50855  -0.10417
   130.00  -0.12160  0.46409  -0.10085
   140.00  -0.13585  0.41611  -0.09810
   150.00  -0.14639  0.37068  -0.09973
   160.00  -0.16291  0.33345  -0.11576
   170.00  -0.08131  0.30910  -0.10337
   180.00  0.00008  0.30061  -0.00008
EOT
