AeroDyn airfoil file.  Compatible with AeroDyn v13.0.
Interpolated thickness: 0.319

  1        Number of airfoil tables in this file
  9990     Reynolds number in millions.  For efficiency, make very large if only one table.
  0        Control setting
  10.8098  Stall angle (deg)
  -3.55034 Zero lift angle of attack (deg)
  5.83021  Cn slope for zero lift (dimensionless)
  1.46124  Cn at stall value for positive angle of attack
  -0.8     Cn at stall value for negative angle of attack
  -2.12    Angle of attack for minimum CD (deg)
  0.0457901 Minimum CD value
  -180.00  0.00001  0.13575  -0.00001
  -170.00  0.35306  0.17258  0.35841
  -160.00  0.70700  0.27823  -0.12833
  -150.00  0.63531  0.43969  -0.05646
  -140.00  0.58961  0.63674  -0.00637
  -130.00  0.52779  0.84489  0.04210
  -120.00  0.43280  1.03772  0.09022
  -110.00  0.30646  1.19077  0.13485
  -100.00  0.15682  1.28422  0.17140
   -90.00  0.00001  1.30519  0.19542
   -80.00  -0.15680  1.28422  0.21316
   -70.00  -0.30644  1.19077  0.21639
   -60.00  -0.43278  1.03772  0.20805
   -50.00  -0.52776  0.84489  0.19354
   -40.00  -0.58959  0.63674  0.18171
   -30.00  -0.63529  0.43969  0.18879
   -20.00  -0.70518  0.27805  0.25760
   -10.00  -0.28852  0.13136  0.11388
    -4.17  -0.06451  0.04597  -0.12062
    -3.17  0.03764  0.04588  -0.12241
    -2.12  0.14338  0.04579  -0.12384
    -1.08  0.25001  0.04579  -0.12546
    -0.05  0.35574  0.04588  -0.12635
    -0.04  0.35599  0.04588  -0.12636
     1.17  0.48090  0.04608  -0.12751
     2.34  0.59854  0.04623  -0.12849
     3.51  0.71656  0.04654  -0.12916
     4.68  0.83088  0.04679  -0.12899
     5.86  0.94154  0.04712  -0.12819
     7.03  1.04647  0.04769  -0.12627
     8.20  1.13262  0.04830  -0.12098
    10.81  1.17178  0.05965  -0.09402
    13.42  1.02558  0.13896  -0.08684
    16.04  0.99034  0.18806  -0.09446
    18.65  1.01294  0.23696  -0.10631
    21.26  1.00732  0.29835  -0.12562
    23.87  0.97724  0.34066  -0.15014
    26.49  0.94715  0.38297  -0.17466
    29.10  0.91707  0.42528  -0.19918
    31.71  0.89571  0.47361  -0.21722
    34.32  0.87886  0.52506  -0.23192
    36.94  0.86202  0.57652  -0.24661
    39.55  0.84517  0.62797  -0.26130
    42.16  0.82308  0.68183  -0.27390
    44.77  0.79992  0.73618  -0.28607
    47.39  0.77675  0.79054  -0.29824
    50.00  0.75359  0.84489  -0.31040
    60.00  0.61829  1.03772  -0.35189
    70.00  0.43728  1.19077  -0.38800
    80.00  0.22402  1.28422  -0.41766
    90.00  0.00001  1.30519  -0.43899
   100.00  -0.15680  1.28422  -0.45664
   110.00  -0.30644  1.19077  -0.45995
   120.00  -0.43278  1.03772  -0.45153
   130.00  -0.52776  0.84489  -0.43710
   140.00  -0.58959  0.63674  -0.42519
   150.00  -0.63529  0.43969  -0.43227
   160.00  -0.70698  0.27823  -0.50180
   170.00  -0.35303  0.17258  -0.44804
   180.00  0.00001  0.13575  -0.00001
EOT
