AeroDyn airfoil file.  Compatible with AeroDyn v13.0.
Interpolated thickness: 0.214

  1        Number of airfoil tables in this file
  9990     Reynolds number in millions.  For efficiency, make very large if only one table.
  0        Control setting
  8.83406  Stall angle (deg)
  -4.25395 Zero lift angle of attack (deg)
  6.36731  Cn slope for zero lift (dimensionless)
  1.45448  Cn at stall value for positive angle of attack
  -0.8     Cn at stall value for negative angle of attack
  -2.02    Angle of attack for minimum CD (deg)
  0.00912571 Minimum CD value
  -180.00  0.00000  0.14065  0.00000
  -170.00  0.39660  0.18127  0.40000
  -160.00  0.79420  0.29783  -0.14112
  -150.00  0.70974  0.47584  -0.06259
  -140.00  0.65874  0.69277  -0.00703
  -130.00  0.58937  0.92139  0.04674
  -120.00  0.48337  1.13236  0.09973
  -110.00  0.34200  1.29848  0.14827
  -100.00  0.17500  1.39776  0.18740
   -90.00  0.00000  1.41600  0.21216
   -80.00  -0.17500  1.39776  0.23244
   -70.00  -0.34200  1.29848  0.23660
   -60.00  -0.48337  1.13236  0.22774
   -50.00  -0.58937  0.92139  0.21177
   -40.00  -0.65874  0.69277  0.19834
   -30.00  -0.70974  0.47584  0.20524
   -20.00  -0.79257  0.29759  0.28085
   -10.00  -0.30046  0.10552  0.09909
    -6.04  -0.12278  0.02954  -0.08600
    -5.04  -0.04976  0.01819  -0.11811
    -4.09  0.01879  0.00917  -0.14365
    -3.02  0.13802  0.00914  -0.14540
    -2.02  0.24816  0.00913  -0.14659
    -1.03  0.35837  0.00917  -0.14779
    -0.03  0.46923  0.00930  -0.14876
     1.11  0.59756  0.00952  -0.14949
     2.22  0.72055  0.00979  -0.15033
     3.33  0.84280  0.01017  -0.15098
     4.44  0.95967  0.01050  -0.15019
     5.56  1.07276  0.01103  -0.14870
     6.67  1.17077  0.01163  -0.14455
     8.83  1.26488  0.01840  -0.12550
    11.00  1.23915  0.05387  -0.11120
    13.17  1.26259  0.09464  -0.11010
    15.33  1.26400  0.13747  -0.11077
    17.50  1.20939  0.21414  -0.12343
    19.67  1.17466  0.27944  -0.13653
    21.83  1.11988  0.33053  -0.16270
    24.00  1.09170  0.36916  -0.18477
    26.17  1.06352  0.40779  -0.20683
    28.33  1.03533  0.44642  -0.22890
    30.50  1.01141  0.48799  -0.24780
    32.67  0.99422  0.53401  -0.26212
    34.83  0.97854  0.58097  -0.27549
    37.00  0.96285  0.62793  -0.28887
    39.17  0.94717  0.67489  -0.30224
    41.33  0.92785  0.72345  -0.31420
    43.50  0.90623  0.77293  -0.32530
    45.67  0.88461  0.82242  -0.33639
    47.83  0.86299  0.87191  -0.34749
    50.00  0.84137  0.92139  -0.35858
    60.00  0.69037  1.13236  -0.40384
    70.00  0.48837  1.29848  -0.44277
    80.00  0.25000  1.39776  -0.47409
    90.00  0.00000  1.41600  -0.49584
   100.00  -0.17500  1.39776  -0.51606
   110.00  -0.34200  1.29848  -0.52028
   120.00  -0.48337  1.13236  -0.51137
   130.00  -0.58937  0.92139  -0.49545
   140.00  -0.65874  0.69277  -0.48197
   150.00  -0.70974  0.47584  -0.48886
   160.00  -0.79420  0.29783  -0.56509
   170.00  -0.39660  0.18127  -0.50000
   180.00  0.00000  0.14065  0.00000
EOT
