AeroDyn airfoil file.  Compatible with AeroDyn v13.0.
Interpolated thickness: 0.469

  1        Number of airfoil tables in this file
  9990     Reynolds number in millions.  For efficiency, make very large if only one table.
  0        Control setting
  10.7691  Stall angle (deg)
  -3.45914 Zero lift angle of attack (deg)
  4.65789  Cn slope for zero lift (dimensionless)
  1.15669  Cn at stall value for positive angle of attack
  -0.8     Cn at stall value for negative angle of attack
  -2.12    Angle of attack for minimum CD (deg)
  0.112797 Minimum CD value
  -180.00  0.00003  0.18294  -0.00003
  -170.00  0.27531  0.21166  0.27944
  -160.00  0.55129  0.29404  -0.10008
  -150.00  0.49540  0.41994  -0.04405
  -140.00  0.45976  0.57358  -0.00499
  -130.00  0.41156  0.73588  0.03281
  -120.00  0.33749  0.88624  0.07033
  -110.00  0.23898  1.00558  0.10512
  -100.00  0.12230  1.07845  0.13363
   -90.00  0.00003  1.09480  0.15235
   -80.00  -0.12224  1.07845  0.16619
   -70.00  -0.23892  1.00558  0.16870
   -60.00  -0.33743  0.88624  0.16220
   -50.00  -0.41149  0.73588  0.15089
   -40.00  -0.45970  0.57358  0.14166
   -30.00  -0.49534  0.41994  0.14718
   -20.00  -0.54983  0.29390  0.20084
   -10.00  -0.22495  0.17952  0.08877
    -4.17  -0.05028  0.11294  -0.09407
    -3.17  0.02937  0.11287  -0.09547
    -2.12  0.11182  0.11280  -0.09659
    -1.08  0.19496  0.11280  -0.09785
    -0.05  0.27741  0.11287  -0.09854
    -0.03  0.27760  0.11287  -0.09855
     1.16  0.37499  0.11302  -0.09944
     2.33  0.46673  0.11314  -0.10021
     3.49  0.55875  0.11338  -0.10073
     4.66  0.64789  0.11358  -0.10060
     5.82  0.73418  0.11384  -0.09998
     6.99  0.81599  0.11428  -0.09848
     8.15  0.88317  0.11475  -0.09435
    10.77  0.91370  0.12360  -0.07333
    13.38  0.79970  0.18545  -0.06774
    16.00  0.77222  0.22373  -0.07368
    18.62  0.78985  0.26186  -0.08292
    21.23  0.78546  0.30973  -0.09797
    23.85  0.76201  0.34272  -0.11709
    26.46  0.73855  0.37571  -0.13621
    29.08  0.71509  0.40869  -0.15533
    31.69  0.69844  0.44638  -0.16940
    34.31  0.68530  0.48650  -0.18086
    36.92  0.67217  0.52662  -0.19231
    39.54  0.65903  0.56674  -0.20377
    42.15  0.64181  0.60874  -0.21359
    44.77  0.62375  0.65112  -0.22308
    47.38  0.60569  0.69350  -0.23257
    50.00  0.58762  0.73588  -0.24205
    60.00  0.48212  0.88624  -0.27440
    70.00  0.34099  1.00558  -0.30256
    80.00  0.17470  1.07845  -0.32569
    90.00  0.00003  1.09480  -0.34232
   100.00  -0.12224  1.07845  -0.35608
   110.00  -0.23892  1.00558  -0.35866
   120.00  -0.33743  0.88624  -0.35210
   130.00  -0.41149  0.73588  -0.34085
   140.00  -0.45970  0.57358  -0.33156
   150.00  -0.49534  0.41994  -0.33708
   160.00  -0.55123  0.29404  -0.39129
   170.00  -0.27525  0.21166  -0.34937
   180.00  0.00003  0.18294  -0.00003
EOT
