AeroDyn airfoil file.  Compatible with AeroDyn v13.0.
Interpolated thickness: 0.277

  1        Number of airfoil tables in this file
  9990     Reynolds number in millions.  For efficiency, make very large if only one table.
  0        Control setting
  10.8212  Stall angle (deg)
  -3.57209 Zero lift angle of attack (deg)
  6.15506  Cn slope for zero lift (dimensionless)
  1.54622  Cn at stall value for positive angle of attack
  -0.8     Cn at stall value for negative angle of attack
  -2.12    Angle of attack for minimum CD (deg)
  0.0270283 Minimum CD value
  -180.00  0.00000  0.12254  -0.00000
  -170.00  0.37482  0.16164  0.38052
  -160.00  0.75059  0.27380  -0.13623
  -150.00  0.67449  0.44523  -0.05994
  -140.00  0.62597  0.65442  -0.00676
  -130.00  0.56033  0.87541  0.04471
  -120.00  0.45949  1.08013  0.09579
  -110.00  0.32535  1.24262  0.14317
  -100.00  0.16649  1.34184  0.18198
   -90.00  0.00000  1.36410  0.20748
   -80.00  -0.16648  1.34184  0.22631
   -70.00  -0.32535  1.24262  0.22974
   -60.00  -0.45948  1.08013  0.22089
   -50.00  -0.56032  0.87541  0.20548
   -40.00  -0.62596  0.65442  0.19292
   -30.00  -0.67448  0.44523  0.20044
   -20.00  -0.74868  0.27361  0.27350
   -10.00  -0.30632  0.11788  0.12091
    -4.17  -0.06849  0.02722  -0.12805
    -3.17  0.03996  0.02712  -0.12995
    -2.12  0.15222  0.02703  -0.13148
    -1.08  0.26542  0.02703  -0.13319
    -0.05  0.37768  0.02712  -0.13414
    -0.05  0.37794  0.02712  -0.13414
     1.17  0.51055  0.02733  -0.13536
     2.35  0.63545  0.02750  -0.13641
     3.52  0.76075  0.02782  -0.13712
     4.69  0.88211  0.02809  -0.13694
     5.86  0.99961  0.02844  -0.13609
     7.04  1.11100  0.02904  -0.13405
     8.21  1.20247  0.02969  -0.12843
    10.82  1.24404  0.04174  -0.09981
    13.43  1.08882  0.12594  -0.09219
    16.05  1.05141  0.17807  -0.10028
    18.66  1.07540  0.22999  -0.11287
    21.27  1.06944  0.29517  -0.13336
    23.88  1.03750  0.34008  -0.15939
    26.49  1.00556  0.38500  -0.18542
    29.10  0.97362  0.42992  -0.21146
    31.72  0.95095  0.48123  -0.23061
    34.33  0.93306  0.53586  -0.24621
    36.94  0.91518  0.59049  -0.26181
    39.55  0.89729  0.64511  -0.27741
    42.16  0.87384  0.70229  -0.29079
    44.78  0.84925  0.76000  -0.30371
    47.39  0.82465  0.81771  -0.31662
    50.00  0.80006  0.87541  -0.32954
    60.00  0.65641  1.08013  -0.37359
    70.00  0.46425  1.24262  -0.41192
    80.00  0.23783  1.34184  -0.44341
    90.00  0.00000  1.36410  -0.46605
   100.00  -0.16648  1.34184  -0.48480
   110.00  -0.32535  1.24262  -0.48832
   120.00  -0.45948  1.08013  -0.47937
   130.00  -0.56032  0.87541  -0.46406
   140.00  -0.62596  0.65442  -0.45140
   150.00  -0.67448  0.44523  -0.45892
   160.00  -0.75058  0.27380  -0.53274
   170.00  -0.37481  0.16164  -0.47566
   180.00  0.00000  0.12254  -0.00000
EOT
