AeroDyn airfoil file.  Compatible with AeroDyn v13.0.
Interpolated thickness: 0.788

  1        Number of airfoil tables in this file
  9990     Reynolds number in millions.  For efficiency, make very large if only one table.
  0        Control setting
  10.6825  Stall angle (deg)
  -3.05292 Zero lift angle of attack (deg)
  2.10002  Cn slope for zero lift (dimensionless)
  0.503435 Cn at stall value for positive angle of attack
  -0.8     Cn at stall value for negative angle of attack
  -2.12    Angle of attack for minimum CD (deg)
  0.255297 Minimum CD value
  -180.00  0.00007  0.28330  -0.00007
  -170.00  0.10998  0.29477  0.11151
  -160.00  0.22016  0.32766  -0.04002
  -150.00  0.19785  0.37792  -0.01765
  -140.00  0.18362  0.43926  -0.00205
  -130.00  0.16437  0.50406  0.01304
  -120.00  0.13480  0.56409  0.02802
  -110.00  0.09547  0.61174  0.04191
  -100.00  0.04889  0.64083  0.05329
   -90.00  0.00007  0.64736  0.06077
   -80.00  -0.04874  0.64083  0.06629
   -70.00  -0.09533  0.61174  0.06729
   -60.00  -0.13466  0.56409  0.06470
   -50.00  -0.16423  0.50406  0.06018
   -40.00  -0.18348  0.43926  0.05650
   -30.00  -0.19770  0.37792  0.05870
   -20.00  -0.21946  0.32760  0.08013
   -10.00  -0.08975  0.28194  0.03538
    -4.17  -0.02001  0.25535  -0.03762
    -3.17  0.01179  0.25533  -0.03818
    -2.12  0.04470  0.25530  -0.03862
    -1.08  0.07790  0.25530  -0.03912
    -0.05  0.11081  0.25533  -0.03940
    -0.01  0.11089  0.25533  -0.03940
     1.15  0.14977  0.25539  -0.03976
     2.30  0.18640  0.25544  -0.04007
     3.45  0.22314  0.25553  -0.04028
     4.61  0.25873  0.25561  -0.04023
     5.76  0.29318  0.25571  -0.03998
     6.91  0.32584  0.25589  -0.03938
     8.06  0.35266  0.25608  -0.03773
    10.68  0.36485  0.25961  -0.02934
    13.30  0.31934  0.28430  -0.02710
    15.92  0.30837  0.29959  -0.02948
    18.55  0.31540  0.31481  -0.03317
    21.17  0.31365  0.33392  -0.03917
    23.79  0.30429  0.34709  -0.04681
    26.41  0.29492  0.36026  -0.05444
    29.03  0.28556  0.37343  -0.06207
    31.65  0.27891  0.38848  -0.06769
    34.27  0.27367  0.40450  -0.07227
    36.89  0.26842  0.42052  -0.07684
    39.52  0.26318  0.43653  -0.08141
    42.14  0.25630  0.45330  -0.08534
    44.76  0.24909  0.47022  -0.08912
    47.38  0.24188  0.48714  -0.09291
    50.00  0.23467  0.50406  -0.09670
    60.00  0.19255  0.56409  -0.10961
    70.00  0.13620  0.61174  -0.12086
    80.00  0.06981  0.64083  -0.13009
    90.00  0.00007  0.64736  -0.13673
   100.00  -0.04874  0.64083  -0.14222
   110.00  -0.09533  0.61174  -0.14326
   120.00  -0.13466  0.56409  -0.14063
   130.00  -0.16423  0.50406  -0.13614
   140.00  -0.18348  0.43926  -0.13243
   150.00  -0.19770  0.37792  -0.13464
   160.00  -0.22002  0.32766  -0.15628
   170.00  -0.10983  0.29477  -0.13955
   180.00  0.00007  0.28330  -0.00007
EOT
