AeroDyn airfoil file.  Compatible with AeroDyn v13.0.
Interpolated thickness: 0.746

  1        Number of airfoil tables in this file
  9990     Reynolds number in millions.  For efficiency, make very large if only one table.
  0        Control setting
  10.6939  Stall angle (deg)
  -3.14677 Zero lift angle of attack (deg)
  2.44193  Cn slope for zero lift (dimensionless)
  0.589886 Cn at stall value for positive angle of attack
  -0.8     Cn at stall value for negative angle of attack
  -2.12    Angle of attack for minimum CD (deg)
  0.236536 Minimum CD value
  -180.00  0.00007  0.27009  -0.00007
  -170.00  0.13175  0.28383  0.13362
  -160.00  0.26376  0.32323  -0.04793
  -150.00  0.23702  0.38345  -0.02112
  -140.00  0.21998  0.45695  -0.00244
  -130.00  0.19692  0.53458  0.01564
  -120.00  0.16149  0.60651  0.03359
  -110.00  0.11437  0.66359  0.05023
  -100.00  0.05855  0.69845  0.06387
   -90.00  0.00007  0.70627  0.07282
   -80.00  -0.05842  0.69845  0.07944
   -70.00  -0.11423  0.66359  0.08065
   -60.00  -0.16136  0.60651  0.07754
   -50.00  -0.19678  0.53458  0.07212
   -40.00  -0.21984  0.45695  0.06771
   -30.00  -0.23689  0.38345  0.07035
   -20.00  -0.26296  0.32316  0.09602
   -10.00  -0.10755  0.26845  0.04241
    -4.17  -0.02400  0.23660  -0.04505
    -3.17  0.01410  0.23657  -0.04572
    -2.12  0.05354  0.23654  -0.04625
    -1.08  0.09331  0.23654  -0.04686
    -0.05  0.13275  0.23657  -0.04719
    -0.02  0.13284  0.23657  -0.04719
     1.15  0.17943  0.23664  -0.04762
     2.31  0.22331  0.23670  -0.04799
     3.46  0.26733  0.23681  -0.04824
     4.61  0.30996  0.23691  -0.04817
     5.77  0.35124  0.23703  -0.04788
     6.92  0.39037  0.23724  -0.04716
     8.07  0.42251  0.23747  -0.04519
    10.69  0.43711  0.24171  -0.03513
    13.31  0.38258  0.27129  -0.03245
    15.93  0.36944  0.28960  -0.03530
    18.56  0.37787  0.30784  -0.03972
    21.18  0.37577  0.33074  -0.04692
    23.80  0.36455  0.34652  -0.05606
    26.42  0.35333  0.36230  -0.06521
    29.04  0.34211  0.37808  -0.07435
    31.66  0.33415  0.39610  -0.08108
    34.28  0.32786  0.41530  -0.08656
    36.90  0.32158  0.43449  -0.09204
    39.52  0.31530  0.45368  -0.09752
    42.14  0.30706  0.47377  -0.10222
    44.76  0.29842  0.49404  -0.10676
    47.38  0.28978  0.51431  -0.11130
    50.00  0.28114  0.53458  -0.11584
    60.00  0.23067  0.60651  -0.13131
    70.00  0.16316  0.66359  -0.14478
    80.00  0.08362  0.69845  -0.15584
    90.00  0.00007  0.70627  -0.16380
   100.00  -0.05842  0.69845  -0.17038
   110.00  -0.11423  0.66359  -0.17162
   120.00  -0.16136  0.60651  -0.16848
   130.00  -0.19678  0.53458  -0.16309
   140.00  -0.21984  0.45695  -0.15865
   150.00  -0.23689  0.38345  -0.16129
   160.00  -0.26363  0.32323  -0.18722
   170.00  -0.13161  0.28383  -0.16717
   180.00  0.00007  0.27009  -0.00007
EOT
