AeroDyn airfoil file.  Compatible with AeroDyn v13.0.
Interpolated thickness: 0.762

  1        Number of airfoil tables in this file
  9990     Reynolds number in millions.  For efficiency, make very large if only one table.
  0        Control setting
  10.6896  Stall angle (deg)
  -3.11398 Zero lift angle of attack (deg)
  2.31186  Cn slope for zero lift (dimensionless)
  0.556968 Cn at stall value for positive angle of attack
  -0.8     Cn at stall value for negative angle of attack
  -2.12    Angle of attack for minimum CD (deg)
  0.243683 Minimum CD value
  -180.00  0.00007  0.27512  -0.00007
  -170.00  0.12345  0.28799  0.12519
  -160.00  0.24715  0.32492  -0.04491
  -150.00  0.22210  0.38135  -0.01980
  -140.00  0.20613  0.45021  -0.00229
  -130.00  0.18452  0.52296  0.01465
  -120.00  0.15132  0.59035  0.03147
  -110.00  0.10717  0.64384  0.04706
  -100.00  0.05487  0.67650  0.05984
   -90.00  0.00007  0.68383  0.06823
   -80.00  -0.05473  0.67650  0.07443
   -70.00  -0.10703  0.64384  0.07556
   -60.00  -0.15119  0.59035  0.07265
   -50.00  -0.18438  0.52296  0.06757
   -40.00  -0.20599  0.45021  0.06344
   -30.00  -0.22196  0.38135  0.06591
   -20.00  -0.24639  0.32485  0.08996
   -10.00  -0.10077  0.27359  0.03973
    -4.17  -0.02248  0.24375  -0.04222
    -3.17  0.01322  0.24371  -0.04285
    -2.12  0.05017  0.24368  -0.04335
    -1.08  0.08744  0.24368  -0.04391
    -0.05  0.12439  0.24371  -0.04422
    -0.01  0.12448  0.24371  -0.04422
     1.15  0.16813  0.24378  -0.04463
     2.31  0.20925  0.24384  -0.04497
     3.46  0.25049  0.24394  -0.04521
     4.61  0.29044  0.24403  -0.04515
     5.76  0.32912  0.24415  -0.04487
     6.92  0.36579  0.24435  -0.04420
     8.07  0.39590  0.24456  -0.04235
    10.69  0.40958  0.24853  -0.03292
    13.31  0.35849  0.27624  -0.03041
    15.93  0.34617  0.29340  -0.03308
    18.55  0.35407  0.31050  -0.03722
    21.17  0.35211  0.33195  -0.04397
    23.79  0.34160  0.34674  -0.05254
    26.41  0.33108  0.36152  -0.06111
    29.03  0.32057  0.37631  -0.06968
    31.66  0.31310  0.39320  -0.07598
    34.28  0.30722  0.41118  -0.08112
    36.90  0.30133  0.42916  -0.08625
    39.52  0.29544  0.44715  -0.09139
    42.14  0.28772  0.46597  -0.09579
    44.76  0.27963  0.48497  -0.10004
    47.38  0.27153  0.50396  -0.10429
    50.00  0.26343  0.52296  -0.10855
    60.00  0.21615  0.59035  -0.12305
    70.00  0.15289  0.64384  -0.13567
    80.00  0.07836  0.67650  -0.14603
    90.00  0.00007  0.68383  -0.15348
   100.00  -0.05473  0.67650  -0.15965
   110.00  -0.10703  0.64384  -0.16081
   120.00  -0.15119  0.59035  -0.15787
   130.00  -0.18438  0.52296  -0.15283
   140.00  -0.20599  0.45021  -0.14866
   150.00  -0.22196  0.38135  -0.15114
   160.00  -0.24701  0.32492  -0.17544
   170.00  -0.12332  0.28799  -0.15665
   180.00  0.00007  0.27512  -0.00007
EOT
