<reference>
Airfoil "Interp_058620" created on 07-Dec-2021 09:39:54 for blade project exampleBladeYaml_numad
</reference>
<coords>
 1.00000000000000  0.00000000000000
 1.00000000000000 -0.00000686439480
 0.99975079456309  0.00177294268004
 0.99900342666575 -0.00214316499516
 0.99775864130055 -0.00193658113413
 0.99601767929663 -0.00168998529909
 0.99378227608276 -0.00138781487070
 0.99105465995749 -0.00100963104691
 0.98783754986789 -0.00062007707988
 0.98413415269925 -0.00018328186756
 0.97994816007843  0.00030204044817
 0.97528374469389  0.00082373691578
 0.97014555613634  0.00137618842288
 0.96453871626387  0.00195244179949
 0.95846881409639  0.00254472930718
 0.95194190024441  0.00314934006436
 0.94496448087759  0.00376388632630
 0.93754351123930  0.00435270413523
 0.92968638871346  0.00488330395844
 0.92140094545068  0.00533631454045
 0.91269544056099  0.00569005741185
 0.90357855188099  0.00591146972353
 0.89405936732360  0.00598237470974
 0.88414737581899  0.00590835340508
 0.87385245785585  0.00565854069692
 0.86318487563232  0.00522705398193
 0.85215526282634  0.00461690395617
 0.84077461399582  0.00380121988602
 0.82905427361902  0.00277111722447
 0.81700592478612  0.00151786535372
 0.80464157755326  0.00002535044597
 0.79197355697065 -0.00173264727428
 0.77901449079672 -0.00377754000143
 0.76577729691045 -0.00622378636246
 0.75227517043459 -0.00897570810531
 0.73852157058244 -0.01203481182942
 0.72453020724146 -0.01538399839616
 0.71031502730689 -0.01900735660355
 0.69589020077925 -0.02290135515625
 0.68127010663931 -0.02704281502781
 0.66646931851488 -0.03133390618770
 0.65150259015344 -0.03583984759491
 0.63638484071530 -0.04051841624968
 0.62113113990189 -0.04532374612322
 0.60575669293391 -0.05020652769158
 0.59027682539445 -0.05513544742687
 0.57470696795213 -0.06005391606413
 0.55906264097945 -0.06491341243637
 0.54335943908178 -0.06967869791708
 0.52761301555225 -0.07430708911135
 0.51183906676831 -0.07875811560841
 0.49605331654514 -0.08300369638236
 0.48027150046187 -0.08703105929009
 0.46450935017599 -0.09098251296770
 0.44878257774169 -0.09450361477384
 0.43310685994776 -0.09764216215611
 0.41749782269060 -0.10041888860079
 0.40197102539801 -0.10282583935770
 0.38654194551920 -0.10489104974709
 0.37122596309655 -0.10659897071022
 0.35603834543442 -0.10794959204377
 0.34099423188038 -0.10895727989912
 0.32610861873401 -0.10963740519530
 0.31139634429821 -0.10997710924524
 0.29687207408811 -0.11000556263050
 0.28255028621210 -0.10972068957239
 0.26844525693983 -0.10912891417292
 0.25457104647120 -0.10826390119409
 0.24094148492096 -0.10711549715798
 0.22757015853246 -0.10570638619349
 0.21447039613465 -0.10403625940074
 0.20165525585557 -0.10212067933586
 0.18913751210575 -0.09996417031991
 0.17692964284440 -0.09758222916609
 0.16504381714107 -0.09499218593585
 0.15349188304533 -0.09219820372648
 0.14228535577631 -0.08922199257220
 0.13143540624411 -0.08608909062555
 0.12095284991438 -0.08280118421541
 0.11084813602724 -0.07937819572556
 0.10113133718124 -0.07583347283366
 0.09181213929280 -0.07218796276412
 0.08289983194104 -0.06846485323000
 0.07440329910775 -0.06466980105686
 0.06633101032164 -0.06083176993589
 0.05869101221573 -0.05695462736589
 0.05149092050627 -0.05306607571507
 0.04473791240127 -0.04917732199315
 0.03843871944607 -0.04530096668375
 0.03259962081320 -0.04144449205595
 0.02722643704317 -0.03761795145908
 0.02232452424240 -0.03383764982917
 0.01789876874419 -0.03009871848105
 0.01395358223787 -0.02640446510923
 0.01049289737114 -0.02274792142818
 0.00752016382994 -0.01911039556041
 0.00503834489972 -0.01583643355404
 0.00304991451156 -0.01244918433544
 0.00155685477610 -0.00828838216618
 0.00056065400778 -0.00312819973639
 0.00006230524117 -0.00031384934805
 0.00000000000000  0.00000000000000
 0.00006230524117  0.00047695517272
 0.00056065400778  0.00387592255974
 0.00155685477610  0.01017005229388
 0.00304991451156  0.01500159373523
 0.00503834489972  0.01933094918600
 0.00752016382994  0.02373537254948
 0.01049289737114  0.02810334634247
 0.01395358223787  0.03259181919539
 0.01789876874419  0.03710433286163
 0.02232452424240  0.04165159945713
 0.02722643704317  0.04621588206103
 0.03259962081320  0.05075807587202
 0.03843871944607  0.05529672839255
 0.04473791240127  0.05980354684128
 0.05149092050627  0.06425725968288
 0.05869101221573  0.06864947450152
 0.06633101032164  0.07297937379375
 0.07440329910775  0.07722039815420
 0.08289983194104  0.08135775260749
 0.09181213929280  0.08538044257422
 0.10113133718124  0.08927199077243
 0.11084813602724  0.09302469318941
 0.12095284991438  0.09662175580019
 0.13143540624411  0.10005193801511
 0.14228535577631  0.10329226866912
 0.15349188304533  0.10634364278021
 0.16504381714107  0.10918589462862
 0.17692964284440  0.11181021830816
 0.18913751210575  0.11421663300930
 0.20165525585557  0.11636916082234
 0.21447039613465  0.11826995628451
 0.22757015853246  0.11993680842018
 0.24094148492096  0.12133315416970
 0.25457104647120  0.12244573413057
 0.26844525693983  0.12329155995671
 0.28255028621210  0.12385157761089
 0.29687207408811  0.12414918182464
 0.31139634429821  0.12415010227669
 0.32610861873401  0.12387457746881
 0.34099423188038  0.12332624810923
 0.35603834543442  0.12252518317248
 0.37122596309655  0.12148428718637
 0.38654194551920  0.12020462334570
 0.40197102539801  0.11870274157259
 0.41749782269060  0.11700270799674
 0.43310685994776  0.11509647323107
 0.44878257774169  0.11297315568160
 0.46450935017599  0.11065086756328
 0.48027150046187  0.10805835083365
 0.49605331654514  0.10554065126822
 0.51183906676831  0.10296069786716
 0.52761301555225  0.10026730832731
 0.54335943908178  0.09746962883960
 0.55906264097945  0.09459045743404
 0.57470696795213  0.09163334859402
 0.59027682539445  0.08860803580558
 0.60575669293391  0.08553013813572
 0.62113113990189  0.08239507048172
 0.63638484071530  0.07922838756875
 0.65150259015344  0.07604972291667
 0.66646931851488  0.07285002245493
 0.68127010663931  0.06964949989070
 0.69589020077925  0.06653899721021
 0.71031502730689  0.06346272112192
 0.72453020724146  0.06041783609086
 0.73852157058244  0.05740152431901
 0.75227517043459  0.05444098011661
 0.76577729691045  0.05153600792154
 0.77901449079672  0.04868646229009
 0.79197355697065  0.04580753802448
 0.80464157755326  0.04301499088807
 0.81700592478612  0.04032035547182
 0.82905427361902  0.03771964115789
 0.84077461399582  0.03520671265443
 0.85215526282634  0.03278728244582
 0.86318487563232  0.03045805289194
 0.87385245785585  0.02822423986113
 0.88414737581899  0.02609044422757
 0.89405936732360  0.02405544325352
 0.90357855188099  0.02211324599713
 0.91269544056099  0.02026556382961
 0.92140094545068  0.01851698923427
 0.92968638871346  0.01686387832237
 0.93754351123930  0.01530884582273
 0.94496448087759  0.01385159757262
 0.95194190024441  0.01248910361246
 0.95846881409639  0.01121854759581
 0.96453871626387  0.01004052229205
 0.97014555613634  0.00895623975338
 0.97528374469389  0.00796642073388
 0.97994816007843  0.00707223358601
 0.98413415269925  0.00627486165992
 0.98783754986789  0.00557771720089
 0.99105465995749  0.00497446820662
 0.99378227608276  0.00443433640714
 0.99601767929663  0.00398937972323
 0.99775864130055  0.00364545306222
 0.99900342666575  0.00340492500065
 0.99975079456309  0.00366067659212
 1.00000000000000  0.00000686439480
</coords>