<reference>
Airfoil "Interp_068965" created on 07-Dec-2021 09:39:54 for blade project exampleBladeYaml_numad
</reference>
<coords>
 1.00000000000000 -0.00000389941152
 0.99975079456309  0.00067593771921
 0.99900342666575 -0.00085941784334
 0.99775864130055 -0.00064694793222
 0.99601767929663 -0.00044930355719
 0.99378227608276 -0.00021863219652
 0.99105465995749  0.00010262494687
 0.98783754986789  0.00042448705178
 0.98413415269925  0.00078892119422
 0.97994816007843  0.00119741465514
 0.97528374469389  0.00163706813922
 0.97014555613634  0.00210629360692
 0.96453871626387  0.00259975826610
 0.95846881409639  0.00311193868291
 0.95194190024441  0.00364046411950
 0.94496448087759  0.00418362012305
 0.93754351123930  0.00471805315948
 0.92968638871346  0.00520807365775
 0.92140094545068  0.00561990797194
 0.91269544056099  0.00593929620049
 0.90357855188099  0.00613915598621
 0.89405936732360  0.00620248065999
 0.88414737581899  0.00613368989407
 0.87385245785585  0.00590862433622
 0.86318487563232  0.00552011988948
 0.85215526282634  0.00496445817269
 0.84077461399582  0.00421484797056
 0.82905427361902  0.00327005638625
 0.81700592478612  0.00212327091609
 0.80464157755326  0.00075928340326
 0.79197355697065 -0.00083752945806
 0.77901449079672 -0.00268564305322
 0.76577729691045 -0.00485858394373
 0.75227517043459 -0.00728028237676
 0.73852157058244 -0.00995772566840
 0.72453020724146 -0.01288844366120
 0.71031502730689 -0.01606262796537
 0.69589020077925 -0.01947634395781
 0.68127010663931 -0.02312693300959
 0.66646931851488 -0.02704109402115
 0.65150259015344 -0.03115007726357
 0.63638484071530 -0.03541912620561
 0.62113113990189 -0.03981489559457
 0.60575669293391 -0.04429342329509
 0.59027682539445 -0.04883456678146
 0.57470696795213 -0.05337842375073
 0.55906264097945 -0.05787986736741
 0.54335943908178 -0.06231151043601
 0.52761301555225 -0.06663097995568
 0.51183906676831 -0.07081015163061
 0.49605331654514 -0.07480802822143
 0.48027150046187 -0.07870310332873
 0.46450935017599 -0.08310296098904
 0.44878257774169 -0.08680030292117
 0.43310685994776 -0.08998994631946
 0.41749782269060 -0.09274738578723
 0.40197102539801 -0.09509981092539
 0.38654194551920 -0.09708552273712
 0.37122596309655 -0.09870683310039
 0.35603834543442 -0.09996166268560
 0.34099423188038 -0.10087701357987
 0.32610861873401 -0.10146451662787
 0.31139634429821 -0.10171742951413
 0.29687207408811 -0.10166876105210
 0.28255028621210 -0.10132568135821
 0.26844525693983 -0.10068851845348
 0.25457104647120 -0.09979723794417
 0.24094148492096 -0.09864693064760
 0.22757015853246 -0.09725266148050
 0.21447039613465 -0.09563094148301
 0.20165525585557 -0.09378642968268
 0.18913751210575 -0.09172367780311
 0.17692964284440 -0.08946303341118
 0.16504381714107 -0.08702196762265
 0.15349188304533 -0.08439904423954
 0.14228535577631 -0.08162526045610
 0.13143540624411 -0.07871903780604
 0.12095284991438 -0.07568422191567
 0.11084813602724 -0.07254014697853
 0.10113133718124 -0.06929175960373
 0.09181213929280 -0.06595890967593
 0.08289983194104 -0.06256079156838
 0.07440329910775 -0.05910449040118
 0.06633101032164 -0.05561277460599
 0.05869101221573 -0.05209484237711
 0.05149092050627 -0.04856127759160
 0.04473791240127 -0.04501636877208
 0.03843871944607 -0.04147575755480
 0.03259962081320 -0.03794467616448
 0.02722643704317 -0.03443708427722
 0.02232452424240 -0.03096926018427
 0.01789876874419 -0.02757236524864
 0.01395358223787 -0.02424520438675
 0.01049289737114 -0.02093987189385
 0.00752016382994 -0.01771060131088
 0.00503834489972 -0.01471766053257
 0.00304991451156 -0.01143933503851
 0.00155685477610 -0.00737072783259
 0.00056065400778 -0.00276504745375
 0.00006230524117 -0.00031359053051
 0.00000000000000  0.00000000000000
 0.00024920543691  0.00129017965760
 0.00099657333425  0.00579030143314
 0.00224135869945  0.01122943350598
 0.00398232070337  0.01548779790670
 0.00621772391724  0.01951378677636
 0.00894534004251  0.02369690281191
 0.01216245013211  0.02793993446925
 0.01586584730075  0.03225412799459
 0.02005183992157  0.03660690994708
 0.02471625530611  0.04097426672409
 0.02985444386366  0.04533097380495
 0.03546128373613  0.04970985868492
 0.04153118590361  0.05409053558379
 0.04805809975559  0.05844976395197
 0.05503551912241  0.06276802001920
 0.06245648876070  0.06705096787632
 0.07031361128654  0.07127577571301
 0.07859905454932  0.07541930717009
 0.08730455943901  0.07946667757310
 0.09642144811901  0.08340091858258
 0.10594063267640  0.08722033855801
 0.11585262418101  0.09091591038579
 0.12614754214415  0.09445444463315
 0.13681512436768  0.09781788632627
 0.14784473717366  0.10100114855565
 0.15922538600418  0.10403396051139
 0.17094572638098  0.10679907969788
 0.18299407521388  0.10941754247612
 0.19535842244674  0.11178008045380
 0.20802644302935  0.11388631852579
 0.22098550920328  0.11576473241620
 0.23422270308955  0.11741030811620
 0.24772482956541  0.11873618277748
 0.26147842941756  0.11976972335308
 0.27546979275854  0.12052015390324
 0.28968497269311  0.12101047687067
 0.30410979922075  0.12120148399151
 0.31872989336069  0.12106430475789
 0.33353068148512  0.12065399031570
 0.34849740984656  0.11993352576983
 0.36361515928470  0.11898121167612
 0.37886886009811  0.11775780317497
 0.39424330706609  0.11627645355874
 0.40972317460555  0.11454938932668
 0.42529303204787  0.11262650758627
 0.44093735902055  0.11039848409239
 0.45664056091822  0.10789164860645
 0.47238698444775  0.10496464480450
 0.48816093323169  0.10189047162477
 0.50394668345486  0.09940269833543
 0.51972849953813  0.09682918397417
 0.53549064982401  0.09412307259856
 0.55121742225831  0.09133795277933
 0.56689314005224  0.08848671031654
 0.58250217730940  0.08556810618846
 0.59802897460199  0.08259318330050
 0.61345805448080  0.07956904187722
 0.62877403690345  0.07649576014337
 0.64396165456558  0.07342863493666
 0.65900576811962  0.07035238036362
 0.67389138126599  0.06728207008656
 0.68860365570179  0.06420236632178
 0.70312792591189  0.06109778015480
 0.71744971378790  0.05804867893013
 0.73155474306017  0.05502981062927
 0.74542895352880  0.05205455559131
 0.75905851507904  0.04915068623581
 0.77242984146754  0.04631045567252
 0.78552960386535  0.04350581856957
 0.79834474414443  0.04074839162853
 0.81086248789425  0.03808749251801
 0.82307035715560  0.03552691227888
 0.83495618285893  0.03305938005318
 0.84650811695467  0.03068414470511
 0.85771464422369  0.02839613143923
 0.86856459375589  0.02619644245011
 0.87904715008562  0.02410631493972
 0.88915186397276  0.02211070825886
 0.89886866281876  0.02020747238673
 0.90818786070720  0.01840467222152
 0.91710016805896  0.01669314081390
 0.92559670089225  0.01507924023894
 0.93366898967836  0.01356222092288
 0.94130898778427  0.01213624835261
 0.94850907949373  0.01081305761349
 0.95526208759873  0.00958510263119
 0.96156128055393  0.00844413619297
 0.96740037918680  0.00739342250563
 0.97277356295683  0.00643315387898
 0.97767547575760  0.00556340437581
 0.98210123125581  0.00478461188448
 0.98604641776213  0.00409732453488
 0.98950710262886  0.00350554335168
 0.99247983617006  0.00298153032399
 0.99496165510028  0.00253845031188
 0.99695008548844  0.00218281951302
 0.99844314522390  0.00192173925339
 0.99943934599222  0.00174265936118
 0.99993769475883  0.00166549024915
</coords>