<reference>
Airfoil "Interp_035214" created on 31-Oct-2019 15:10:14 for blade project BAR008_numad
</reference>
<coords>
 1.00000000000000  0.00000000000000
 1.00000000000000 -0.01334512682923
 0.98421375798636 -0.00865111328329
 0.96843145023519 -0.00487826063041
 0.95265701002844 -0.00266622532220
 0.93689436868733 -0.00143562813918
 0.92114745459252 -0.00093226113340
 0.90542019220516 -0.00110121278069
 0.88971650108872 -0.00191398309647
 0.87404029493228 -0.00336001187480
 0.85839548057505 -0.00540250717529
 0.84278595703275 -0.00800341199251
 0.82721561452590 -0.01111618960141
 0.81168833351028 -0.01469775818997
 0.79620798370985 -0.01868251796438
 0.78077842315231 -0.02307933770092
 0.76540349720763 -0.02785049485594
 0.75008703762969 -0.03295443576569
 0.73483286160132 -0.03834931719373
 0.71964477078299 -0.04399767309166
 0.70452655036533 -0.04985753550268
 0.68948196812583 -0.05587890449854
 0.67451477348979 -0.06202613099567
 0.65962869659589 -0.06822886038307
 0.64482744736657 -0.07444969383604
 0.63011471458345 -0.08064787657189
 0.61549416496799 -0.08678276716419
 0.60096944226766 -0.09281722970938
 0.58654416634787 -0.09871893861257
 0.57222193228979 -0.10446736956679
 0.55800630949442 -0.11003984156463
 0.54390084079298 -0.11541032671963
 0.52990904156400 -0.12056559325353
 0.51603439885716 -0.12549451973312
 0.50228037052432 -0.13018591844336
 0.48865038435767 -0.13463762425789
 0.47514783723553 -0.13883376615337
 0.46177609427571 -0.14276829261387
 0.44853848799689 -0.14643203793084
 0.43543831748808 -0.14982279887857
 0.42247884758641 -0.15292307658476
 0.40966330806347 -0.15574216165645
 0.39699489282039 -0.15827621137925
 0.38447675909182 -0.16053907919796
 0.37211202665914 -0.16254066911435
 0.35990377707289 -0.16427089393930
 0.34785505288481 -0.16575261743186
 0.33596885688957 -0.16697630405988
 0.32424815137639 -0.16795598530297
 0.31269585739082 -0.16869580410233
 0.30131485400669 -0.16920419012920
 0.29010797760867 -0.16948254770744
 0.27907802118528 -0.16952942582491
 0.26822773363292 -0.16934882823119
 0.25755981907072 -0.16895711456125
 0.24707693616662 -0.16835367593073
 0.23678169747483 -0.16754937279315
 0.22667666878466 -0.16653480114043
 0.21676436848111 -0.16533452891701
 0.20704726691722 -0.16393803008079
 0.19752778579842 -0.16236699561722
 0.18820829757898 -0.16062103769312
 0.17909112487074 -0.15870187055478
 0.17017853986427 -0.15662444776195
 0.16147276376262 -0.15439037390288
 0.15297596622770 -0.15199290078717
 0.14469026483959 -0.14944506604472
 0.13661772456878 -0.14675483640518
 0.12876035726154 -0.14391805608166
 0.12112012113854 -0.14094457269711
 0.11369892030679 -0.13784715261771
 0.10649860428513 -0.13462229952399
 0.09952096754325 -0.13128223044129
 0.09276774905452 -0.12782283544440
 0.08624063186256 -0.12424601771896
 0.07994124266183 -0.12055130304414
 0.07387115139216 -0.11675857255240
 0.06803187084757 -0.11284862299759
 0.06242485629917 -0.10883874883877
 0.05705150513256 -0.10472711851823
 0.05191315649949 -0.10052672370139
 0.04701109098416 -0.09622443071775
 0.04234653028407 -0.09186713080413
 0.03792063690554 -0.08743217615918
 0.03373451387398 -0.08293551184203
 0.02978920445901 -0.07836982934860
 0.02608569191446 -0.07371927608121
 0.02262489923329 -0.06898385778838
 0.01940768891760 -0.06414483808395
 0.01643486276363 -0.05923231733286
 0.01370716166200 -0.05430644985590
 0.01122526541300 -0.04937325048892
 0.00898979255721 -0.04448386654837
 0.00700130022133 -0.03957867293555
 0.00526028397934 -0.03450809206198
 0.00376717772899 -0.02909387783017
 0.00252235358366 -0.02285881222841
 0.00152612177962 -0.01668181529974
 0.00077873059872 -0.01116069088707
 0.00028036630652 -0.00639391490937
 0.00003115310584 -0.00204164622792
 0.00000000000000  0.00000000000000
 0.00003115310584  0.00205299551493
 0.00028036630652  0.00636149637936
 0.00077873059872  0.01105457043739
 0.00152612177962  0.01641882446840
 0.00252235358366  0.02297309938808
 0.00376717772899  0.03023790248391
 0.00526028397934  0.03643484446120
 0.00700130022133  0.04192554824645
 0.00898979255721  0.04708097217918
 0.01122526541300  0.05222061375465
 0.01370716166200  0.05743080157558
 0.01643486276363  0.06264548257128
 0.01940768891760  0.06783949948519
 0.02262489923329  0.07295169253853
 0.02608569191446  0.07798128343281
 0.02978920445901  0.08294688218647
 0.03373451387398  0.08783082216531
 0.03792063690554  0.09263963956626
 0.04234653028407  0.09737910453975
 0.04701109098416  0.10201636161752
 0.05191315649949  0.10656763957092
 0.05705150513256  0.11099986087787
 0.06242485629917  0.11532329385012
 0.06803187084757  0.11951451427835
 0.07387115139216  0.12358440881209
 0.07994124266183  0.12751909448388
 0.08624063186256  0.13133809404547
 0.09276774905452  0.13501665827604
 0.09952096754325  0.13854231406785
 0.10649860428513  0.14191231382655
 0.11369892030679  0.14514030403265
 0.12112012113854  0.14821094637100
 0.12876035726154  0.15111965164596
 0.13661772456878  0.15386998635322
 0.14469026483959  0.15644605246565
 0.15297596622770  0.15884078652865
 0.16147276376262  0.16105638297261
 0.17017853986427  0.16308521153576
 0.17909112487074  0.16492433231110
 0.18820829757898  0.16657318947816
 0.19752778579842  0.16802379384965
 0.20704726691722  0.16928012784579
 0.21676436848111  0.17034245343951
 0.22667666878466  0.17121391339192
 0.23678169747483  0.17190119663157
 0.24707693616662  0.17239454591781
 0.25755981907072  0.17270929090437
 0.26822773363292  0.17283483152189
 0.27907802118528  0.17277057417509
 0.29010797760867  0.17252864810673
 0.30131485400669  0.17210874335612
 0.31269585739082  0.17151058065815
 0.32424815137639  0.17073605355760
 0.33596885688957  0.16978615794885
 0.34785505288481  0.16866377872721
 0.35990377707289  0.16737882062327
 0.37211202665914  0.16592701633398
 0.38447675909182  0.16431196968039
 0.39699489282039  0.16253914256346
 0.40966330806347  0.16060057675785
 0.42247884758641  0.15851923994269
 0.43543831748808  0.15628921964955
 0.44853848799689  0.15392158329864
 0.46177609427571  0.15141640880483
 0.47514783723553  0.14877624991671
 0.48865038435767  0.14599562717674
 0.50228037052432  0.14310053427521
 0.51603439885716  0.14008561252914
 0.52990904156400  0.13695896972324
 0.54390084079298  0.13373155721296
 0.55800630949442  0.13041067715810
 0.57222193228979  0.12698960363339
 0.58654416634787  0.12347849158147
 0.60096944226766  0.11989345238053
 0.61549416496799  0.11623066861153
 0.63011471458345  0.11249346935217
 0.64482744736657  0.10869642700282
 0.65962869659589  0.10484180260556
 0.67451477348979  0.10093177656060
 0.68948196812583  0.09697587266514
 0.70452655036533  0.09297216173700
 0.71964477078299  0.08892487589491
 0.73483286160132  0.08483799833119
 0.75008703762969  0.08071070090741
 0.76540349720763  0.07657294582395
 0.78077842315231  0.07241339993725
 0.79620798370985  0.06824066833458
 0.81168833351028  0.06404637692825
 0.82721561452590  0.05984003458205
 0.84278595703275  0.05561870413560
 0.85839548057505  0.05139432638851
 0.87404029493228  0.04716642537085
 0.88971650108872  0.04293653769502
 0.90542019220516  0.03871746808479
 0.92114745459252  0.03452931979899
 0.93689436868733  0.03038436910561
 0.95265701002844  0.02625185867897
 0.96843145023519  0.02214665791866
 0.98421375798636  0.01832431645887
 1.00000000000000  0.01431773276799
</coords>