<reference>
Airfoil "Interp_056303" created on 31-Oct-2019 15:10:14 for blade project BAR008_numad
</reference>
<coords>
 1.00000000000000  0.00000000000000
 1.00000000000000 -0.00734633892349
 0.98421375798636 -0.00451785238686
 0.96843145023519 -0.00209658635811
 0.95265701002844 -0.00025840604090
 0.93689436868733  0.00102117041745
 0.92114745459252  0.00176967811092
 0.90542019220516  0.00198913879042
 0.88971650108872  0.00167433006466
 0.87404029493228  0.00083786454969
 0.85839548057505 -0.00047657965360
 0.84278595703275 -0.00223490359527
 0.82721561452590 -0.00441517653066
 0.81168833351028 -0.00700264146685
 0.79620798370985 -0.00998641355500
 0.78077842315231 -0.01337272974011
 0.76540349720763 -0.01715869523259
 0.75008703762969 -0.02132128389903
 0.73483286160132 -0.02580684010355
 0.71964477078299 -0.03055800485998
 0.70452655036533 -0.03554791984430
 0.68948196812583 -0.04078569380588
 0.67451477348979 -0.04620857552551
 0.65962869659589 -0.05173042339327
 0.64482744736657 -0.05731098926957
 0.63011471458345 -0.06291934534757
 0.61549416496799 -0.06851191527006
 0.60096944226766 -0.07404671932459
 0.58654416634787 -0.07948704743446
 0.57222193228979 -0.08480494940050
 0.55800630949442 -0.08995527384338
 0.54390084079298 -0.09493993083421
 0.52990904156400 -0.09970915574271
 0.51603439885716 -0.10426443298829
 0.50228037052432 -0.10857535229370
 0.48865038435767 -0.11265193160312
 0.47514783723553 -0.11646757000362
 0.46177609427571 -0.12001159246327
 0.44853848799689 -0.12329845958513
 0.43543831748808 -0.12631355157120
 0.42247884758641 -0.12907375610433
 0.40966330806347 -0.13156657207533
 0.39699489282039 -0.13379984852301
 0.38447675909182 -0.13577254211903
 0.37211202665914 -0.13749870659761
 0.35990377707289 -0.13896692175279
 0.34785505288481 -0.14018903099332
 0.33596885688957 -0.14117130239368
 0.32424815137639 -0.14191736112381
 0.31269585739082 -0.14243507377508
 0.30131485400669 -0.14273116555824
 0.29010797760867 -0.14280941161568
 0.27907802118528 -0.14267216831909
 0.26822773363292 -0.14231699572118
 0.25755981907072 -0.14176936931402
 0.24707693616662 -0.14102384513817
 0.23678169747483 -0.14008450622708
 0.22667666878466 -0.13895646918120
 0.21676436848111 -0.13764585450422
 0.20704726691722 -0.13615757799054
 0.19752778579842 -0.13449785822508
 0.18820829757898 -0.13266747931868
 0.17909112487074 -0.13067781928364
 0.17017853986427 -0.12853329036346
 0.16147276376262 -0.12622571054051
 0.15297596622770 -0.12377468490559
 0.14469026483959 -0.12119155149086
 0.13661772456878 -0.11847700925967
 0.12876035726154 -0.11563270442944
 0.12112012113854 -0.11267305549967
 0.11369892030679 -0.10960661156641
 0.10649860428513 -0.10643689264466
 0.09952096754325 -0.10316751764935
 0.09276774905452 -0.09981644817104
 0.08624063186256 -0.09639310302853
 0.07994124266183 -0.09289676047716
 0.07387115139216 -0.08934443263107
 0.06803187084757 -0.08574385138457
 0.06242485629917 -0.08209255867494
 0.05705150513256 -0.07840670565010
 0.05191315649949 -0.07469918956219
 0.04701109098416 -0.07096737793503
 0.04234653028407 -0.06721673080224
 0.03792063690554 -0.06345866954380
 0.03373451387398 -0.05970184767023
 0.02978920445901 -0.05595110299556
 0.02608569191446 -0.05220617254047
 0.02262489923329 -0.04847165378413
 0.01940768891760 -0.04476380715838
 0.01643486276363 -0.04110209349384
 0.01370716166200 -0.03745496019276
 0.01122526541300 -0.03382232758672
 0.00898979255721 -0.03020781957469
 0.00700130022133 -0.02661790015030
 0.00526028397934 -0.02306683281231
 0.00376717772899 -0.01956593928745
 0.00252235358366 -0.01605767207702
 0.00152612177962 -0.01270111683126
 0.00077873059872 -0.00929163043357
 0.00028036630652 -0.00572484419825
 0.00003115310584 -0.00196018814625
 0.00000000000000  0.00000000000000
 0.00003115310584  0.00194100508325
 0.00028036630652  0.00583043174259
 0.00077873059872  0.00964399172134
 0.00152612177962  0.01343555018020
 0.00252235358366  0.01723939755971
 0.00376717772899  0.02094813125039
 0.00526028397934  0.02479544989217
 0.00700130022133  0.02866099266602
 0.00898979255721  0.03254840437813
 0.01122526541300  0.03645570339209
 0.01370716166200  0.04037823829067
 0.01643486276363  0.04430548229698
 0.01940768891760  0.04823170051341
 0.02262489923329  0.05212575334953
 0.02608569191446  0.05599703813019
 0.02978920445901  0.05984748761066
 0.03373451387398  0.06368184487677
 0.03792063690554  0.06749955204702
 0.04234653028407  0.07129159246975
 0.04701109098416  0.07505052031474
 0.05191315649949  0.07877037022796
 0.05705150513256  0.08244145775613
 0.06242485629917  0.08605650563047
 0.06803187084757  0.08961350691381
 0.07387115139216  0.09310857697638
 0.07994124266183  0.09653535151302
 0.08624063186256  0.09987948093574
 0.09276774905452  0.10313484509470
 0.09952096754325  0.10630424361210
 0.10649860428513  0.10936633627888
 0.11369892030679  0.11231364401548
 0.12112012113854  0.11515334031067
 0.12876035726154  0.11786905094876
 0.13661772456878  0.12045923695374
 0.14469026483959  0.12291851996175
 0.15297596622770  0.12523244527419
 0.16147276376262  0.12740825001999
 0.17017853986427  0.12943687806965
 0.17909112487074  0.13130645397188
 0.18820829757898  0.13301569001615
 0.19752778579842  0.13456026161279
 0.20704726691722  0.13594602143383
 0.21676436848111  0.13716060118184
 0.22667666878466  0.13820666907433
 0.23678169747483  0.13909323448232
 0.24707693616662  0.13980967900227
 0.25755981907072  0.14037079080223
 0.26822773363292  0.14076479215067
 0.27907802118528  0.14098684218669
 0.29010797760867  0.14104773124146
 0.30131485400669  0.14093907555995
 0.31269585739082  0.14067352719893
 0.32424815137639  0.14024014080558
 0.33596885688957  0.13967105014248
 0.34785505288481  0.13893852548823
 0.35990377707289  0.13805595120706
 0.37211202665914  0.13702300565136
 0.38447675909182  0.13585048102037
 0.39699489282039  0.13453037655875
 0.40966330806347  0.13306939897285
 0.42247884758641  0.13146997567529
 0.43543831748808  0.12974355237707
 0.44853848799689  0.12788686874056
 0.46177609427571  0.12590552561834
 0.47514783723553  0.12379754772830
 0.48865038435767  0.12156064471640
 0.50228037052432  0.11921362397607
 0.51603439885716  0.11674945911391
 0.52990904156400  0.11419601875096
 0.54390084079298  0.11153854853349
 0.55800630949442  0.10879517166567
 0.57222193228979  0.10595514335645
 0.58654416634787  0.10302506994682
 0.60096944226766  0.10001740434964
 0.61549416496799  0.09693463636107
 0.63011471458345  0.09377484600810
 0.64482744736657  0.09055151675669
 0.65962869659589  0.08726238357290
 0.67451477348979  0.08391730116850
 0.68948196812583  0.08052440509427
 0.70452655036533  0.07708426084123
 0.71964477078299  0.07352697281831
 0.73483286160132  0.06993087112144
 0.75008703762969  0.06630007590027
 0.76540349720763  0.06261659026334
 0.78077842315231  0.05888931255373
 0.79620798370985  0.05516405975696
 0.81168833351028  0.05143180076616
 0.82721561452590  0.04768993656200
 0.84278595703275  0.04395409778457
 0.85839548057505  0.04022027446317
 0.87404029493228  0.03650459713001
 0.88971650108872  0.03280801665566
 0.90542019220516  0.02913481731325
 0.92114745459252  0.02549857811746
 0.93689436868733  0.02191002025844
 0.95265701002844  0.01835867720811
 0.96843145023519  0.01483372419240
 0.98421375798636  0.01127698428244
 1.00000000000000  0.00773670766182
</coords>