<reference>
Airfoil "Interp_087235" created on 31-Oct-2019 15:10:14 for blade project BAR008_numad
</reference>
<coords>
 1.00000000000000  0.00000000000000
 1.00000000000000  0.00000015984544
 0.98421375798636  0.00095282856926
 0.96843145023519  0.00242435527227
 0.95265701002844  0.00394135859989
 0.93689436868733  0.00513186888958
 0.92114745459252  0.00592059114882
 0.90542019220516  0.00633783202321
 0.88971650108872  0.00637741249979
 0.87404029493228  0.00607374343965
 0.85839548057505  0.00544745344027
 0.84278595703275  0.00449831474597
 0.82721561452590  0.00324241902269
 0.81168833351028  0.00170612077145
 0.79620798370985 -0.00012407925403
 0.78077842315231 -0.00222802050111
 0.76540349720763 -0.00460346536551
 0.75008703762969 -0.00720419515706
 0.73483286160132 -0.01001448028318
 0.71964477078299 -0.01303822324662
 0.70452655036533 -0.01625868121527
 0.68948196812583 -0.01964018459019
 0.67451477348979 -0.02319723443460
 0.65962869659589 -0.02688038579986
 0.64482744736657 -0.03066586008319
 0.63011471458345 -0.03454680458130
 0.61549416496799 -0.03848630535769
 0.60096944226766 -0.04242325914627
 0.58654416634787 -0.04639369810748
 0.57222193228979 -0.05029082428471
 0.55800630949442 -0.05414904673283
 0.54390084079298 -0.05792961868089
 0.52990904156400 -0.06157889888239
 0.51603439885716 -0.06511953040059
 0.50228037052432 -0.06851793721139
 0.48865038435767 -0.07173002015575
 0.47514783723553 -0.07471595411860
 0.46177609427571 -0.07747371276024
 0.44853848799689 -0.07999534596682
 0.43543831748808 -0.08226570092359
 0.42247884758641 -0.08429993788718
 0.40966330806347 -0.08606435095551
 0.39699489282039 -0.08763010310227
 0.38447675909182 -0.08895588144805
 0.37211202665914 -0.09007171949894
 0.35990377707289 -0.09096466235440
 0.34785505288481 -0.09165176629794
 0.33596885688957 -0.09214568288451
 0.32424815137639 -0.09244794612457
 0.31269585739082 -0.09255591700412
 0.30131485400669 -0.09248740925294
 0.29010797760867 -0.09226188274304
 0.27907802118528 -0.09187485044772
 0.26822773363292 -0.09133205737028
 0.25755981907072 -0.09066150667030
 0.24707693616662 -0.08986031111745
 0.23678169747483 -0.08892268349780
 0.22667666878466 -0.08787178643264
 0.21676436848111 -0.08670585476078
 0.20704726691722 -0.08544231048615
 0.19752778579842 -0.08407161473864
 0.18820829757898 -0.08259699795814
 0.17909112487074 -0.08102773461527
 0.17017853986427 -0.07938401643995
 0.16147276376262 -0.07765994672433
 0.15297596622770 -0.07585448520804
 0.14469026483959 -0.07399203049919
 0.13661772456878 -0.07207932001788
 0.12876035726154 -0.07010850982883
 0.12112012113854 -0.06808970009911
 0.11369892030679 -0.06603007628972
 0.10649860428513 -0.06392344461722
 0.09952096754325 -0.06178085004463
 0.09276774905452 -0.05961059384664
 0.08624063186256 -0.05741578035398
 0.07994124266183 -0.05519856790803
 0.07387115139216 -0.05296423609684
 0.06803187084757 -0.05072038017223
 0.06242485629917 -0.04847474271355
 0.05705150513256 -0.04622945013429
 0.05191315649949 -0.04397847694082
 0.04701109098416 -0.04172303571410
 0.04234653028407 -0.03947121060674
 0.03792063690554 -0.03722773440062
 0.03373451387398 -0.03499512631966
 0.02978920445901 -0.03277663597738
 0.02608569191446 -0.03057635217403
 0.02262489923329 -0.02839864008221
 0.01940768891760 -0.02624219248276
 0.01643486276363 -0.02410915383057
 0.01370716166200 -0.02200266131279
 0.01122526541300 -0.01992701767155
 0.00898979255721 -0.01789444004422
 0.00700130022133 -0.01590356172101
 0.00526028397934 -0.01391660094326
 0.00376717772899 -0.01190068934313
 0.00252235358366 -0.00982629064561
 0.00152612177962 -0.00768190893378
 0.00077873059872 -0.00549799009631
 0.00028036630652 -0.00330693123255
 0.00003115310584 -0.00113242107940
 0.00000000000000  0.00000000000000
 0.00003115310584  0.00102220526923
 0.00028036630652  0.00325669602715
 0.00077873059872  0.00558522455488
 0.00152612177962  0.00801361993144
 0.00252235358366  0.01055655161360
 0.00376717772899  0.01320600337275
 0.00526028397934  0.01592045438193
 0.00700130022133  0.01867740484328
 0.00898979255721  0.02146882503087
 0.01122526541300  0.02429074516065
 0.01370716166200  0.02714577263256
 0.01643486276363  0.03003857043593
 0.01940768891760  0.03295984054214
 0.02262489923329  0.03590018545570
 0.02608569191446  0.03885579200720
 0.02978920445901  0.04182851780733
 0.03373451387398  0.04482006056054
 0.03792063690554  0.04782290143335
 0.04234653028407  0.05082906114176
 0.04701109098416  0.05382960034701
 0.05191315649949  0.05681951414304
 0.05705150513256  0.05980249790950
 0.06242485629917  0.06277837388157
 0.06803187084757  0.06573670467929
 0.07387115139216  0.06866913324030
 0.07994124266183  0.07157001043799
 0.08624063186256  0.07443580385548
 0.09276774905452  0.07725840883575
 0.09952096754325  0.08003078667683
 0.10649860428513  0.08276967100419
 0.11369892030679  0.08546181578365
 0.12112012113854  0.08808218471750
 0.12876035726154  0.09063710553326
 0.13661772456878  0.09310648592619
 0.14469026483959  0.09549539281893
 0.15297596622770  0.09783485511165
 0.16147276376262  0.10009791780470
 0.17017853986427  0.10218365187111
 0.17909112487074  0.10424079372366
 0.18820829757898  0.10619348334905
 0.19752778579842  0.10801205302711
 0.20704726691722  0.10967891851728
 0.21676436848111  0.11125138026534
 0.22667666878466  0.11274275647670
 0.23678169747483  0.11404340989012
 0.24707693616662  0.11517996099488
 0.25755981907072  0.11611996331109
 0.26822773363292  0.11691145162360
 0.27907802118528  0.11756075445203
 0.29010797760867  0.11804519489976
 0.30131485400669  0.11837466315548
 0.31269585739082  0.11844408299588
 0.32424815137639  0.11837093972693
 0.33596885688957  0.11806357910483
 0.34785505288481  0.11760813864935
 0.35990377707289  0.11698588851197
 0.37211202665914  0.11616444838417
 0.38447675909182  0.11519729895097
 0.39699489282039  0.11411324424783
 0.40966330806347  0.11278424274441
 0.42247884758641  0.11140612486567
 0.43543831748808  0.10983483114086
 0.44853848799689  0.10808562603744
 0.46177609427571  0.10627211175932
 0.47514783723553  0.10427470144172
 0.48865038435767  0.10216801332783
 0.50228037052432  0.09992151139916
 0.51603439885716  0.09764795229641
 0.52990904156400  0.09521362992969
 0.54390084079298  0.09266220956004
 0.55800630949442  0.09004498632568
 0.57222193228979  0.08732363373523
 0.58654416634787  0.08451884842122
 0.60096944226766  0.08161949059217
 0.61549416496799  0.07862435631818
 0.63011471458345  0.07554096579869
 0.64482744736657  0.07243023981978
 0.65962869659589  0.06925460852947
 0.67451477348979  0.06602949464856
 0.68948196812583  0.06279796786152
 0.70452655036533  0.05950274653398
 0.71964477078299  0.05622042889887
 0.73483286160132  0.05290555525663
 0.75008703762969  0.04960225823825
 0.76540349720763  0.04629383017275
 0.78077842315231  0.04301734447227
 0.79620798370985  0.03976626463498
 0.81168833351028  0.03653132059394
 0.82721561452590  0.03335096172185
 0.84278595703275  0.03019917744481
 0.85839548057505  0.02707242911375
 0.87404029493228  0.02397384270052
 0.88971650108872  0.02094955830524
 0.90542019220516  0.01795895978946
 0.92114745459252  0.01501774512507
 0.93689436868733  0.01214467209644
 0.95265701002844  0.00932358183922
 0.96843145023519  0.00661409727577
 0.98421375798636  0.00399496457772
 1.00000000000000  0.00130969232781
</coords>