<reference>
Airfoil "Interp_084823" created on 31-Oct-2019 15:10:14 for blade project BAR008_numad
</reference>
<coords>
 1.00000000000000  0.00000000000000
 1.00000000000000 -0.00049026695540
 0.98421375798636  0.00056755871228
 0.96843145023519  0.00218207295508
 0.95265701002844  0.00378726825267
 0.93689436868733  0.00500333650461
 0.92114745459252  0.00581735790811
 0.90542019220516  0.00625355638117
 0.88971650108872  0.00630433038996
 0.87404029493228  0.00600302505722
 0.85839548057505  0.00537222212435
 0.84278595703275  0.00441422409650
 0.82721561452590  0.00314521860844
 0.81168833351028  0.00158727020364
 0.79620798370985 -0.00027213340549
 0.78077842315231 -0.00241617962732
 0.76540349720763 -0.00484367144671
 0.75008703762969 -0.00751663775982
 0.73483286160132 -0.01041691513148
 0.71964477078299 -0.01353804383967
 0.70452655036533 -0.01686057974338
 0.68948196812583 -0.02040455668031
 0.67451477348979 -0.02416606056802
 0.65962869659589 -0.02805433128389
 0.64482744736657 -0.03204003778752
 0.63011471458345 -0.03611045386601
 0.61549416496799 -0.04023044197182
 0.60096944226766 -0.04434422086427
 0.58654416634787 -0.04847393337748
 0.57222193228979 -0.05252624291228
 0.55800630949442 -0.05669867679136
 0.54390084079298 -0.06081579912938
 0.52990904156400 -0.06477165866590
 0.51603439885716 -0.06858030850905
 0.50228037052432 -0.07221294051066
 0.48865038435767 -0.07564185214720
 0.47514783723553 -0.07882297645204
 0.46177609427571 -0.08176009791723
 0.44853848799689 -0.08443770195643
 0.43543831748808 -0.08685719668224
 0.42247884758641 -0.08902539107811
 0.40966330806347 -0.09091284270987
 0.39699489282039 -0.09259166131489
 0.38447675909182 -0.09401703355085
 0.37211202665914 -0.09522103636714
 0.35990377707289 -0.09619623084288
 0.34785505288481 -0.09695148502887
 0.33596885688957 -0.09750619682806
 0.32424815137639 -0.09786032158141
 0.31269585739082 -0.09801081477045
 0.30131485400669 -0.09797509269206
 0.29010797760867 -0.09776671906399
 0.27907802118528 -0.09738758131847
 0.26822773363292 -0.09684314857894
 0.25755981907072 -0.09616049194627
 0.24707693616662 -0.09533580462210
 0.23678169747483 -0.09436615890690
 0.22667666878466 -0.09327233942821
 0.21676436848111 -0.09205243187045
 0.20704726691722 -0.09072379089880
 0.19752778579842 -0.08928162203509
 0.18820829757898 -0.08772409978355
 0.17909112487074 -0.08606470951874
 0.17017853986427 -0.08431977718958
 0.16147276376262 -0.08248672594452
 0.15297596622770 -0.08056242988451
 0.14469026483959 -0.07857116437767
 0.13661772456878 -0.07652272386138
 0.12876035726154 -0.07440967668593
 0.12112012113854 -0.07224117337718
 0.11369892030679 -0.07002593368056
 0.10649860428513 -0.06775996132740
 0.09952096754325 -0.06545305218162
 0.09276774905452 -0.06311559191219
 0.08624063186256 -0.06075172443609
 0.07994124266183 -0.05836207849181
 0.07387115139216 -0.05595359244672
 0.06803187084757 -0.05353524071378
 0.06242485629917 -0.05111365626401
 0.05705150513256 -0.04869219389360
 0.05191315649949 -0.04626725796562
 0.04701109098416 -0.04384004693757
 0.04234653028407 -0.04141761924623
 0.03792063690554 -0.03900305333763
 0.03373451387398 -0.03660861865017
 0.02978920445901 -0.03425598035095
 0.02608569191446 -0.03192306813045
 0.02262489923329 -0.02961685688702
 0.01940768891760 -0.02733065826306
 0.01643486276363 -0.02505103480624
 0.01370716166200 -0.02281076489760
 0.01122526541300 -0.02061127660430
 0.00898979255721 -0.01846690692015
 0.00700130022133 -0.01638050248187
 0.00526028397934 -0.01431518191421
 0.00376717772899 -0.01223205129729
 0.00252235358366 -0.01007654135720
 0.00152612177962 -0.00784701025090
 0.00077873059872 -0.00561959606643
 0.00028036630652 -0.00337938948044
 0.00003115310584 -0.00114733227125
 0.00000000000000  0.00000000000000
 0.00003115310584  0.00106688272595
 0.00028036630652  0.00336330821575
 0.00077873059872  0.00576174232534
 0.00152612177962  0.00826826125903
 0.00252235358366  0.01094099154468
 0.00376717772899  0.01372771693254
 0.00526028397934  0.01656508746725
 0.00700130022133  0.01940955594292
 0.00898979255721  0.02227435153721
 0.01122526541300  0.02517016333293
 0.01370716166200  0.02810226570047
 0.01643486276363  0.03107179322228
 0.01940768891760  0.03406639357127
 0.02262489923329  0.03710446339717
 0.02608569191446  0.04016416845945
 0.02978920445901  0.04323834387862
 0.03373451387398  0.04632834745270
 0.03792063690554  0.04940053353830
 0.04234653028407  0.05246574833982
 0.04701109098416  0.05552427488936
 0.05191315649949  0.05856923489791
 0.05705150513256  0.06160398718963
 0.06242485629917  0.06462880795420
 0.06803187084757  0.06763276352629
 0.07387115139216  0.07060645540849
 0.07994124266183  0.07354416295081
 0.08624063186256  0.07644254024637
 0.09276774905452  0.07929368792389
 0.09952096754325  0.08208973920423
 0.10649860428513  0.08484558344723
 0.11369892030679  0.08754881567793
 0.12112012113854  0.09017612649688
 0.12876035726154  0.09273316644778
 0.13661772456878  0.09520071218476
 0.14469026483959  0.09758171646263
 0.15297596622770  0.09990274654926
 0.16147276376262  0.10214116111402
 0.17017853986427  0.10420575867624
 0.17909112487074  0.10622785674358
 0.18820829757898  0.10814008297174
 0.19752778579842  0.10991435799119
 0.20704726691722  0.11153557404520
 0.21676436848111  0.11305391218244
 0.22667666878466  0.11448191287758
 0.23678169747483  0.11572144613385
 0.24707693616662  0.11679675414108
 0.25755981907072  0.11767762535626
 0.26822773363292  0.11840900212723
 0.27907802118528  0.11899138031051
 0.29010797760867  0.11940669483692
 0.30131485400669  0.11966479677770
 0.31269585739082  0.11967468250127
 0.32424815137639  0.11953681502814
 0.33596885688957  0.11917527383667
 0.34785505288481  0.11866479918837
 0.35990377707289  0.11798768213052
 0.37211202665914  0.11712019495801
 0.38447675909182  0.11610540254733
 0.39699489282039  0.11496986999927
 0.40966330806347  0.11360323235211
 0.42247884758641  0.11217381925733
 0.43543831748808  0.11055259172948
 0.44853848799689  0.10875797276038
 0.46177609427571  0.10688312230622
 0.47514783723553  0.10482740058077
 0.48865038435767  0.10265055372230
 0.50228037052432  0.10032359146432
 0.51603439885716  0.09794977040547
 0.52990904156400  0.09540872291216
 0.54390084079298  0.09273891936187
 0.55800630949442  0.08997566321721
 0.57222193228979  0.08715066544436
 0.58654416634787  0.08442258206926
 0.60096944226766  0.08160505448842
 0.61549416496799  0.07870140823910
 0.63011471458345  0.07571367195193
 0.64482744736657  0.07269892588558
 0.65962869659589  0.06962763894800
 0.67451477348979  0.06651273104316
 0.68948196812583  0.06338830849723
 0.70452655036533  0.06016347676295
 0.71964477078299  0.05689197468218
 0.73483286160132  0.05358792563437
 0.75008703762969  0.05029171489204
 0.76540349720763  0.04698296148923
 0.78077842315231  0.04369593336524
 0.79620798370985  0.04043021548207
 0.81168833351028  0.03718036942707
 0.82721561452590  0.03398017053351
 0.84278595703275  0.03080693168171
 0.85839548057505  0.02765768379796
 0.87404029493228  0.02453615251855
 0.88971650108872  0.02148363838482
 0.90542019220516  0.01846392688119
 0.92114745459252  0.01549195951529
 0.93689436868733  0.01258309220950
 0.95265701002844  0.00972514399506
 0.96843145023519  0.00702710872491
 0.98421375798636  0.00443780320889
 1.00000000000000  0.00167230420929
</coords>