<reference>
Airfoil "Interp_064365" created on 31-Oct-2019 15:10:14 for blade project BAR008_numad
</reference>
<coords>
 1.00000000000000  0.00000000000000
 1.00000000000000 -0.00595059630901
 0.98421375798636 -0.00338849114112
 0.96843145023519 -0.00109541943726
 0.95265701002844  0.00073838557029
 0.93689436868733  0.00209462364098
 0.92114745459252  0.00296768675003
 0.90542019220516  0.00334823538325
 0.88971650108872  0.00322329897686
 0.87404029493228  0.00260800639330
 0.85839548057505  0.00154748664960
 0.84278595703275  0.00006967852584
 0.82721561452590 -0.00180666299096
 0.81168833351028 -0.00408056913925
 0.79620798370985 -0.00674536405050
 0.78077842315231 -0.00981801204559
 0.76540349720763 -0.01329705844544
 0.75008703762969 -0.01711046614177
 0.73483286160132 -0.02122417236506
 0.71964477078299 -0.02560821250496
 0.70452655036533 -0.03023216130051
 0.68948196812583 -0.03519087494416
 0.67451477348979 -0.04035613286572
 0.65962869659589 -0.04561410291240
 0.64482744736657 -0.05094054411889
 0.63011471458345 -0.05630055074255
 0.61549416496799 -0.06164715540190
 0.60096944226766 -0.06695363238583
 0.58654416634787 -0.07217356186876
 0.57222193228979 -0.07728597916483
 0.55800630949442 -0.08223779422010
 0.54390084079298 -0.08703127259827
 0.52990904156400 -0.09162448484210
 0.51603439885716 -0.09600404586433
 0.50228037052432 -0.10015743653514
 0.48865038435767 -0.10407277803403
 0.47514783723553 -0.10773625265046
 0.46177609427571 -0.11113737008992
 0.44853848799689 -0.11427908249807
 0.43543831748808 -0.11715305180356
 0.42247884758641 -0.11977920580530
 0.40966330806347 -0.12214598073497
 0.39699489282039 -0.12425210084548
 0.38447675909182 -0.12611292902717
 0.37211202665914 -0.12772438493622
 0.35990377707289 -0.12909110261399
 0.34785505288481 -0.13021368394908
 0.33596885688957 -0.13110715827175
 0.32424815137639 -0.13177182345158
 0.31269585739082 -0.13222177289117
 0.30131485400669 -0.13245451303517
 0.29010797760867 -0.13247723813847
 0.27907802118528 -0.13229546253400
 0.26822773363292 -0.13190891212877
 0.25755981907072 -0.13133601697455
 0.24707693616662 -0.13057468394215
 0.23678169747483 -0.12963542307342
 0.22667666878466 -0.12852021769902
 0.21676436848111 -0.12723383484054
 0.20704726691722 -0.12577570051428
 0.19752778579842 -0.12416081237755
 0.18820829757898 -0.12238337188069
 0.17909112487074 -0.12046311742281
 0.17017853986427 -0.11839669703071
 0.16147276376262 -0.11618096774631
 0.15297596622770 -0.11383692921277
 0.14469026483959 -0.11136855128816
 0.13661772456878 -0.10878221327253
 0.12876035726154 -0.10608113501426
 0.12112012113854 -0.10327443522603
 0.11369892030679 -0.10037153013459
 0.10649860428513 -0.09738015592035
 0.09952096754325 -0.09429959148271
 0.09276774905452 -0.09114789951145
 0.08624063186256 -0.08793655633935
 0.07994124266183 -0.08466182577632
 0.07387115139216 -0.08133979567566
 0.06803187084757 -0.07797973340397
 0.06242485629917 -0.07457659525281
 0.05705150513256 -0.07114427984491
 0.05191315649949 -0.06769978724519
 0.04701109098416 -0.06424352693648
 0.04234653028407 -0.06077832286527
 0.03792063690554 -0.05731190244372
 0.03373451387398 -0.05385028112905
 0.02978920445901 -0.05039360043290
 0.02608569191446 -0.04694225128776
 0.02262489923329 -0.04350812487330
 0.01940768891760 -0.04012435227607
 0.01643486276363 -0.03683000358597
 0.01370716166200 -0.03354520130559
 0.01122526541300 -0.03026352569516
 0.00898979255721 -0.02700165678341
 0.00700130022133 -0.02378504457614
 0.00526028397934 -0.02063793821710
 0.00376717772899 -0.01754910731102
 0.00252235358366 -0.01445313034948
 0.00152612177962 -0.01143691308150
 0.00077873059872 -0.00834113659924
 0.00028036630652 -0.00510999852833
 0.00003115310584 -0.00172690044662
 0.00000000000000  0.00000000000000
 0.00003115310584  0.00175968623636
 0.00028036630652  0.00527863046100
 0.00077873059872  0.00879212273587
 0.00152612177962  0.01235107610814
 0.00252235358366  0.01598125216063
 0.00376717772899  0.01955927993346
 0.00526028397934  0.02321823453668
 0.00700130022133  0.02685744226530
 0.00898979255721  0.03050001097500
 0.01122526541300  0.03416425439671
 0.01370716166200  0.03785593076870
 0.01643486276363  0.04156105553234
 0.01940768891760  0.04527101153007
 0.02262489923329  0.04891484278324
 0.02608569191446  0.05252582438771
 0.02978920445901  0.05611808788304
 0.03373451387398  0.05970279788051
 0.03792063690554  0.06328189535145
 0.04234653028407  0.06684254551725
 0.04701109098416  0.07037495175876
 0.05191315649949  0.07387222528370
 0.05705150513256  0.07732782789498
 0.06242485629917  0.08073954391246
 0.06803187084757  0.08410286519750
 0.07387115139216  0.08741026484458
 0.07994124266183  0.09065639927041
 0.08624063186256  0.09383137202688
 0.09276774905452  0.09692987455950
 0.09952096754325  0.09995000621663
 0.10649860428513  0.10287390972639
 0.11369892030679  0.10569627630049
 0.12112012113854  0.10842276152842
 0.12876035726154  0.11103977638208
 0.13661772456878  0.11354424445489
 0.14469026483959  0.11592844591914
 0.15297596622770  0.11817643863104
 0.16147276376262  0.12029749700171
 0.17017853986427  0.12229123128856
 0.17909112487074  0.12413374931324
 0.18820829757898  0.12582824154349
 0.19752778579842  0.12737140831516
 0.20704726691722  0.12876579392665
 0.21676436848111  0.12999977969659
 0.22667666878466  0.13107296055766
 0.23678169747483  0.13199494982901
 0.24707693616662  0.13275800133480
 0.25755981907072  0.13337020754090
 0.26822773363292  0.13382476913901
 0.27907802118528  0.13410552711626
 0.29010797760867  0.13422642710602
 0.30131485400669  0.13418383684459
 0.31269585739082  0.13398873038185
 0.32424815137639  0.13362401231610
 0.33596885688957  0.13312471552318
 0.34785505288481  0.13246535547237
 0.35990377707289  0.13165199292833
 0.37211202665914  0.13069347858713
 0.38447675909182  0.12959364354683
 0.39699489282039  0.12834523076028
 0.40966330806347  0.12696971104835
 0.42247884758641  0.12544786335643
 0.43543831748808  0.12379860032095
 0.44853848799689  0.12202919705114
 0.46177609427571  0.12012827661252
 0.47514783723553  0.11810885421647
 0.48865038435767  0.11596125857169
 0.50228037052432  0.11370320119138
 0.51603439885716  0.11132737930831
 0.52990904156400  0.10886257896122
 0.54390084079298  0.10629377460804
 0.55800630949442  0.10363121160259
 0.57222193228979  0.10087615069389
 0.58654416634787  0.09802744820506
 0.60096944226766  0.09510449265434
 0.61549416496799  0.09210381417399
 0.63011471458345  0.08902869835167
 0.64482744736657  0.08588939989734
 0.65962869659589  0.08269343973509
 0.67451477348979  0.07945584917828
 0.68948196812583  0.07619081622283
 0.70452655036533  0.07287217186167
 0.71964477078299  0.06936959075394
 0.73483286160132  0.06583529038847
 0.75008703762969  0.06227679733111
 0.76540349720763  0.05871489043897
 0.78077842315231  0.05517315101840
 0.79620798370985  0.05162489031555
 0.81168833351028  0.04807656997905
 0.82721561452590  0.04452006078318
 0.84278595703275  0.04096963584228
 0.85839548057505  0.03741882744521
 0.87404029493228  0.03388218650194
 0.88971650108872  0.03035917974308
 0.90542019220516  0.02685640466777
 0.92114745459252  0.02338453711610
 0.93689436868733  0.01994190789513
 0.95265701002844  0.01653018432588
 0.96843145023519  0.01311977747068
 0.98421375798636  0.00966537253322
 1.00000000000000  0.00629094743176
</coords>