<reference>
Airfoil "Interp_037075" created on 31-Oct-2019 15:10:14 for blade project BAR008_numad
</reference>
<coords>
 1.00000000000000  0.00000000000000
 1.00000000000000 -0.01280966840334
 0.98421375798636 -0.00826287804463
 0.96843145023519 -0.00458130895137
 0.95265701002844 -0.00239272964414
 0.93689436868733 -0.00114792150210
 0.92114745459252 -0.00061461524399
 0.90542019220516 -0.00074140413340
 0.88971650108872 -0.00150292337294
 0.87404029493228 -0.00288869608768
 0.85839548057505 -0.00486077665283
 0.84278595703275 -0.00738038860197
 0.82721561452590 -0.01040445012466
 0.81168833351028 -0.01389212753049
 0.79620798370985 -0.01778638690482
 0.78077842315231 -0.02209577046964
 0.76540349720763 -0.02679069024313
 0.75008703762969 -0.03181175091027
 0.73483286160132 -0.03711502967431
 0.71964477078299 -0.04267334492636
 0.70452655036533 -0.04844819316709
 0.68948196812583 -0.05438847003330
 0.67451477348979 -0.06046248620031
 0.65962869659589 -0.06660015662956
 0.64482744736657 -0.07276166353793
 0.63011471458345 -0.07890837056446
 0.61549416496799 -0.08499969992444
 0.60096944226766 -0.09099571566251
 0.58654416634787 -0.09686471830440
 0.57222193228979 -0.10258351687069
 0.55800630949442 -0.10812705401125
 0.54390084079298 -0.11347313569796
 0.52990904156400 -0.11860251503940
 0.51603439885716 -0.12350709401976
 0.50228037052432 -0.12817061228599
 0.48865038435767 -0.13259540022572
 0.47514783723553 -0.13676266501797
 0.46177609427571 -0.14066474965632
 0.44853848799689 -0.14429822560854
 0.43543831748808 -0.14765838485262
 0.42247884758641 -0.15073266360483
 0.40966330806347 -0.15352719576864
 0.39699489282039 -0.15604085341585
 0.38447675909182 -0.15828238970127
 0.37211202665914 -0.16026560105542
 0.35990377707289 -0.16197721361804
 0.34785505288481 -0.16344065065918
 0.33596885688957 -0.16464708428915
 0.32424815137639 -0.16560967458080
 0.31269585739082 -0.16633239369283
 0.30131485400669 -0.16682482711238
 0.29010797760867 -0.16708779232629
 0.27907802118528 -0.16711956900744
 0.26822773363292 -0.16692378099187
 0.25755981907072 -0.16651869463398
 0.24707693616662 -0.16590186738665
 0.23678169747483 -0.16508344927149
 0.22667666878466 -0.16405505786844
 0.21676436848111 -0.16283970335515
 0.20704726691722 -0.16142880072898
 0.19752778579842 -0.15984130469032
 0.18820829757898 -0.15807739008384
 0.17909112487074 -0.15613918475124
 0.17017853986427 -0.15404095386299
 0.16147276376262 -0.15178171193176
 0.15297596622770 -0.14935902613014
 0.14469026483959 -0.14678673679474
 0.13661772456878 -0.14407093266889
 0.12876035726154 -0.14120758848711
 0.12112012113854 -0.13820898910243
 0.11369892030679 -0.13508634903507
 0.10649860428513 -0.13183611153302
 0.09952096754325 -0.12847176851826
 0.09276774905452 -0.12499108251880
 0.08624063186256 -0.12139726398404
 0.07994124266183 -0.11769024101819
 0.07387115139216 -0.11389134247086
 0.06803187084757 -0.10998279309345
 0.06242485629917 -0.10598159252199
 0.05705150513256 -0.10188717288075
 0.05191315649949 -0.09771283026454
 0.04701109098416 -0.09344466090816
 0.04234653028407 -0.08912827368574
 0.03792063690554 -0.08474246852918
 0.03373451387398 -0.08030538017378
 0.02978920445901 -0.07581192548814
 0.02608569191446 -0.07124737835058
 0.02262489923329 -0.06661322513708
 0.01940768891760 -0.06189301906779
 0.01643486276363 -0.05711274956024
 0.01370716166200 -0.05232458152105
 0.01122526541300 -0.04753095139652
 0.00898979255721 -0.04277978454701
 0.00700130022133 -0.03802168450962
 0.00526028397934 -0.03312921772917
 0.00376717772899 -0.02796243533134
 0.00252235358366 -0.02210651064090
 0.00152612177962 -0.01629456539297
 0.00077873059872 -0.01102613581018
 0.00028036630652 -0.00637277813631
 0.00003115310584 -0.00205121694947
 0.00000000000000  0.00000000000000
 0.00003115310584  0.00205289109167
 0.00028036630652  0.00635408747261
 0.00077873059872  0.01098601781821
 0.00152612177962  0.01617040945657
 0.00252235358366  0.02233885003094
 0.00376717772899  0.02909486323242
 0.00526028397934  0.03494984015309
 0.00700130022133  0.04022913709218
 0.00898979255721  0.04523484200130
 0.01122526541300  0.05023441159347
 0.01370716166200  0.05529715124379
 0.01643486276363  0.06036080936793
 0.01940768891760  0.06540689611558
 0.02262489923329  0.07038182629257
 0.02608569191446  0.07528306084168
 0.02978920445901  0.08012674240243
 0.03373451387398  0.08489713154871
 0.03792063690554  0.08960088352301
 0.04234653028407  0.09424192119760
 0.04701109098416  0.09878878789291
 0.05191315649949  0.10325872542342
 0.05705150513256  0.10761682003908
 0.06242485629917  0.11187221924338
 0.06803187084757  0.11600468854097
 0.07387115139216  0.12002487816704
 0.07994124266183  0.12391725122117
 0.08624063186256  0.12769823699311
 0.09276774905452  0.13134436222063
 0.09952096754325  0.13484598207801
 0.10649860428513  0.13819674189577
 0.11369892030679  0.14140836832982
 0.12112012113854  0.14446708727405
 0.12876035726154  0.14736701793944
 0.13661772456878  0.15011168728338
 0.14469026483959  0.15268599720908
 0.15297596622770  0.15508253386566
 0.16147276376262  0.15730433229723
 0.17017853986427  0.15934219293649
 0.17909112487074  0.16119294237582
 0.18820829757898  0.16285593428113
 0.19752778579842  0.16432318268057
 0.20704726691722  0.16559983110685
 0.21676436848111  0.16668415316908
 0.22667666878466  0.16757881549244
 0.23678169747483  0.16829186094556
 0.24707693616662  0.16881167118381
 0.25755981907072  0.16915568652302
 0.26822773363292  0.16931184203281
 0.27907802118528  0.16928043099256
 0.29010797760867  0.16907327528444
 0.30131485400669  0.16868743827786
 0.31269585739082  0.16812551505815
 0.32424815137639  0.16738859322025
 0.33596885688957  0.16648193186117
 0.34785505288481  0.16540343027055
 0.35990377707289  0.16416342563027
 0.37211202665914  0.16275895799986
 0.38447675909182  0.16119387243387
 0.39699489282039  0.15947301915842
 0.40966330806347  0.15758788373465
 0.42247884758641  0.15556102725803
 0.43543831748808  0.15338884570189
 0.44853848799689  0.15107840750819
 0.46177609427571  0.14863302510045
 0.47514783723553  0.14605298031034
 0.48865038435767  0.14333325596984
 0.50228037052432  0.14049940636107
 0.51603439885716  0.13754605231837
 0.52990904156400  0.13448360906576
 0.54390084079298  0.13131901367731
 0.55800630949442  0.12806249108208
 0.57222193228979  0.12470466810532
 0.58654416634787  0.12125661319717
 0.60096944226766  0.11773245802029
 0.61549416496799  0.11413056942943
 0.63011471458345  0.11045248589998
 0.64482744736657  0.10671357335864
 0.65962869659589  0.10291396965782
 0.67451477348979  0.09905642487872
 0.68948196812583  0.09514960870221
 0.70452655036533  0.09119604382698
 0.71964477078299  0.08719408816497
 0.73483286160132  0.08315247612788
 0.75008703762969  0.07907040808000
 0.76540349720763  0.07498160578393
 0.78077842315231  0.07087917505102
 0.79620798370985  0.06676246713646
 0.81168833351028  0.06262181159464
 0.82721561452590  0.05846720763642
 0.84278595703275  0.05429975920487
 0.85839548057505  0.05012898354486
 0.87404029493228  0.04595754089862
 0.88971650108872  0.04178703856343
 0.90542019220516  0.03762924291075
 0.92114745459252  0.03350433057195
 0.93689436868733  0.02942720077881
 0.95265701002844  0.02536955079889
 0.96843145023519  0.02135012371775
 0.98421375798636  0.01761452464909
 1.00000000000000  0.01370125716148
</coords>