<reference>
Airfoil "Interp_044519" created on 31-Oct-2019 15:10:14 for blade project BAR008_numad
</reference>
<coords>
 1.00000000000000  0.00000000000000
 1.00000000000000 -0.01005743158100
 0.98421375798636 -0.00653403295129
 0.96843145023519 -0.00367523276896
 0.95265701002844 -0.00174261834210
 0.93689436868733 -0.00053846908064
 0.92114745459252  0.00004682767570
 0.90542019220516  0.00003735408866
 0.88971650108872 -0.00055881788425
 0.87404029493228 -0.00173269583470
 0.85839548057505 -0.00344310419969
 0.84278595703275 -0.00565002999144
 0.82721561452590 -0.00832472650498
 0.81168833351028 -0.01143489085360
 0.79620798370985 -0.01495681253767
 0.78077842315231 -0.01889638121919
 0.76540349720763 -0.02324880447071
 0.75008703762969 -0.02791888691282
 0.73483286160132 -0.03285530010889
 0.71964477078299 -0.03804983500281
 0.70452655036533 -0.04347540154717
 0.68948196812583 -0.04908131338064
 0.67451477348979 -0.05484588284741
 0.65962869659589 -0.06070389250998
 0.64482744736657 -0.06660602564396
 0.63011471458345 -0.07252206949869
 0.61549416496799 -0.07841100940085
 0.60096944226766 -0.08422375231321
 0.58654416634787 -0.08992995349540
 0.57222193228979 -0.09549945712688
 0.55800630949442 -0.10089617316612
 0.54390084079298 -0.10611508001285
 0.52990904156400 -0.11111069286559
 0.51603439885716 -0.11589025096892
 0.50228037052432 -0.12041627174782
 0.48865038435767 -0.12470785835593
 0.47514783723553 -0.12873510303443
 0.46177609427571 -0.13248715972974
 0.44853848799689 -0.13597959516805
 0.43543831748808 -0.13919752500589
 0.42247884758641 -0.14214816016817
 0.40966330806347 -0.14482382531340
 0.39699489282039 -0.14723532725257
 0.38447675909182 -0.14937355906932
 0.37211202665914 -0.15126284858836
 0.35990377707289 -0.15288348735999
 0.34785505288481 -0.15425503647331
 0.33596885688957 -0.15537765188351
 0.32424815137639 -0.15625726518502
 0.31269585739082 -0.15689712309995
 0.30131485400669 -0.15731042793597
 0.29010797760867 -0.15749838147807
 0.27907802118528 -0.15746032660456
 0.26822773363292 -0.15719393103781
 0.25755981907072 -0.15672677659262
 0.24707693616662 -0.15605070709181
 0.23678169747483 -0.15516877702096
 0.22667666878466 -0.15408368017972
 0.21676436848111 -0.15280639439086
 0.20704726691722 -0.15134087263926
 0.19752778579842 -0.14969093850127
 0.18820829757898 -0.14786091851648
 0.17909112487074 -0.14585490694979
 0.17017853986427 -0.14368364884944
 0.16147276376262 -0.14133798220490
 0.15297596622770 -0.13883056671198
 0.14469026483959 -0.13617714538230
 0.13661772456878 -0.13337686461424
 0.12876035726154 -0.13042929299961
 0.12112012113854 -0.12735087276499
 0.11369892030679 -0.12414973928781
 0.10649860428513 -0.12082578712872
 0.09952096754325 -0.11738664248030
 0.09276774905452 -0.11384523544030
 0.08624063186256 -0.11020826671638
 0.07994124266183 -0.10647672966691
 0.07387115139216 -0.10266956937645
 0.06803187084757 -0.09878818326118
 0.06242485629917 -0.09483559463843
 0.05705150513256 -0.09082492968944
 0.05191315649949 -0.08676709919939
 0.04701109098416 -0.08265618522932
 0.04234653028407 -0.07850839921435
 0.03792063690554 -0.07433075278442
 0.03373451387398 -0.07013553068737
 0.02978920445901 -0.06592729997668
 0.02608569191446 -0.06170306744063
 0.02262489923329 -0.05746414988078
 0.01940768891760 -0.05320982199493
 0.01643486276363 -0.04894958976674
 0.01370716166200 -0.04469895468859
 0.01122526541300 -0.04046321375161
 0.00898979255721 -0.03624672939956
 0.00700130022133 -0.03203025383140
 0.00526028397934 -0.02778660450468
 0.00376717772899 -0.02350085596246
 0.00252235358366 -0.01913482209590
 0.00152612177962 -0.01472833558902
 0.00077873059872 -0.01041436206407
 0.00028036630652 -0.00619861427429
 0.00003115310584 -0.00205764704456
 0.00000000000000  0.00000000000000
 0.00003115310584  0.00202062060752
 0.00028036630652  0.00622032109539
 0.00077873059872  0.01057632044282
 0.00152612177962  0.01508342015309
 0.00252235358366  0.01976919744904
 0.00376717772899  0.02458689685290
 0.00526028397934  0.02918270702738
 0.00700130022133  0.03368001550053
 0.00898979255721  0.03813359414777
 0.01122526541300  0.04259106167344
 0.01370716166200  0.04706439642359
 0.01643486276363  0.05153722785154
 0.01940768891760  0.05600056162896
 0.02262489923329  0.06043581665763
 0.02608569191446  0.06483345048976
 0.02978920445901  0.06919317319661
 0.03373451387398  0.07351304626890
 0.03792063690554  0.07779297412525
 0.04234653028407  0.08202874183122
 0.04701109098416  0.08620909655400
 0.05191315649949  0.09033291151564
 0.05705150513256  0.09438219604254
 0.06242485629917  0.09835054819996
 0.06803187084757  0.10223409537574
 0.07387115139216  0.10603390281862
 0.07994124266183  0.10974061492284
 0.08624063186256  0.11334482645568
 0.09276774905452  0.11683634262293
 0.09952096754325  0.12021737577276
 0.10649860428513  0.12346888173222
 0.11369892030679  0.12658723010182
 0.12112012113854  0.12957586892753
 0.12876035726154  0.13242005800404
 0.13661772456878  0.13512003789456
 0.14469026483959  0.13766950177024
 0.15297596622770  0.14005656242365
 0.16147276376262  0.14228704775327
 0.17017853986427  0.14434678912170
 0.17909112487074  0.14623384804744
 0.18820829757898  0.14794503236281
 0.19752778579842  0.14947313552281
 0.20704726691722  0.15082763346863
 0.21676436848111  0.15199694537052
 0.22667666878466  0.15298601929374
 0.23678169747483  0.15380354003761
 0.24707693616662  0.15443624612926
 0.25755981907072  0.15490303066534
 0.26822773363292  0.15519022307973
 0.27907802118528  0.15530004312945
 0.29010797760867  0.15524139467164
 0.30131485400669  0.15500527085569
 0.31269585739082  0.15460362370325
 0.32424815137639  0.15403158536373
 0.33596885688957  0.15331247418773
 0.34785505288481  0.15242428934873
 0.35990377707289  0.15138284068528
 0.37211202665914  0.15018424443201
 0.38447675909182  0.14883941080256
 0.39699489282039  0.14734443122859
 0.40966330806347  0.14569360473786
 0.42247884758641  0.14390532500248
 0.43543831748808  0.14198414616832
 0.44853848799689  0.13992232319511
 0.46177609427571  0.13773607218655
 0.47514783723553  0.13541674444292
 0.48865038435767  0.13296512540113
 0.50228037052432  0.13040177879581
 0.51603439885716  0.12772067127790
 0.52990904156400  0.12494265711854
 0.54390084079298  0.12205954793632
 0.55800630949442  0.11909001614638
 0.57222193228979  0.11601627703359
 0.58654416634787  0.11285121608363
 0.60096944226766  0.10960257341754
 0.61549416496799  0.10627375113639
 0.63011471458345  0.10286027505519
 0.64482744736657  0.09937864208041
 0.65962869659589  0.09582118876129
 0.67451477348979  0.09219299397978
 0.68948196812583  0.08849913405877
 0.70452655036533  0.08475614990932
 0.71964477078299  0.08094473998285
 0.73483286160132  0.07708780782690
 0.75008703762969  0.07318711219457
 0.76540349720763  0.06927532018206
 0.78077842315231  0.06535753252679
 0.79620798370985  0.06141792066061
 0.81168833351028  0.05744672893588
 0.82721561452590  0.05345354754484
 0.84278595703275  0.04945637781928
 0.85839548057505  0.04545713642135
 0.87404029493228  0.04147093136939
 0.88971650108872  0.03749912364817
 0.90542019220516  0.03354725299998
 0.92114745459252  0.02963319163091
 0.93689436868733  0.02577785411386
 0.95265701002844  0.02195493088024
 0.96843145023519  0.01817330244430
 0.98421375798636  0.01442919853131
 1.00000000000000  0.01060692732186
</coords>