<reference>
Airfoil "Interp_031034" created on 07-Dec-2021 09:39:54 for blade project exampleBladeYaml_numad
</reference>
<coords>
 1.00000000000000  0.00000000000000
 1.00000000000000 -0.00199531521965
 0.99435879499011 -0.00266903307832
 0.98839367601963 -0.00708288216197
 0.98210649455050 -0.00689989573446
 0.97549942512478 -0.00657745738062
 0.96857496421703 -0.00632696587899
 0.96133592876491 -0.00578120038724
 0.95378545437948 -0.00539368235523
 0.94592699323640 -0.00513857074013
 0.93776431165018 -0.00504680553946
 0.92930148733345 -0.00511857869674
 0.92054290634378 -0.00536138453813
 0.91149325972090 -0.00576921423095
 0.90215753981735 -0.00634501828639
 0.89254103632594 -0.00709159334556
 0.88264933200791 -0.00802277872046
 0.87248829812553 -0.00917074276588
 0.86206408958364 -0.01054072412408
 0.85138313978471 -0.01211904742405
 0.84045215520218 -0.01391003700750
 0.82927810967739 -0.01590652515911
 0.81786823844544 -0.01814728909721
 0.80623003189573 -0.02047399681770
 0.79437122907315 -0.02280570931687
 0.78229981092620 -0.02543086537711
 0.77002399330840 -0.02831616965676
 0.75755221973992 -0.03143228566592
 0.74489315393625 -0.03476454919082
 0.73205567211119 -0.03830787460420
 0.71904885506156 -0.04204588777410
 0.70588198004139 -0.04597887557423
 0.69256451243329 -0.05013220655041
 0.67910609722522 -0.05454808826015
 0.66551655030090 -0.05913778729257
 0.65180584955221 -0.06388197123060
 0.63798412582237 -0.06878973607439
 0.62406165368862 -0.07381342227993
 0.61004884209337 -0.07895108674608
 0.59595622483292 -0.08419669950741
 0.58179445091315 -0.08942770806527
 0.56757427478136 -0.09465335774881
 0.55330654644401 -0.09986798161117
 0.53900220147980 -0.10504809576045
 0.52467225095803 -0.11015746225319
 0.51032777127195 -0.11515851018262
 0.49597989389703 -0.12002237504353
 0.48163979508430 -0.12470962020798
 0.46731868549867 -0.12919614813788
 0.45302779981244 -0.13344698321248
 0.43877838626422 -0.13744289247282
 0.42458169619341 -0.14115839184465
 0.41044897356052 -0.14454932647044
 0.39639144446356 -0.14760128044629
 0.38242030666083 -0.15045868164103
 0.36854671911035 -0.15315104331504
 0.35478179153613 -0.15548420146817
 0.34113657403160 -0.15746733039299
 0.32762204671030 -0.15909433688289
 0.31424910941408 -0.16039146331091
 0.30102857148882 -0.16134920504103
 0.28797114163777 -0.16196055095070
 0.27508741786236 -0.16223533890881
 0.26238787750052 -0.16218367607420
 0.24988286737217 -0.16179399767814
 0.23758259404154 -0.16108485048096
 0.22549711420595 -0.16004647851907
 0.21363632522055 -0.15867991749413
 0.20200995576809 -0.15700761641746
 0.19062755668318 -0.15502266437351
 0.17949849193985 -0.15273688001904
 0.16863192981136 -0.15016934019653
 0.15803683421092 -0.14731211796026
 0.14772195622184 -0.14419054510261
 0.13769582582543 -0.14081002594008
 0.12796674383479 -0.13718662057580
 0.11854277404244 -0.13335306567912
 0.10943173558946 -0.12928893173923
 0.10064119556368 -0.12500722221068
 0.09217846183426 -0.12051589730036
 0.08405057612952 -0.11583291406385
 0.07626430736511 -0.11097597303833
 0.06882614522881 -0.10595561138269
 0.06174229402843 -0.10080909501554
 0.05501866680887 -0.09552770268205
 0.04866087974401 -0.09012042422991
 0.04267424680907 -0.08460709706014
 0.03706377473864 -0.07898624186654
 0.03183415827534 -0.07333723725501
 0.02698977571371 -0.06763451054668
 0.02253468474392 -0.06191193797167
 0.01847261859920 -0.05616372673937
 0.01480698251078 -0.05042384338248
 0.01154085047404 -0.04464215550429
 0.00867696232878 -0.03881953277280
 0.00621772115667 -0.03279624896995
 0.00416519099841 -0.02643479045254
 0.00252109489275 -0.02020419324523
 0.00128681323945 -0.01425003257269
 0.00046338248769 -0.00681216369155
 0.00005149415120 -0.00084233609519
 0.00000000000000  0.00000000000000
 0.00005149415120  0.00078060526580
 0.00046338248769  0.00667407577195
 0.00128681323945  0.01381978044267
 0.00252109489275  0.01992737961492
 0.00416519099841  0.02644514603558
 0.00621772115667  0.03353822440868
 0.00867696232878  0.04017343254806
 0.01154085047404  0.04646179486682
 0.01480698251078  0.05249574492011
 0.01847261859920  0.05849046407276
 0.02253468474392  0.06446741293447
 0.02698977571371  0.07041575264426
 0.03183415827534  0.07632393912365
 0.03706377473864  0.08212522866296
 0.04267424680907  0.08779083128777
 0.04866087974401  0.09335302151993
 0.05501866680887  0.09878526961776
 0.06174229402843  0.10408100358643
 0.06882614522881  0.10923827866469
 0.07626430736511  0.11420451925931
 0.08405057612952  0.11899264703013
 0.09217846183426  0.12357255308616
 0.10064119556368  0.12793667448130
 0.10943173558946  0.13207474948141
 0.11854277404244  0.13597082338903
 0.12796674383479  0.13961701221082
 0.13769582582543  0.14305198778915
 0.14772195622184  0.14623590392117
 0.15803683421092  0.14913030763676
 0.16863192981136  0.15173551809619
 0.17949849193985  0.15405588577573
 0.19062755668318  0.15607762725495
 0.20200995576809  0.15781169261082
 0.21363632522055  0.15925430471798
 0.22549711420595  0.16040345531377
 0.23758259404154  0.16125571307393
 0.24988286737217  0.16183196549336
 0.26238787750052  0.16210757311787
 0.27508741786236  0.16212411921122
 0.28797114163777  0.16188526305987
 0.30102857148882  0.16139143491282
 0.31424910941408  0.16065779455509
 0.32762204671030  0.15969614934465
 0.34113657403160  0.15851088229984
 0.35478179153613  0.15711881593178
 0.36854671911035  0.15555059335390
 0.38242030666083  0.15383182465781
 0.39639144446356  0.15177108269004
 0.41044897356052  0.14942367369362
 0.42458169619341  0.14696964001960
 0.43877838626422  0.14439002447553
 0.45302779981244  0.14169917708874
 0.46731868549867  0.13890757057408
 0.48163979508430  0.13601532878455
 0.49597989389703  0.13302467457182
 0.51032777127195  0.12994141831113
 0.52467225095803  0.12678441726375
 0.53900220147980  0.12355603542916
 0.55330654644401  0.12026075310258
 0.56757427478136  0.11691069432528
 0.58179445091315  0.11351153371792
 0.59595622483292  0.11009067813264
 0.61004884209337  0.10671467247304
 0.62406165368862  0.10330227814052
 0.63798412582237  0.09986825909728
 0.65180584955221  0.09644550735642
 0.66551655030090  0.09301980101611
 0.67910609722522  0.08960264090557
 0.69256451243329  0.08621407256872
 0.70588198004139  0.08281002469988
 0.71904885506156  0.07942733536237
 0.73205567211119  0.07605945819663
 0.74489315393625  0.07274276524847
 0.75755221973992  0.06946845461852
 0.77002399330840  0.06621829773996
 0.78229981092620  0.06300075802021
 0.79437122907315  0.05980818223792
 0.80623003189573  0.05659978679926
 0.81786823844544  0.05367727676920
 0.82927810967739  0.05097729193424
 0.84045215520218  0.04831548362347
 0.85138313978471  0.04573161036241
 0.86206408958364  0.04323358696421
 0.87248829812553  0.04082188665955
 0.88264933200791  0.03848845241028
 0.89254103632594  0.03623012421874
 0.90215753981735  0.03404647958325
 0.91149325972090  0.03193004580800
 0.92054290634378  0.02988177284575
 0.92930148733345  0.02790158864477
 0.93776431165018  0.02598540624924
 0.94592699323640  0.02413205361227
 0.95378545437948  0.02232783182313
 0.96133592876491  0.02057607852160
 0.96857496421703  0.01890074499373
 0.97549942512478  0.01730162209470
 0.98210649455050  0.01565814099188
 0.98839367601963  0.01408114888563
 0.99435879499011  0.01231937769389
 1.00000000000000  0.00199531521965
</coords>