<reference>
Airfoil "Interp_004000" created on 31-Oct-2019 15:10:14 for blade project BAR008_numad
</reference>
<coords>
 1.00000000000000  0.00001389240274
 0.99908318752268 -0.01466097294986
 0.99768978705350 -0.02939342199265
 0.99582068058183 -0.04408935422153
 0.99347722454389 -0.05873267479975
 0.99066124859685 -0.07330652003083
 0.98737505392126 -0.08784095852121
 0.98362141105316 -0.10233023125290
 0.97940355724833 -0.11674563840732
 0.97472519338102 -0.13106754436428
 0.96959048038033 -0.14526330611608
 0.96400403520776 -0.15931891296923
 0.95797092637992 -0.17321452024739
 0.95149666904072 -0.18694794932636
 0.94458721958811 -0.20050822647513
 0.93724896986052 -0.21387153320828
 0.92948874088888 -0.22701555103970
 0.92131377622036 -0.23993229726424
 0.91273173482042 -0.25260898665234
 0.90375068356039 -0.26502815853449
 0.89437908929776 -0.27717966638449
 0.88462581055730 -0.28904955982987
 0.87450008882112 -0.30062409956889
 0.86401153943639 -0.31188190762440
 0.85317014214975 -0.32281808223054
 0.84198623127774 -0.33343810439761
 0.83047048552312 -0.34371865985333
 0.81863391744721 -0.35365100899342
 0.80648786260854 -0.36322755628956
 0.79404396837886 -0.37242761029743
 0.78131418244739 -0.38125980583055
 0.76831074102500 -0.38969169429987
 0.75504615675972 -0.39774088293852
 0.74153320637594 -0.40539247032998
 0.72778491804935 -0.41263200351924
 0.71381455853027 -0.41944751530798
 0.69963562002821 -0.42584585579099
 0.68526180687063 -0.43182276685261
 0.67070702194922 -0.43736293986065
 0.65598535296717 -0.44246061170861
 0.64111105850113 -0.44711637839909
 0.62609855389169 -0.45132312521205
 0.61096239697646 -0.45507831578573
 0.59571727367992 -0.45837308198966
 0.58037798347438 -0.46122278647511
 0.56495942472658 -0.46360640830557
 0.54947657994434 -0.46553488339951
 0.53394450093818 -0.46698681639284
 0.51837829391250 -0.46797663811923
 0.50279310450121 -0.46849615210209
 0.48720410276272 -0.46855755019551
 0.47162646814921 -0.46815824594958
 0.45607537446516 -0.46727978214082
 0.44056597483005 -0.46595365327306
 0.42511338666029 -0.46415841692760
 0.40973267668524 -0.46189318561056
 0.39443884601228 -0.45918130591567
 0.37924681525585 -0.45600568788052
 0.36417140974510 -0.45239265651086
 0.34922734482506 -0.44832401237160
 0.33442921126587 -0.44381447910701
 0.31979146079457 -0.43885642267099
 0.30532839176394 -0.43346560590857
 0.29105413497256 -0.42764966653178
 0.27698263965027 -0.42140385783764
 0.26312765962302 -0.41474694731419
 0.24950273967071 -0.40767554383075
 0.23612120209185 -0.40020436632550
 0.22299613348819 -0.39232856060042
 0.21014037178267 -0.38407284578934
 0.19756649348340 -0.37544155146845
 0.18528680120658 -0.36642714091015
 0.17331331147061 -0.35705164465946
 0.16165774277364 -0.34731665100553
 0.15033150396636 -0.33723754285213
 0.13934568293168 -0.32682339639905
 0.12871103558254 -0.31609393009434
 0.11843797518872 -0.30504480780651
 0.10853656204348 -0.29369513062139
 0.09901649348007 -0.28205257527406
 0.08988709424829 -0.27013593456241
 0.08115730726047 -0.25793232225301
 0.07283568471625 -0.24548893986793
 0.06493037961491 -0.23280214488710
 0.05744913766368 -0.21987419507414
 0.05039928959021 -0.20672654001707
 0.04378774386671 -0.19337369517107
 0.03762097985305 -0.17983338690274
 0.03190504136576 -0.16611733475102
 0.02664553067913 -0.15223443051294
 0.02184760296458 -0.13820984206830
 0.01751596117366 -0.12402735532282
 0.01365485136997 -0.10969521952285
 0.01026805851446 -0.09524686700542
 0.00735890270842 -0.08069374533961
 0.00493023589786 -0.06609380299744
 0.00298443904261 -0.05142939109449
 0.00152341975286 -0.03666130953642
 0.00054861039561 -0.02182264989292
 0.00006096667286 -0.00719682085306
 0.00000000000000  0.00000000000000
 0.00024385174746  0.01466375542448
 0.00097516791603  0.02936348228946
 0.00219323152162  0.04412536351504
 0.00389684838156  0.05883461020321
 0.00608434829999  0.07352587456408
 0.00875358672579  0.08811551226636
 0.01190194688134  0.10264688243588
 0.01552634235999  0.11704914632487
 0.01962322018976  0.13131068120157
 0.02418856436006  0.14542345302146
 0.02921789980803  0.15939298793883
 0.03470629686050  0.17318979502373
 0.04064837612714  0.18681293080937
 0.04703831383994  0.20027773206313
 0.05386984763369  0.21354180996220
 0.06113628276167  0.22658570997707
 0.06883049874053  0.23939687356983
 0.07694495641742  0.25197345142590
 0.08547170545270  0.26431353692254
 0.09440239221051  0.27638260749429
 0.10372826804949  0.28817800151132
 0.11344019800527  0.29968454366334
 0.12352866985627  0.31089301105133
 0.13398380356358  0.32179316936921
 0.14479536107563  0.33237421999883
 0.15595275648791  0.34263110585719
 0.16744506654753  0.35254713808479
 0.17926104149228  0.36210494194808
 0.19138911621324  0.37130687608352
 0.20381742173001  0.38013817132740
 0.21653379696699  0.38859418164661
 0.22952580081904  0.39666739007430
 0.24278072449454  0.40434588082689
 0.25628560412346  0.41162545516541
 0.27002723361802  0.41849102645502
 0.28399217777303  0.42494790540691
 0.29816678559292  0.43099045138175
 0.31253720383214  0.43659476602997
 0.32708939073553  0.44177130393027
 0.34180912996495  0.44650721343879
 0.35668204469820  0.45079146483491
 0.37169361188640  0.45463753267812
 0.38682917665543  0.45802638225104
 0.40207396683727  0.46096507087491
 0.41741310761658  0.46344794130452
 0.43283163627814  0.46547032850465
 0.44831451704037  0.46702599607924
 0.46384665596010  0.46811360155553
 0.47941291589392  0.46874170562605
 0.49499813150102  0.46891047242426
 0.51058712427281  0.46859852868112
 0.52616471757412  0.46783131888096
 0.54171575168121  0.46659720408662
 0.55722509880149  0.46489413637139
 0.57267767806008  0.46273055041266
 0.58805847043825  0.46010972058914
 0.60335253364891  0.45702477403425
 0.61854501693427  0.45349461029986
 0.63362117577106  0.44951457474513
 0.64856638646856  0.44508339969950
 0.66336616064504  0.44020828363168
 0.67800615956801  0.43488977498873
 0.69247220834425  0.42913928831472
 0.70675030994533  0.42296217364511
 0.72082665905470  0.41636738226116
 0.73468765572263  0.40935124800551
 0.74831991881536  0.40192485267968
 0.76171029924505  0.39409777589760
 0.77484589296752  0.38587665043470
 0.78771405373466  0.37727333824604
 0.80030240558889  0.36829187499827
 0.81259885508739  0.35893987962593
 0.82459160324365  0.34921885996671
 0.83626915717480  0.33915633703376
 0.84762034144283  0.32875726571838
 0.85863430907863  0.31803296170251
 0.86930055227783  0.30698553131300
 0.87960891275781  0.29563556006995
 0.88954959176549  0.28398243226826
 0.89911315972613  0.27203696403473
 0.90829056552345  0.25981722321976
 0.91707314540181  0.24734402621317
 0.92545263148173  0.23462951608293
 0.93342115988010  0.22167264054083
 0.94097127842729  0.20849024550323
 0.94809595397322  0.19509336227330
 0.95478857927527  0.18151255608821
 0.96104297946128  0.16774295415148
 0.96685341806101  0.15380536966161
 0.97221460260025  0.13969805069039
 0.97712168975204  0.12544334556175
 0.98157029003974  0.11105770093621
 0.98555647208745  0.09656871066896
 0.98907676641353  0.08198311153394
 0.99212816876344  0.06731796489382
 0.99470814297859  0.05257505718377
 0.99681462339850  0.03771663622254
 0.99844601679372  0.02276774932663
 0.99960120382776  0.00771388717347
</coords>