<reference>
Airfoil "Interp_013793" created on 07-Dec-2021 09:39:54 for blade project exampleBladeYaml_numad
</reference>
<coords>
 1.00000000000000  0.00000000000000
 0.98687127342305 -0.01278238300156
 0.97366060052348 -0.01945053458427
 0.96037136924577 -0.02597178621905
 0.94700705071884 -0.03302434259611
 0.93357119823233 -0.04114388218555
 0.92006744612908 -0.05009224894315
 0.90649950861446 -0.05953826060487
 0.89287117848306 -0.06938996758928
 0.87918632576333 -0.07943524349162
 0.86544889628104 -0.08966787366285
 0.85166291014236 -0.10005718795738
 0.83783246013737 -0.11040614492082
 0.82396171006513 -0.12086648449235
 0.81005489298126 -0.13142369065350
 0.79611630936932 -0.14183531860184
 0.78215032523702 -0.15208260254129
 0.76816137013877 -0.16224687504093
 0.75415393512583 -0.17222259641514
 0.74013257062548 -0.18193151823284
 0.72610188425091 -0.19129727332663
 0.71206653854319 -0.20039533336027
 0.69803124864719 -0.20927211504397
 0.68400077992313 -0.21773142637603
 0.66997994549545 -0.22584304481133
 0.65597360374107 -0.23361656699883
 0.64198665571880 -0.24102737730059
 0.62802404254201 -0.24809157378471
 0.61409074269654 -0.25481693159367
 0.60019176930601 -0.26120507222166
 0.58633216734669 -0.26722804369680
 0.57251701081415 -0.27282230483621
 0.55875139984399 -0.27800940599588
 0.54504045778890 -0.28289753542419
 0.53138932825455 -0.28743261518414
 0.51780317209662 -0.29144718280675
 0.50428716438147 -0.29519864029750
 0.49084649131302 -0.29859184046835
 0.47748634712825 -0.30144642812580
 0.46421193096404 -0.30405385691605
 0.45102844369783 -0.30637448742303
 0.43794108476488 -0.30837333490214
 0.42495504895472 -0.31005495048834
 0.41207552318947 -0.31137809726247
 0.39930768328684 -0.31229568671470
 0.38665669071047 -0.31289859839162
 0.37412768931046 -0.31331268149775
 0.36172580205673 -0.31328316693983
 0.34945612776819 -0.31291526151576
 0.33732373784038 -0.31229703823178
 0.32533367297441 -0.31136288411656
 0.31349093991008 -0.31025798312808
 0.30180050816595 -0.30877839558994
 0.29026730678918 -0.30692137918872
 0.27889622111799 -0.30490505495305
 0.26769208955946 -0.30252508857728
 0.25665970038559 -0.29994773525731
 0.24580378855035 -0.29717930280182
 0.23512903253048 -0.29407763372712
 0.22464005119285 -0.29072539103620
 0.21434140069102 -0.28720092056203
 0.20423757139391 -0.28335649889482
 0.19433298484903 -0.27927045266620
 0.18463199078319 -0.27507002680791
 0.17513886414306 -0.27052618678460
 0.16585780217850 -0.26582146337678
 0.15679292157090 -0.26092109113792
 0.14794825560934 -0.25580182973572
 0.13932775141692 -0.25044217206123
 0.13093526722972 -0.24486224345160
 0.12277456973088 -0.23919331035333
 0.11484933144209 -0.23318490055478
 0.10716312817480 -0.22705252845953
 0.09971943654348 -0.22071446138801
 0.09252163154309 -0.21412527011491
 0.08557298419290 -0.20740175815954
 0.07887665924881 -0.20046321350784
 0.07243571298622 -0.19329693376826
 0.06625309105524 -0.18605090745712
 0.06033162641051 -0.17866087875591
 0.05467403731708 -0.17116871281179
 0.04928292543446 -0.16351680179743
 0.04416077398027 -0.15552160300351
 0.03930994597545 -0.14756899114351
 0.03473268257226 -0.13945032365309
 0.03043110146679 -0.13097148967522
 0.02640719539739 -0.12234120689957
 0.02266283073024 -0.11382588826701
 0.01919974613344 -0.10514081810435
 0.01601955134074 -0.09637921843877
 0.01312372600613 -0.08770528634524
 0.01051361865011 -0.07871648250156
 0.00819044569884 -0.06943699334452
 0.00615529061682 -0.05978178851522
 0.00440910313399 -0.04960188802911
 0.00295269856792 -0.03945357868481
 0.00178675724170 -0.02929700973294
 0.00091182399802 -0.01954390101748
 0.00032830780998 -0.00958775220661
 0.00003648148878 -0.00356301623686
 0.00000000000000  0.00000000000000
 0.00014592169014  0.00829754994174
 0.00058361852730  0.01536531869443
 0.00131288586038  0.02500827261975
 0.00233338276680  0.03486742174032
 0.00364463229607  0.04582899881829
 0.00524602181058  0.05619947532317
 0.00713680342324  0.06712366415953
 0.00931609453154  0.07697577513879
 0.01178287844758  0.08631047061059
 0.01453600512349  0.09526955932714
 0.01757419197166  0.10408436825188
 0.02089602477892  0.11300157484844
 0.02449995871393  0.12166845550341
 0.02838431942688  0.13049571169787
 0.03254730424046  0.13922641438615
 0.03698698343112  0.14767677223271
 0.04170130159936  0.15595450027912
 0.04668807912789  0.16413299850150
 0.05194501372637  0.17225290140174
 0.05746968206131  0.18009881609840
 0.06325954146965  0.18776621589372
 0.06931193175457  0.19535202065870
 0.07562407706179  0.20277927818106
 0.08219308783488  0.21004009540339
 0.08901596284759  0.21706812230292
 0.09608959131164  0.22389933711058
 0.10341075505781  0.23049966107326
 0.11097613078872  0.23682929930887
 0.11878229240092  0.24307816887417
 0.12682571337457  0.24902460773834
 0.13510276922834  0.25472221282520
 0.14360974003742  0.26031873005952
 0.15234281301250  0.26560349793577
 0.16129808513725  0.27070199044155
 0.17047156586209  0.27553185131741
 0.17985917985190  0.28015325802500
 0.18945676978501  0.28455836573307
 0.19926009920134  0.28871378723826
 0.20926485539682  0.29262520817118
 0.21946665236181  0.29625392867319
 0.22986103376079  0.29956713705393
 0.24044347595069  0.30261869736514
 0.25120939103531  0.30540876096942
 0.26215412995303  0.30793064049364
 0.27327298559519  0.31020893048543
 0.28456119595236  0.31217797706201
 0.29601394728574  0.31390600387021
 0.30762637732098  0.31534172643944
 0.31939357846161  0.31641394696715
 0.33131060101922  0.31730439838584
 0.34337245645767  0.31789124908799
 0.35557412064851  0.31815192915577
 0.36791053713474  0.31810672920152
 0.38037662040011  0.31769813883639
 0.39296725914117  0.31716350944587
 0.40567731953927  0.31629777162733
 0.41850164852959  0.31496965879992
 0.43143507706456  0.31349111705285
 0.44447242336879  0.31171673410522
 0.45760849618273  0.30963235405415
 0.47083809799234  0.30726773634511
 0.48415602824206  0.30440894507335
 0.49755708652829  0.30127735773734
 0.51103607577075  0.29791286800830
 0.52458780535909  0.29424420349537
 0.53820709427201  0.29023726695843
 0.55188877416638  0.28594983664518
 0.56562769243384  0.28136620260041
 0.57941871522221  0.27643338285203
 0.59325673041934  0.27119719081763
 0.60713665059696  0.26578255389891
 0.62105341591206  0.26006179853583
 0.63500199696348  0.25395882204573
 0.64897739760144  0.24769826014856
 0.66297465768776  0.24120274112345
 0.67698885580445  0.23435751494177
 0.69101511190872  0.22722264398879
 0.70504858993221  0.21992590728756
 0.71908450032236  0.21234964364259
 0.73311810252412  0.20443006078944
 0.74714470739992  0.19629391658072
 0.76115967958623  0.18802204133508
 0.77515843978475  0.17951898885416
 0.78913646698676  0.17074602145956
 0.80308930062872  0.16182772780806
 0.81701254267782  0.15261093253932
 0.83090185964582  0.14325396092600
 0.84475298452983  0.13370654928872
 0.85856171867865  0.12401469960853
 0.87232393358349  0.11402509643749
 0.88603557259174  0.10382259175487
 0.89969265254281  0.09346310676797
 0.91329126532498  0.08314741355884
 0.92682757935222  0.07245366359506
 0.94029784096024  0.06140213865008
 0.95369837572092  0.05015200881534
 0.96702558967438  0.03803768809388
 0.98027597047812  0.02549051782905
 0.99344608847272  0.01361212363657
</coords>