<reference>
Airfoil "Interp_093058" created on 31-Oct-2019 15:10:14 for blade project BAR008_numad
</reference>
<coords>
 1.00000000000000  0.00000000000000
 1.00000000000000  0.00030287415613
 0.98421375798636  0.00170576027963
 0.96843145023519  0.00302948571408
 0.95265701002844  0.00436972508448
 0.93689436868733  0.00546187901717
 0.92114745459252  0.00600187193651
 0.90542019220516  0.00616755811191
 0.88971650108872  0.00598494052401
 0.87404029493228  0.00549481571887
 0.85839548057505  0.00471372363452
 0.84278595703275  0.00364252240334
 0.82721561452590  0.00229763472205
 0.81168833351028  0.00070843974017
 0.79620798370985 -0.00112840394439
 0.78077842315231 -0.00318891723601
 0.76540349720763 -0.00546714640575
 0.75008703762969 -0.00792492799356
 0.73483286160132 -0.01054792740921
 0.71964477078299 -0.01333898002804
 0.70452655036533 -0.01628333431326
 0.68948196812583 -0.01927052108487
 0.67451477348979 -0.02233913565787
 0.65962869659589 -0.02550605837459
 0.64482744736657 -0.02875386558762
 0.63011471458345 -0.03207837368825
 0.61549416496799 -0.03560371215492
 0.60096944226766 -0.03915542732586
 0.58654416634787 -0.04274396245220
 0.57222193228979 -0.04627178085806
 0.55800630949442 -0.04929324091376
 0.54390084079298 -0.05211022876284
 0.52990904156400 -0.05484096488263
 0.51603439885716 -0.05750817406993
 0.50228037052432 -0.06009914755621
 0.48865038435767 -0.06270737551202
 0.47514783723553 -0.06514788723511
 0.46177609427571 -0.06741066829326
 0.44853848799689 -0.06949522947288
 0.43543831748808 -0.07137290995851
 0.42247884758641 -0.07306329878191
 0.40966330806347 -0.07453803873326
 0.39699489282039 -0.07584600890920
 0.38447675909182 -0.07696169227685
 0.37211202665914 -0.07790139445644
 0.35990377707289 -0.07865003938015
 0.34785505288481 -0.07922549828352
 0.33596885688957 -0.07963218142488
 0.32424815137639 -0.07987553223988
 0.31269585739082 -0.07995760548814
 0.30131485400669 -0.07989413242172
 0.29010797760867 -0.07970662036284
 0.27907802118528 -0.07938731764919
 0.26822773363292 -0.07894172356099
 0.25755981907072 -0.07839169669050
 0.24707693616662 -0.07773675454437
 0.23678169747483 -0.07697095371785
 0.22667666878466 -0.07611313253752
 0.21676436848111 -0.07516245276070
 0.20704726691722 -0.07413196081768
 0.19752778579842 -0.07301173403151
 0.18820829757898 -0.07180947098982
 0.17909112487074 -0.07053026104844
 0.17017853986427 -0.06919321643080
 0.16147276376262 -0.06779319170852
 0.15297596622770 -0.06633243295645
 0.14469026483959 -0.06482875522589
 0.13661772456878 -0.06328378055958
 0.12876035726154 -0.06169088647858
 0.12112012113854 -0.06005750782047
 0.11369892030679 -0.05838745397176
 0.10649860428513 -0.05667487579191
 0.09952096754325 -0.05492900211304
 0.09276774905452 -0.05315490810822
 0.08624063186256 -0.05135510903188
 0.07994124266183 -0.04953346782602
 0.07387115139216 -0.04769295570571
 0.06803187084757 -0.04583764255321
 0.06242485629917 -0.04397393602040
 0.05705150513256 -0.04210293668601
 0.05191315649949 -0.04021944083484
 0.04701109098416 -0.03832449243615
 0.04234653028407 -0.03644271034326
 0.03792063690554 -0.03456626160712
 0.03373451387398 -0.03266528133237
 0.02978920445901 -0.03074639703555
 0.02608569191446 -0.02886804318563
 0.02262489923329 -0.02698462115707
 0.01940768891760 -0.02509526713868
 0.01643486276363 -0.02320854842516
 0.01370716166200 -0.02129793927809
 0.01122526541300 -0.01937725243261
 0.00898979255721 -0.01746076736131
 0.00700130022133 -0.01554904332285
 0.00526028397934 -0.01360902649741
 0.00376717772899 -0.01164774148172
 0.00252235358366 -0.00970005695389
 0.00152612177962 -0.00769672166165
 0.00077873059872 -0.00552296459091
 0.00028036630652 -0.00333098218587
 0.00003115310584 -0.00115135626369
 0.00000000000000  0.00000000000000
 0.00003115310584  0.00102465204853
 0.00028036630652  0.00328489062586
 0.00077873059872  0.00562498607435
 0.00152612177962  0.00805144202126
 0.00252235358366  0.01044545684860
 0.00376717772899  0.01288064401548
 0.00526028397934  0.01537994290891
 0.00700130022133  0.01798813708271
 0.00898979255721  0.02066562157552
 0.01122526541300  0.02335484036488
 0.01370716166200  0.02605260777835
 0.01643486276363  0.02876757097763
 0.01940768891760  0.03150236948947
 0.02262489923329  0.03423457120755
 0.02608569191446  0.03697785064560
 0.02978920445901  0.03973760323037
 0.03373451387398  0.04247835454879
 0.03792063690554  0.04533911259264
 0.04234653028407  0.04824345771827
 0.04701109098416  0.05114097425623
 0.05191315649949  0.05401461801894
 0.05705150513256  0.05688330485043
 0.06242485629917  0.05974545818346
 0.06803187084757  0.06259330925668
 0.07387115139216  0.06542124522130
 0.07994124266183  0.06822429530025
 0.08624063186256  0.07099881603571
 0.09276774905452  0.07373817610944
 0.09952096754325  0.07643735681338
 0.10649860428513  0.07910867363127
 0.11369892030679  0.08174082843860
 0.12112012113854  0.08431340801506
 0.12876035726154  0.08683066999828
 0.13661772456878  0.08927685348348
 0.14469026483959  0.09165670405839
 0.15297596622770  0.09399554046723
 0.16147276376262  0.09626932173582
 0.17017853986427  0.09839617795175
 0.17909112487074  0.10049538616855
 0.18820829757898  0.10250433065640
 0.19752778579842  0.10439890909219
 0.20704726691722  0.10616310169525
 0.21676436848111  0.10784282311690
 0.22667666878466  0.10944735609279
 0.23678169747483  0.11088680568342
 0.24707693616662  0.11218142352845
 0.25755981907072  0.11330453145009
 0.26822773363292  0.11429262946486
 0.27907802118528  0.11515386905759
 0.29010797760867  0.11586697708852
 0.30131485400669  0.11643841198754
 0.31269585739082  0.11677785413628
 0.32424815137639  0.11698144572640
 0.33596885688957  0.11696553311618
 0.34785505288481  0.11679875596848
 0.35990377707289  0.11646334081651
 0.37211202665914  0.11592884762216
 0.38447675909182  0.11524388972207
 0.39699489282039  0.11443264125131
 0.40966330806347  0.11338867263202
 0.42247884758641  0.11227671445918
 0.43543831748808  0.11097966641151
 0.44853848799689  0.10950557868603
 0.46177609427571  0.10795398422725
 0.47514783723553  0.10622368002660
 0.48865038435767  0.10438316851993
 0.50228037052432  0.10241171994215
 0.51603439885716  0.10056051998339
 0.52990904156400  0.09857672219172
 0.54390084079298  0.09648053865264
 0.55800630949442  0.09432398335331
 0.57222193228979  0.09190436721369
 0.58654416634787  0.08890285564778
 0.60096944226766  0.08579111575782
 0.61549416496799  0.08256842974134
 0.63011471458345  0.07927418441162
 0.64482744736657  0.07608195589187
 0.65962869659589  0.07280261014193
 0.67451477348979  0.06945054160464
 0.68948196812583  0.06606372342053
 0.70452655036533  0.06265152159068
 0.71964477078299  0.05930621277654
 0.73483286160132  0.05591331754580
 0.75008703762969  0.05251064385766
 0.76540349720763  0.04908772736496
 0.78077842315231  0.04567622306647
 0.79620798370985  0.04227535958857
 0.81168833351028  0.03887925970420
 0.82721561452590  0.03552093421492
 0.84278595703275  0.03217905662268
 0.85839548057505  0.02885126404193
 0.87404029493228  0.02554258584703
 0.88971650108872  0.02229673510849
 0.90542019220516  0.01908737188104
 0.92114745459252  0.01592782730472
 0.93689436868733  0.01282552690700
 0.95265701002844  0.00987749294546
 0.96843145023519  0.00684648308299
 0.98421375798636  0.00370138428757
 1.00000000000000  0.00073916294813
</coords>