<reference>
Airfoil "Interp_048275" created on 07-Dec-2021 09:39:54 for blade project exampleBladeYaml_numad
</reference>
<coords>
 1.00000000000000  0.00000000000000
 1.00000000000000 -0.00001486847774
 0.99975079456309  0.00139433896976
 0.99900342666575 -0.00417236910909
 0.99775864130055 -0.00389577583280
 0.99601767929663 -0.00357983147352
 0.99378227608276 -0.00320520259173
 0.99105465995749 -0.00277175896306
 0.98783754986789 -0.00227058917068
 0.98413415269925 -0.00172226825408
 0.97994816007843 -0.00113509227924
 0.97528374469389 -0.00051575994071
 0.97014555613634  0.00012810402399
 0.96453871626387  0.00078841381125
 0.95846881409639  0.00145516712254
 0.95194190024441  0.00212202414014
 0.94496448087759  0.00278429075176
 0.93754351123930  0.00339914164646
 0.92968638871346  0.00393600441241
 0.92140094545068  0.00438672902969
 0.91269544056099  0.00472793685400
 0.90357855188099  0.00492942481108
 0.89405936732360  0.00499260569521
 0.88414737581899  0.00491802016425
 0.87385245785585  0.00456706616073
 0.86318487563232  0.00400788580032
 0.85215526282634  0.00324292778760
 0.84077461399582  0.00224509573002
 0.82905427361902  0.00099744073896
 0.81700592478612 -0.00051053205297
 0.80464157755326 -0.00230051960767
 0.79197355697065 -0.00440943470932
 0.77901449079672 -0.00686058254036
 0.76577729691045 -0.00956677404331
 0.75227517043459 -0.01261192879490
 0.73852157058244 -0.01599125242875
 0.72453020724146 -0.01968083739694
 0.71031502730689 -0.02366615656957
 0.69589020077925 -0.02793585869348
 0.68127010663931 -0.03248370506299
 0.66646931851488 -0.03734417932079
 0.65150259015344 -0.04239745173896
 0.63638484071530 -0.04760764680695
 0.62113113990189 -0.05292838673705
 0.60575669293391 -0.05831130835018
 0.59027682539445 -0.06371713782529
 0.57470696795213 -0.06909637753468
 0.55906264097945 -0.07440127782200
 0.54335943908178 -0.07959129314982
 0.52761301555225 -0.08462424337938
 0.51183906676831 -0.08945755119345
 0.49605331654514 -0.09407640821183
 0.48027150046187 -0.09844382694435
 0.46450935017599 -0.10253158990767
 0.44878257774169 -0.10627430654893
 0.43310685994776 -0.10961415876660
 0.41749782269060 -0.11262294680107
 0.40197102539801 -0.11527544381239
 0.38654194551920 -0.11758879466312
 0.37122596309655 -0.11954857454253
 0.35603834543442 -0.12115365981201
 0.34099423188038 -0.12241029918023
 0.32610861873401 -0.12333115837710
 0.31139634429821 -0.12391271291447
 0.29687207408811 -0.12416645490921
 0.28255028621210 -0.12409855509096
 0.26844525693983 -0.12370574908727
 0.25457104647120 -0.12301190682935
 0.24094148492096 -0.12201382625607
 0.22757015853246 -0.12073051870103
 0.21447039613465 -0.11915097128746
 0.20165525585557 -0.11728514663489
 0.18913751210575 -0.11513838006077
 0.17692964284440 -0.11272221415359
 0.16504381714107 -0.11004077840901
 0.15349188304533 -0.10707509406720
 0.14228535577631 -0.10381677275885
 0.13143540624411 -0.10035420437251
 0.12095284991438 -0.09669519894930
 0.11084813602724 -0.09286062978386
 0.10113133718124 -0.08886620858764
 0.09181213929280 -0.08473378490146
 0.08289983194104 -0.08048988912803
 0.07440329910775 -0.07614145079310
 0.06633101032164 -0.07172112062340
 0.05869101221573 -0.06722816801289
 0.05149092050627 -0.06270464093264
 0.04473791240127 -0.05815801587979
 0.03843871944607 -0.05356361432057
 0.03259962081320 -0.04898636759578
 0.02722643704317 -0.04442891904243
 0.02232452424240 -0.03991174019219
 0.01789876874419 -0.03549698578966
 0.01395358223787 -0.03114151605491
 0.01049289737114 -0.02684558136865
 0.00752016382994 -0.02261460682739
 0.00503834489972 -0.01873894249726
 0.00304991451156 -0.01478309995667
 0.00155685477610 -0.01031275139575
 0.00056065400778 -0.00435517538588
 0.00006230524117 -0.00045247464997
 0.00000000000000  0.00000000000000
 0.00006230524117  0.00061556452082
 0.00056065400778  0.00513902111213
 0.00155685477610  0.01219021182814
 0.00304991451156  0.01733018114737
 0.00503834489972  0.02220065467830
 0.00752016382994  0.02708799597631
 0.01049289737114  0.03190170897601
 0.01395358223787  0.03690920642859
 0.01789876874419  0.04197306560972
 0.02232452424240  0.04705791509789
 0.02722643704317  0.05206602411429
 0.03259962081320  0.05701178712281
 0.03843871944607  0.06193425225303
 0.04473791240127  0.06681364443575
 0.05149092050627  0.07160297695940
 0.05869101221573  0.07629810779821
 0.06633101032164  0.08090575445996
 0.07440329910775  0.08540215020217
 0.08289983194104  0.08977371295024
 0.09181213929280  0.09400511861881
 0.10113133718124  0.09808161072568
 0.11084813602724  0.10198016026352
 0.12095284991438  0.10569683313085
 0.13143540624411  0.10921861359006
 0.14228535577631  0.11252967474355
 0.15349188304533  0.11560486781163
 0.16504381714107  0.11838158153308
 0.17692964284440  0.12087387044909
 0.18913751210575  0.12309193987524
 0.20165525585557  0.12503808618610
 0.21447039613465  0.12670742143408
 0.22757015853246  0.12810134570654
 0.24094148492096  0.12922647239458
 0.25457104647120  0.13008455717822
 0.26844525693983  0.13068048931460
 0.28255028621210  0.13099089362501
 0.29687207408811  0.13103576332322
 0.31139634429821  0.13082857778966
 0.32610861873401  0.13034907575441
 0.34099423188038  0.12964000054958
 0.35603834543442  0.12868975093595
 0.37122596309655  0.12751405029132
 0.38654194551920  0.12612643023323
 0.40197102539801  0.12454033019662
 0.41749782269060  0.12276417700499
 0.43310685994776  0.12080307902801
 0.44878257774169  0.11867724243353
 0.46450935017599  0.11645955958479
 0.48027150046187  0.11412129814430
 0.49605331654514  0.11161162781823
 0.51183906676831  0.10896268040162
 0.52761301555225  0.10619685004529
 0.54335943908178  0.10332749576835
 0.55906264097945  0.10036472314057
 0.57470696795213  0.09731516286621
 0.59027682539445  0.09419719060437
 0.60575669293391  0.09102655861856
 0.62113113990189  0.08780617521503
 0.63638484071530  0.08455499100361
 0.65150259015344  0.08129146902491
 0.66646931851488  0.07802268201053
 0.68127010663931  0.07477113164949
 0.69589020077925  0.07146731285356
 0.71031502730689  0.06818070887800
 0.72453020724146  0.06492328640393
 0.73852157058244  0.06170611859340
 0.75227517043459  0.05855046162015
 0.76577729691045  0.05545957754005
 0.77901449079672  0.05243786131487
 0.79197355697065  0.04957620943215
 0.80464157755326  0.04678016340914
 0.81700592478612  0.04405944408360
 0.82905427361902  0.04141345533594
 0.84077461399582  0.03884246226026
 0.85215526282634  0.03635545500914
 0.86318487563232  0.03395519129062
 0.87385245785585  0.03163926590099
 0.88414737581899  0.02941546990561
 0.89405936732360  0.02722242726222
 0.90357855188099  0.02514685100094
 0.91269544056099  0.02319425946095
 0.92140094545068  0.02135378690953
 0.92968638871346  0.01961021619826
 0.93754351123930  0.01796911763218
 0.94496448087759  0.01642755278260
 0.95194190024441  0.01497807090832
 0.95846881409639  0.01362291262750
 0.96453871626387  0.01236383928470
 0.97014555613634  0.01120207567311
 0.97528374469389  0.01013886974124
 0.97994816007843  0.00917495780345
 0.98413415269925  0.00831135991495
 0.98783754986789  0.00754671681648
 0.99105465995749  0.00688259863732
 0.99378227608276  0.00633938187915
 0.99601767929663  0.00590282160910
 0.99775864130055  0.00556998299972
 0.99900342666575  0.00537684149862
 0.99975079456309  0.00489779575808
 1.00000000000000  0.00001486847774
</coords>