<reference>
Airfoil "Interp_082758" created on 07-Dec-2021 09:39:54 for blade project exampleBladeYaml_numad
</reference>
<coords>
 1.00000000000000 -0.00000171402577
 0.99928079788954 -0.00005528682783
 0.99807862178708 -0.00017384664717
 0.99639431313122  0.00006755098285
 0.99422919413870  0.00023352300462
 0.99158506657529  0.00040811476381
 0.98846421004858  0.00067792753110
 0.98486937982440  0.00095290552636
 0.98080380416893  0.00124832276456
 0.97627118121919  0.00157054618823
 0.97127567538504  0.00191657795750
 0.96582191328617  0.00228360084597
 0.95991497922814  0.00266592497769
 0.95356041022203  0.00306362764973
 0.94676419055251  0.00347405978249
 0.93953274589984  0.00389461154459
 0.93187293702155  0.00431154731960
 0.92379205300020  0.00468853632738
 0.91529780406371  0.00498413386041
 0.90639831398568  0.00519047819458
 0.89710211207301  0.00528523349305
 0.88741812474890  0.00525252892216
 0.87735566673960  0.00509461164839
 0.86692443187365  0.00479223744398
 0.85613448350278  0.00433798300359
 0.84499624455390  0.00372390962704
 0.83352048722229  0.00292411291921
 0.82171832231601  0.00194096219580
 0.80960118826229  0.00076835927582
 0.79718083978672 -0.00060877368480
 0.78446933627667 -0.00220122412403
 0.77147902984027 -0.00402612358283
 0.75822255307314 -0.00607432450837
 0.74471280654475 -0.00832946829996
 0.73096294601707 -0.01080118951186
 0.71698636940815 -0.01349632039031
 0.70279670351357 -0.01640856848412
 0.68840779049909 -0.01953136286095
 0.67383367417784 -0.02285490472742
 0.65908858608574 -0.02630209830273
 0.64418693136902 -0.02991981438863
 0.62914327449792 -0.03369354331810
 0.61397232482073 -0.03759926925736
 0.59868892197258 -0.04159995514972
 0.58330802115355 -0.04568334375558
 0.56784467829066 -0.04977947357827
 0.55231403509864 -0.05385470472726
 0.53673130405419 -0.05788892648002
 0.52111175329892 -0.06183635670856
 0.50547069148572 -0.06568373156918
 0.48982345258392 -0.06937642889394
 0.47418538065819 -0.07281528376254
 0.45857181463639 -0.07544938456048
 0.44299807308157 -0.07806157472365
 0.42747943898326 -0.08045025759738
 0.41203114458316 -0.08256931502608
 0.39666835625041 -0.08439108879459
 0.38140615942142 -0.08592402420082
 0.36625954361938 -0.08717176225180
 0.35124338756818 -0.08811020026425
 0.33637244441580 -0.08875949107002
 0.32166132708168 -0.08912125016308
 0.30712449374277 -0.08918873981800
 0.29277623347269 -0.08899929034009
 0.27863065204831 -0.08855475269313
 0.26470165793784 -0.08785667471761
 0.25100294848452 -0.08694278006108
 0.23754799629945 -0.08581287212412
 0.22435003587732 -0.08446556244531
 0.21142205044826 -0.08293492891053
 0.19877675907895 -0.08122897991121
 0.18642660403577 -0.07933827239755
 0.17438373842268 -0.07727529208225
 0.16266001410610 -0.07507676562409
 0.15126696993870 -0.07273231193900
 0.14021582029409 -0.07027481449033
 0.12951744392352 -0.06772281801258
 0.11918237314598 -0.06506923429500
 0.10922078338223 -0.06233347106493
 0.09964248304330 -0.05951607150990
 0.09045690378359 -0.05664045807466
 0.08167309112813 -0.05371556584936
 0.07329969548343 -0.05074996096190
 0.06534496354083 -0.04776136643765
 0.05781673008102 -0.04476916477133
 0.05072241018772 -0.04176762666132
 0.04406899187837 -0.03875510688598
 0.03786302915929 -0.03575402661138
 0.03211063551188 -0.03277066257162
 0.02681747781683 -0.02981451930696
 0.02198877072191 -0.02689636514357
 0.01762927145931 -0.02398399556075
 0.01374327511751 -0.02115049822328
 0.01033461037246 -0.01835478435454
 0.00740663568224 -0.01567036923294
 0.00496223594913 -0.01313227113032
 0.00300381965224 -0.01020377890714
 0.00153331645377 -0.00611869796952
 0.00055217528105 -0.00222278751785
 0.00006136288644 -0.00029933516653
 0.00000000000000  0.00000000000000
 0.00024543642898  0.00093561130817
 0.00098150387760  0.00457263696662
 0.00220747707131  0.01001756171179
 0.00392214802019  0.01393926726856
 0.00612382721956  0.01743304868538
 0.00881034532924  0.02120437514878
 0.01197905532963  0.02502792957796
 0.01562683515265  0.02895404292867
 0.01975009078476  0.03292479622956
 0.02434475983902  0.03696140808325
 0.02940631559268  0.04103510373447
 0.03492977148619  0.04513849186987
 0.04090968607930  0.04924907202204
 0.04734016845906  0.05334813017610
 0.05421488409462  0.05742090720884
 0.06152706113279  0.06147707992622
 0.06926949712815  0.06549382238217
 0.07743456620113  0.06945451268676
 0.08601422661666  0.07334656709055
 0.09500002877608  0.07715165652377
 0.10438312361434  0.08087437117722
 0.11415427139388  0.08450887022877
 0.12430385088678  0.08801298829996
 0.13482186893575  0.09137272850888
 0.14569797038461  0.09459114029616
 0.15692144836824  0.09771252630217
 0.16848125495187  0.10055909986530
 0.18036601210907  0.10331660347624
 0.19256402302741  0.10584091922393
 0.20506328373074  0.10813707103779
 0.21785149500626  0.11024075265470
 0.23091607462471  0.11214437517517
 0.24424416984142  0.11372111511319
 0.25782267016572  0.11500361249604
 0.27163822038613  0.11601259124772
 0.28567723383820  0.11679439945003
 0.29992590590194  0.11726930944852
 0.31437022771519  0.11740111945815
 0.32899600008955  0.11727011784580
 0.34378884761477  0.11680274751453
 0.35873423293763  0.11613378426668
 0.37381747120120  0.11519551722812
 0.38902374462984  0.11401882011403
 0.40433811724575  0.11262283610250
 0.41974554970214  0.11111678287194
 0.43523091421832  0.10938143013239
 0.45077900960198  0.10756617039057
 0.46637457634345  0.10572196915575
 0.48200231176715  0.10367359400749
 0.49764688522498  0.10113821646132
 0.51329295331655  0.09854522334709
 0.52892517512119  0.09579070661541
 0.54452822742642  0.09294153120613
 0.56008681993787  0.09001117596979
 0.57558571045537  0.08698915852395
 0.59100972000016  0.08389845919084
 0.60634374787822  0.08074678369039
 0.62157278666457  0.07752715572833
 0.63668193709377  0.07431035784276
 0.65165642284168  0.07106857513101
 0.66648160518390  0.06782866132144
 0.68114299751607  0.06464039493966
 0.69562627972188  0.06150212047073
 0.70991731237415  0.05842922290210
 0.72400215075516  0.05538533519830
 0.73786705868202  0.05238514456180
 0.75149852212350  0.04946309522258
 0.76488326259459  0.04661034642602
 0.77800825031566  0.04383067910337
 0.79086071712293  0.04113103636346
 0.80342816911756  0.03851706963313
 0.81569839904062  0.03599317385914
 0.82765949836176  0.03355624419030
 0.83929986906946  0.03120495440378
 0.85060823515117  0.02893016935983
 0.86157365375189  0.02673496368865
 0.87218552600012  0.02464872681372
 0.88243360749039  0.02264924867389
 0.89230801841190  0.02073379065602
 0.90179925331328  0.01891874362996
 0.91089819049371  0.01718730758826
 0.91959610101107  0.01554882845385
 0.92788465729808  0.01400279090661
 0.93575594137804  0.01253934087539
 0.94320245267182  0.01117757981180
 0.95021711538848  0.00990771408009
 0.95679328549206  0.00871868607738
 0.96292475723768  0.00761472393264
 0.96860576927047  0.00659566214629
 0.97383101028121  0.00566155151797
 0.97859562421315  0.00481183123307
 0.98289521501473  0.00404585372152
 0.98672585093361  0.00336364973036
 0.99008406834763  0.00276555418299
 0.99296687512903  0.00225024569829
 0.99537175353844  0.00181431048623
 0.99729666264595  0.00145571919749
 0.99874004027676  0.00117559430027
 0.99970080447950  0.00096751128137
</coords>