<reference>
Airfoil "Interp_058319" created on 31-Oct-2019 15:10:14 for blade project BAR008_numad
</reference>
<coords>
 1.00000000000000  0.00000000000000
 1.00000000000000 -0.00699087057738
 0.98421375798636 -0.00423239580130
 0.96843145023519 -0.00184428140048
 0.95265701002844 -0.00000727997348
 0.93689436868733  0.00129233657131
 0.92114745459252  0.00207315397733
 0.90542019220516  0.00233414143320
 0.88971650108872  0.00206801839205
 0.87404029493228  0.00128798617930
 0.85839548057505  0.00003825502201
 0.84278595703275 -0.00164857432653
 0.82721561452590 -0.00375140999674
 0.81168833351028 -0.00625910446281
 0.79620798370985 -0.00916181527419
 0.78077842315231 -0.01246833376859
 0.76540349720763 -0.01617590136168
 0.75008703762969 -0.02025267566345
 0.73483286160132 -0.02464927750517
 0.71964477078299 -0.02931287070233
 0.70452655036533 -0.03421582558631
 0.68948196812583 -0.03939138785860
 0.67451477348979 -0.04475824988773
 0.65962869659589 -0.05022172334200
 0.64482744736657 -0.05574586026351
 0.63011471458345 -0.06129889394094
 0.61549416496799 -0.06683645735495
 0.60096944226766 -0.07232027978898
 0.58654416634787 -0.07771109066489
 0.57222193228979 -0.08298285222379
 0.55800630949442 -0.08808814339122
 0.54390084079298 -0.09302930856643
 0.52990904156400 -0.09775815675236
 0.51603439885716 -0.10227272938256
 0.50228037052432 -0.10654685967601
 0.48865038435767 -0.11058554199522
 0.47514783723553 -0.11436520265177
 0.46177609427571 -0.11787514410395
 0.44853848799689 -0.12112749056284
 0.43543831748808 -0.12410877648110
 0.42247884758641 -0.12683701112839
 0.40966330806347 -0.12929981429086
 0.39699489282039 -0.13150249911967
 0.38447675909182 -0.13344837046032
 0.37211202665914 -0.13514695162211
 0.35990377707289 -0.13659053329431
 0.34785505288481 -0.13778846782233
 0.33596885688957 -0.13874885588680
 0.32424815137639 -0.13947463756216
 0.31269585739082 -0.13997531705464
 0.30131485400669 -0.14025522172140
 0.29010797760867 -0.14031907196364
 0.27907802118528 -0.14016987237804
 0.26822773363292 -0.13980565288150
 0.25755981907072 -0.13925020784493
 0.24707693616662 -0.13849902033453
 0.23678169747483 -0.13755767510298
 0.22667666878466 -0.13643056475886
 0.21676436848111 -0.13512349569404
 0.20704726691722 -0.13364000075921
 0.19752778579842 -0.13198842336638
 0.18820829757898 -0.13016807121525
 0.17909112487074 -0.12819233116790
 0.17017853986427 -0.12606370079879
 0.16147276376262 -0.12377501791531
 0.15297596622770 -0.12134666404935
 0.14469026483959 -0.11878807751939
 0.13661772456878 -0.11610117956799
 0.12876035726154 -0.11328807164733
 0.12112012113854 -0.11036201980258
 0.11369892030679 -0.10733177183511
 0.10649860428513 -0.10420186628653
 0.09952096754325 -0.10097489988878
 0.09276774905452 -0.09766893587138
 0.08624063186256 -0.09429395517569
 0.07994124266183 -0.09084852170730
 0.07387115139216 -0.08734946139428
 0.06803187084757 -0.08380487591745
 0.06242485629917 -0.08021165216301
 0.05705150513256 -0.07658549667915
 0.05191315649949 -0.07294036106193
 0.04701109098416 -0.06927426712104
 0.04234653028407 -0.06559199186453
 0.03792063690554 -0.06190405556406
 0.03373451387398 -0.05821851487110
 0.02978920445901 -0.05453909098147
 0.02608569191446 -0.05086559448930
 0.02262489923329 -0.04720438082631
 0.01940768891760 -0.04357642832349
 0.01643486276363 -0.04000722417030
 0.01370716166200 -0.03645156221983
 0.01122526541300 -0.03290769079964
 0.00898979255721 -0.02938245036600
 0.00700130022133 -0.02588721159038
 0.00526028397934 -0.02243932994587
 0.00376717772899 -0.01904569130831
 0.00252235358366 -0.01564243598648
 0.00152612177962 -0.01238543742130
 0.00077873059872 -0.00906714698418
 0.00028036630652 -0.00558863824554
 0.00003115310584 -0.00191114095712
 0.00000000000000  0.00000000000000
 0.00003115310584  0.00190383648903
 0.00028036630652  0.00571076063896
 0.00077873059872  0.00944703527929
 0.00152612177962  0.01317036231816
 0.00252235358366  0.01691731521148
 0.00376717772899  0.02057142170770
 0.00526028397934  0.02436261656624
 0.00700130022133  0.02816557386003
 0.00898979255721  0.03198766817245
 0.01122526541300  0.03583074726699
 0.01370716166200  0.03969197205836
 0.01643486276363  0.04355979312047
 0.01940768891760  0.04742803959828
 0.02262489923329  0.05125463595049
 0.02608569191446  0.05505619815618
 0.02978920445901  0.05883799379392
 0.03373451387398  0.06260633012208
 0.03792063690554  0.06636123813440
 0.04234653028407  0.07009268714589
 0.04701109098416  0.07379264874189
 0.05191315649949  0.07745498498019
 0.05705150513256  0.08107072798093
 0.06242485629917  0.08463377689461
 0.06803187084757  0.08814154493477
 0.07387115139216  0.09158928585101
 0.07994124266183  0.09497086807266
 0.08624063186256  0.09827287500462
 0.09276774905452  0.10148937754609
 0.09952096754325  0.10462216642596
 0.10649860428513  0.10765046815376
 0.11369892030679  0.11056725239525
 0.12112012113854  0.11337948162278
 0.12876035726154  0.11607126224524
 0.13661772456878  0.11864075099461
 0.14469026483959  0.12108201332007
 0.15297596622770  0.12338006098965
 0.16147276376262  0.12554267463828
 0.17017853986427  0.12756317333509
 0.17909112487074  0.12942622022168
 0.18820829757898  0.13113176713167
 0.19752778579842  0.13267595712139
 0.20704726691722  0.13406378942062
 0.21676436848111  0.13528292931860
 0.22667666878466  0.13633517056998
 0.23678169747483  0.13723009621184
 0.24707693616662  0.13795765812869
 0.25755981907072  0.13853130963918
 0.26822773363292  0.13894012086233
 0.27907802118528  0.13917656896764
 0.29010797760867  0.13925235660779
 0.30131485400669  0.13916006430227
 0.31269585739082  0.13891230439229
 0.32424815137639  0.13849626216686
 0.33596885688957  0.13794536541212
 0.34785505288481  0.13723183801285
 0.35990377707289  0.13636752438125
 0.37211202665914  0.13535421378387
 0.38447675909182  0.13420113487580
 0.39699489282039  0.13290013028541
 0.40966330806347  0.13146199548022
 0.42247884758641  0.12988330277719
 0.43543831748808  0.12817789680648
 0.44853848799689  0.12634489966968
 0.46177609427571  0.12438549272551
 0.47514783723553  0.12230147834288
 0.48865038435767  0.12008865295063
 0.50228037052432  0.11776575165843
 0.51603439885716  0.11532517229986
 0.52990904156400  0.11279579798068
 0.54390084079298  0.11016236094494
 0.55800630949442  0.10744128124514
 0.57222193228979  0.10462470737657
 0.58654416634787  0.10171728661716
 0.60096944226766  0.09873336938632
 0.61549416496799  0.09567408123795
 0.63011471458345  0.09253883563505
 0.64482744736657  0.08934010000423
 0.65962869659589  0.08607821356493
 0.67451477348979  0.08276452744541
 0.68948196812583  0.07940897471940
 0.70452655036533  0.07600443391221
 0.71964477078299  0.07246296101281
 0.73483286160132  0.06888464269575
 0.75008703762969  0.06527433376483
 0.76540349720763  0.06162140361056
 0.78077842315231  0.05793819526640
 0.79620798370985  0.05425627624975
 0.81168833351028  0.05056986312250
 0.82721561452590  0.04687450654078
 0.84278595703275  0.04318548339927
 0.85839548057505  0.03949794610456
 0.87404029493228  0.03582771118603
 0.88971650108872  0.03217528107860
 0.90542019220516  0.02854562913472
 0.92114745459252  0.02495156069437
 0.93689436868733  0.02140068070632
 0.95265701002844  0.01788570668152
 0.96843145023519  0.01439097185150
 0.98421375798636  0.01086126888346
 1.00000000000000  0.00736675891770
</coords>