<reference>
Airfoil "Interp_037931" created on 07-Dec-2021 09:39:54 for blade project exampleBladeYaml_numad
</reference>
<coords>
 1.00000000000000  0.00000000000000
 1.00000000000000 -0.00005977177828
 0.99975079456309 -0.00171448387208
 0.99900342666575 -0.00785814466579
 0.99775864130055 -0.00740783997785
 0.99601767929663 -0.00693994208974
 0.99378227608276 -0.00641388593480
 0.99105465995749 -0.00583529844241
 0.98783754986789 -0.00521486669238
 0.98413415269925 -0.00455310010196
 0.97994816007843 -0.00385206251129
 0.97528374469389 -0.00312422744671
 0.97014555613634 -0.00238223544489
 0.96453871626387 -0.00163991143933
 0.95846881409639 -0.00091321924346
 0.95194190024441 -0.00021538713583
 0.94496448087759  0.00044111205845
 0.93754351123930  0.00100987931940
 0.92968638871346  0.00146515612510
 0.92140094545068  0.00180516996115
 0.91269544056099  0.00200525916412
 0.90357855188099  0.00206298194736
 0.89405936732360  0.00201016303097
 0.88414737581899  0.00181897674287
 0.87385245785585  0.00119441784556
 0.86318487563232  0.00032179491511
 0.85215526282634 -0.00080983093815
 0.84077461399582 -0.00221306934174
 0.82905427361902 -0.00390375922164
 0.81700592478612 -0.00589418249103
 0.80464157755326 -0.00819772155369
 0.79197355697065 -0.01083019481032
 0.77901449079672 -0.01381822840269
 0.76577729691045 -0.01709244736055
 0.75227517043459 -0.02071573598215
 0.73852157058244 -0.02466758093839
 0.72453020724146 -0.02893355695191
 0.71031502730689 -0.03350400797865
 0.69589020077925 -0.03836408642063
 0.68127010663931 -0.04349043743956
 0.66646931851488 -0.04886026386486
 0.65150259015344 -0.05441768430095
 0.63638484071530 -0.06012198837824
 0.62113113990189 -0.06593145109857
 0.60575669293391 -0.07179903457317
 0.59027682539445 -0.07767388372394
 0.57470696795213 -0.08350893202380
 0.55906264097945 -0.08926560529126
 0.54335943908178 -0.09490299261328
 0.52761301555225 -0.10037712697540
 0.51183906676831 -0.10566352179603
 0.49605331654514 -0.11074489753934
 0.48027150046187 -0.11560441907972
 0.46450935017599 -0.12022940895329
 0.44878257774169 -0.12447819641489
 0.43310685994776 -0.12821680132644
 0.41749782269060 -0.13162328224918
 0.40197102539801 -0.13468436476994
 0.38654194551920 -0.13739125727232
 0.37122596309655 -0.13975459122095
 0.35603834543442 -0.14176064931915
 0.34099423188038 -0.14341628348927
 0.32610861873401 -0.14472082675738
 0.31139634429821 -0.14568460897505
 0.29687207408811 -0.14630902095924
 0.28255028621210 -0.14659746424086
 0.26844525693983 -0.14654903629383
 0.25457104647120 -0.14616367925293
 0.24094148492096 -0.14546055854016
 0.22757015853246 -0.14442291089227
 0.21447039613465 -0.14305537504156
 0.20165525585557 -0.14135618747436
 0.18913751210575 -0.13932013526529
 0.17692964284440 -0.13695201182512
 0.16504381714107 -0.13424579712068
 0.15349188304533 -0.13112563228720
 0.14228535577631 -0.12754839992414
 0.13143540624411 -0.12370196057694
 0.12095284991438 -0.11960027069603
 0.11084813602724 -0.11526894295665
 0.10113133718124 -0.11071374878569
 0.09181213929280 -0.10596410550977
 0.08289983194104 -0.10104092145962
 0.07440329910775 -0.09596132133209
 0.06633101032164 -0.09075510405736
 0.05869101221573 -0.08542925981900
 0.05149092050627 -0.08002261720704
 0.04473791240127 -0.07451676093161
 0.03843871944607 -0.06883776641640
 0.03259962081320 -0.06315240389233
 0.02722643704317 -0.05747089324473
 0.02232452424240 -0.05179387698948
 0.01789876874419 -0.04612111225945
 0.01395358223787 -0.04052650099041
 0.01049289737114 -0.03503883463031
 0.00752016382994 -0.02971935637876
 0.00503834489972 -0.02455762354318
 0.00304991451156 -0.01916326821174
 0.00155685477610 -0.01395782038831
 0.00056065400778 -0.00717487940373
 0.00006230524117 -0.00082505946466
 0.00000000000000  0.00000000000000
 0.00006230524117  0.00081101544398
 0.00056065400778  0.00753275284874
 0.00155685477610  0.01477080818169
 0.00304991451156  0.02042075196495
 0.00503834489972  0.02633106733649
 0.00752016382994  0.03184136734846
 0.01049289737114  0.03742016784679
 0.01395358223787  0.04322576186535
 0.01789876874419  0.04916318548460
 0.02232452424240  0.05511014906042
 0.02722643704317  0.06097997567406
 0.03259962081320  0.06675953322262
 0.03843871944607  0.07246057287890
 0.04473791240127  0.07810263528376
 0.05149092050627  0.08359683152119
 0.05869101221573  0.08894686252196
 0.06633101032164  0.09415242961699
 0.07440329910775  0.09920805397789
 0.08289983194104  0.10409704259285
 0.09181213929280  0.10878737989214
 0.10113133718124  0.11327548239847
 0.11084813602724  0.11752708518367
 0.12095284991438  0.12154026371350
 0.13143540624411  0.12529444167011
 0.14228535577631  0.12878429720997
 0.15349188304533  0.13198936195574
 0.16504381714107  0.13472399298651
 0.17692964284440  0.13704545344097
 0.18913751210575  0.13902432062164
 0.20165525585557  0.14067266168063
 0.21447039613465  0.14199387509275
 0.22757015853246  0.14299827151553
 0.24094148492096  0.14371026664378
 0.25457104647120  0.14414146984759
 0.26844525693983  0.14430139072380
 0.28255028621210  0.14418314224063
 0.29687207408811  0.14382352723092
 0.31139634429821  0.14320880269029
 0.32610861873401  0.14235879528639
 0.34099423188038  0.14129708744752
 0.35603834543442  0.14002186100769
 0.37122596309655  0.13853753185146
 0.38654194551920  0.13686611992118
 0.40197102539801  0.13500401550045
 0.41749782269060  0.13296352554712
 0.43310685994776  0.13076231038509
 0.44878257774169  0.12840744022534
 0.46450935017599  0.12609248470432
 0.48027150046187  0.12369027256767
 0.49605331654514  0.12110051099512
 0.51183906676831  0.11834472220934
 0.52761301555225  0.11545928320387
 0.54335943908178  0.11247325015470
 0.55906264097945  0.10939451352754
 0.57470696795213  0.10622597888738
 0.59027682539445  0.10298780168411
 0.60575669293391  0.09969625747412
 0.62113113990189  0.09635469818060
 0.63638484071530  0.09297797507093
 0.65150259015344  0.08958134740722
 0.66646931851488  0.08616762664117
 0.68127010663931  0.08274656508551
 0.69589020077925  0.07932535671419
 0.71031502730689  0.07591664040030
 0.72453020724146  0.07252303098812
 0.73852157058244  0.06916139664106
 0.75227517043459  0.06584543570149
 0.76577729691045  0.06257938474919
 0.77901449079672  0.05937118163564
 0.79197355697065  0.05630868970500
 0.80464157755326  0.05331577265861
 0.81700592478612  0.05038753725427
 0.82905427361902  0.04753226944097
 0.84077461399582  0.04475796313106
 0.85215526282634  0.04206346211971
 0.86318487563232  0.03945874886343
 0.87385245785585  0.03694517146432
 0.88414737581899  0.03452548974740
 0.89405936732360  0.03201078542291
 0.90357855188099  0.02968083767164
 0.91269544056099  0.02752813716927
 0.92140094545068  0.02550500026126
 0.92968638871346  0.02360150007066
 0.93754351123930  0.02181262600447
 0.94496448087759  0.02013254103939
 0.95194190024441  0.01855729113215
 0.95846881409639  0.01708776266691
 0.96453871626387  0.01572557809713
 0.97014555613634  0.01447275518912
 0.97528374469389  0.01333088229958
 0.97994816007843  0.01230041142885
 0.98413415269925  0.01138664820380
 0.98783754986789  0.01058576280509
 0.99105465995749  0.00988784687504
 0.99378227608276  0.00931949943085
 0.99601767929663  0.00884204707542
 0.99775864130055  0.00845576004621
 0.99900342666575  0.00833610377175
 0.99975079456309  0.00810704214001
 1.00000000000000  0.00005977177828
</coords>