<reference>
Airfoil "Interp_029632" created on 31-Oct-2019 15:10:14 for blade project BAR008_numad
</reference>
<coords>
 1.00000000000000  0.00000000000000
 1.00000000000000 -0.01389916853026
 0.98421375798636 -0.00949427942074
 0.96843145023519 -0.00619441367640
 0.95265701002844 -0.00418031786097
 0.93689436868733 -0.00314494543772
 0.92114745459252 -0.00283655450751
 0.90542019220516 -0.00321093963285
 0.88971650108872 -0.00423955045307
 0.87404029493228 -0.00591455244143
 0.85839548057505 -0.00820315141906
 0.84278595703275 -0.01106953291710
 0.82721561452590 -0.01446138354369
 0.81168833351028 -0.01832802298341
 0.79620798370985 -0.02258697042403
 0.78077842315231 -0.02724759720393
 0.76540349720763 -0.03224893636495
 0.75008703762969 -0.03759017937763
 0.73483286160132 -0.04323808272150
 0.71964477078299 -0.04913131587136
 0.70452655036533 -0.05521883911441
 0.68948196812583 -0.06145884661697
 0.67451477348979 -0.06779978323072
 0.65962869659589 -0.07417636101246
 0.64482744736657 -0.08055472597354
 0.63011471458345 -0.08689091404045
 0.61549416496799 -0.09314343267244
 0.60096944226766 -0.09928210628670
 0.58654416634787 -0.10527213309227
 0.57222193228979 -0.11110310292184
 0.55800630949442 -0.11675422561945
 0.54390084079298 -0.12219528847229
 0.52990904156400 -0.12742005699791
 0.51603439885716 -0.13241816014310
 0.50228037052432 -0.13718405106034
 0.48865038435767 -0.14170734961347
 0.47514783723553 -0.14597804528945
 0.46177609427571 -0.14999705441974
 0.44853848799689 -0.15374035319796
 0.43543831748808 -0.15720935398045
 0.42247884758641 -0.16037752724701
 0.40966330806347 -0.16325841747750
 0.39699489282039 -0.16584517821316
 0.38447675909182 -0.16816283425866
 0.37211202665914 -0.17020852629965
 0.35990377707289 -0.17198610852674
 0.34785505288481 -0.17350900431998
 0.33596885688957 -0.17477568856873
 0.32424815137639 -0.17579553863775
 0.31269585739082 -0.17657274195064
 0.30131485400669 -0.17711291894392
 0.29010797760867 -0.17742254178665
 0.27907802118528 -0.17750303345386
 0.26822773363292 -0.17735223203598
 0.25755981907072 -0.17698630865876
 0.24707693616662 -0.17640922068485
 0.23678169747483 -0.17562686692816
 0.22667666878466 -0.17463807023615
 0.21676436848111 -0.17346186626369
 0.20704726691722 -0.17209124578148
 0.19752778579842 -0.17054544018196
 0.18820829757898 -0.16882680598360
 0.17909112487074 -0.16693571842281
 0.17017853986427 -0.16488769412806
 0.16147276376262 -0.16269144432155
 0.15297596622770 -0.16032947906900
 0.14469026483959 -0.15781190826156
 0.13661772456878 -0.15515025640331
 0.12876035726154 -0.15234483104544
 0.12112012113854 -0.14939333143540
 0.11369892030679 -0.14631552336752
 0.10649860428513 -0.14311347440124
 0.09952096754325 -0.13978077091120
 0.09276774905452 -0.13632155757393
 0.08624063186256 -0.13273292666144
 0.07994124266183 -0.12901299543449
 0.07387115139216 -0.12516734893494
 0.06803187084757 -0.12119464115640
 0.06242485629917 -0.11709358437584
 0.05705150513256 -0.11287319982480
 0.05191315649949 -0.10854037599799
 0.04701109098416 -0.10410008668022
 0.04234653028407 -0.09956557048180
 0.03792063690554 -0.09494603859957
 0.03373451387398 -0.09023210314594
 0.02978920445901 -0.08541386388881
 0.02608569191446 -0.08048464771658
 0.02262489923329 -0.07543296377185
 0.01940768891760 -0.07024556732102
 0.01643486276363 -0.06495997131423
 0.01370716166200 -0.05964441239337
 0.01122526541300 -0.05433765441342
 0.00898979255721 -0.04904829872180
 0.00700130022133 -0.04368088299237
 0.00526028397934 -0.03806462602719
 0.00376717772899 -0.03191591373101
 0.00252235358366 -0.02489048971970
 0.00152612177962 -0.01780526328462
 0.00077873059872 -0.01155804933753
 0.00028036630652 -0.00640155825568
 0.00003115310584 -0.00199206827353
 0.00000000000000  0.00000000000000
 0.00003115310584  0.00201878396700
 0.00028036630652  0.00630757041142
 0.00077873059872  0.01121149539627
 0.00152612177962  0.01712771040514
 0.00252235358366  0.02459408683458
 0.00376717772899  0.03307835675662
 0.00526028397934  0.04015993779896
 0.00700130022133  0.04624919440126
 0.00898979255721  0.05187101028002
 0.01122526541300  0.05741356961193
 0.01370716166200  0.06300982963759
 0.01643486276363  0.06863536282497
 0.01940768891760  0.07422735681302
 0.02262489923329  0.07971722834882
 0.02608569191446  0.08510611219955
 0.02978920445901  0.09040740907592
 0.03373451387398  0.09560953650484
 0.03792063690554  0.10070787301593
 0.04234653028407  0.10571017998455
 0.04701109098416  0.11060323556266
 0.05191315649949  0.11536750123150
 0.05705150513256  0.12000850515122
 0.06242485629917  0.12452141137713
 0.06803187084757  0.12888334934878
 0.07387115139216  0.13309272138373
 0.07994124266183  0.13715732177968
 0.08624063186256  0.14108146119800
 0.09276774905452  0.14485036067055
 0.09952096754325  0.14844782464389
 0.10649860428513  0.15187956907879
 0.11369892030679  0.15515106109099
 0.12112012113854  0.15826108384819
 0.12876035726154  0.16120163161112
 0.13661772456878  0.16397179893992
 0.14469026483959  0.16656269481062
 0.15297596622770  0.16896314164348
 0.16147276376262  0.17117342368631
 0.17017853986427  0.17319005595530
 0.17909112487074  0.17501435732953
 0.18820829757898  0.17664292276093
 0.19752778579842  0.17806828821078
 0.20704726691722  0.17929327410250
 0.21676436848111  0.18031766238215
 0.22667666878466  0.18115215748425
 0.23678169747483  0.18179469832173
 0.24707693616662  0.18224648991476
 0.25755981907072  0.18250966031130
 0.26822773363292  0.18258202595863
 0.27907802118528  0.18245993073679
 0.29010797760867  0.18215315223953
 0.30131485400669  0.18167232132725
 0.31269585739082  0.18101014733844
 0.32424815137639  0.18016566804592
 0.33596885688957  0.17913408190226
 0.34785505288481  0.17792641887813
 0.35990377707289  0.17655793498346
 0.37211202665914  0.17501315219166
 0.38447675909182  0.17330384293202
 0.39699489282039  0.17142756039290
 0.40966330806347  0.16938381097040
 0.42247884758641  0.16719313719479
 0.43543831748808  0.16484465227414
 0.44853848799689  0.16235653466224
 0.46177609427571  0.15972491767920
 0.47514783723553  0.15695632603610
 0.48865038435767  0.15405029216278
 0.50228037052432  0.15102908968236
 0.51603439885716  0.14788617243500
 0.52990904156400  0.14462705852470
 0.54390084079298  0.14127149060545
 0.55800630949442  0.13781657651358
 0.57222193228979  0.13426235089806
 0.58654416634787  0.13061561359385
 0.60096944226766  0.12689750357320
 0.61549416496799  0.12309485544000
 0.63011471458345  0.11921532393887
 0.64482744736657  0.11526970798406
 0.65962869659589  0.11126439077874
 0.67451477348979  0.10720049267423
 0.68948196812583  0.10308919104463
 0.70452655036533  0.09891599126107
 0.71964477078299  0.09470407210081
 0.73483286160132  0.09044343070984
 0.75008703762969  0.08613676306311
 0.76540349720763  0.08181153979870
 0.78077842315231  0.07744356743474
 0.79620798370985  0.07304981779085
 0.81168833351028  0.06863402072686
 0.82721561452590  0.06420452886469
 0.84278595703275  0.05975524127661
 0.85839548057505  0.05530614868982
 0.87404029493228  0.05085212783945
 0.88971650108872  0.04639362098033
 0.90542019220516  0.04194284365314
 0.92114745459252  0.03751677136773
 0.93689436868733  0.03311861464828
 0.95265701002844  0.02869802544121
 0.96843145023519  0.02422742161663
 0.98421375798636  0.01966016311914
 1.00000000000000  0.01499854035998
</coords>