<reference>
Airfoil "Interp_027586" created on 07-Dec-2021 09:39:54 for blade project exampleBladeYaml_numad
</reference>
<coords>
 1.00000000000000  0.00000000000000
 1.00000000000000 -0.00514628546683
 0.98679381449281 -0.00190143185955
 0.97350818583500 -0.00362722773658
 0.96014651786608 -0.00362641322218
 0.94671229512825 -0.00352194939232
 0.93320908184397 -0.00378477366591
 0.91964052081219 -0.00353144105425
 0.90601033222389 -0.00381251322430
 0.89232231239738 -0.00454815004199
 0.87858033243403 -0.00577076546198
 0.86478833679525 -0.00744852197423
 0.85095034180140 -0.00956286446167
 0.83707043405364 -0.01206349904507
 0.82315276877957 -0.01492139082931
 0.80920156810384 -0.01811142589556
 0.79522111924475 -0.02162770114340
 0.78121577263805 -0.02547035382819
 0.76718993998929 -0.02961724796162
 0.75314809225595 -0.03403090867236
 0.73909475756089 -0.03866959714832
 0.72503451903847 -0.04350518900357
 0.71097201261509 -0.04851626045503
 0.69691192472552 -0.05337748765470
 0.68285898996699 -0.05818846252998
 0.66881798869260 -0.06320116782392
 0.65479374454593 -0.06833921353697
 0.64079112193878 -0.07354325167037
 0.62681502347395 -0.07877047491533
 0.61287038731501 -0.08399501265081
 0.59896218450522 -0.08918229171713
 0.58509541623763 -0.09432300038332
 0.57127511107864 -0.09941298785437
 0.55750632214700 -0.10445103478854
 0.54379412425086 -0.10938120463403
 0.53014361098485 -0.11420060113002
 0.51655989178980 -0.11892742456497
 0.50304808897727 -0.12349414919210
 0.48961333472159 -0.12791314196072
 0.47626076802162 -0.13219972101497
 0.46299553163497 -0.13619678267562
 0.44982276898702 -0.13996055158527
 0.43674762105748 -0.14352389309700
 0.42377522324701 -0.14688889446695
 0.41091070222652 -0.15004485608375
 0.39815917277187 -0.15299026256795
 0.38552573458651 -0.15572472590435
 0.37301546911492 -0.15822425494443
 0.36063343634940 -0.16049678987048
 0.34838467163305 -0.16253619146870
 0.33627418246151 -0.16434068949582
 0.32430694528642 -0.16590689458270
 0.31248790232310 -0.16720180739330
 0.30082195836536 -0.16824898316353
 0.28931397761012 -0.16918074641056
 0.27796878049454 -0.16994190635103
 0.26679114054851 -0.17040474442967
 0.25578578126504 -0.17059500405878
 0.24495737299152 -0.17052195681760
 0.23431052984421 -0.17021624684864
 0.22384980664904 -0.16968133866383
 0.21357969591104 -0.16890571558144
 0.20350462481523 -0.16790857493356
 0.19362895226156 -0.16670144999122
 0.18395696593648 -0.16526816874173
 0.17449287942368 -0.16363111813121
 0.16524082935662 -0.16177785927157
 0.15620487261522 -0.15970859197756
 0.14738898356933 -0.15743651105994
 0.13879705137124 -0.15495755181566
 0.13043287729981 -0.15227622170516
 0.12230017215836 -0.14940792690408
 0.11440255372875 -0.14632920353326
 0.10674354428388 -0.14306207588023
 0.09932656816081 -0.13960451925314
 0.09215494939655 -0.13590368471146
 0.08523190942881 -0.13192425271941
 0.07856056486356 -0.12778937399458
 0.07214392531150 -0.12350597926937
 0.06598489129532 -0.11906655698567
 0.06008625222958 -0.11449682834550
 0.05445068447508 -0.10979975233253
 0.04908074946939 -0.10497758470549
 0.04397889193522 -0.10007464089687
 0.03914743816825 -0.09505001429380
 0.03458859440590 -0.08990747036562
 0.03030444527855 -0.08464173249565
 0.02629695234454 -0.07923067958209
 0.02256795271030 -0.07367909637371
 0.01911915773680 -0.06805660102754
 0.01595215183354 -0.06241482416261
 0.01306839134104 -0.05674543581894
 0.01046920350302 -0.05110452955700
 0.00815578552893 -0.04538535009454
 0.00612920374796 -0.03956778443153
 0.00439039285503 -0.03341622933294
 0.00294015524958 -0.02645417325932
 0.00177916046773 -0.01962407734080
 0.00090794470830 -0.01307818102006
 0.00032691045307 -0.00540299477248
 0.00003632618174 -0.00076040240952
 0.00000000000000  0.00000000000000
 0.00003632618174  0.00068688671157
 0.00032691045307  0.00493276769200
 0.00090794470830  0.01181385161252
 0.00177916046773  0.01830694780322
 0.00294015524958  0.02535684309421
 0.00439039285503  0.03355705157005
 0.00612920374796  0.04058689321014
 0.00815578552893  0.04697577513524
 0.01046920350302  0.05292665994869
 0.01306839134104  0.05883599563343
 0.01595215183354  0.06476282014001
 0.01911915773680  0.07069267680074
 0.02256795271030  0.07659998193573
 0.02629695234454  0.08240091977280
 0.03030444527855  0.08800891694742
 0.03458859440590  0.09352090484887
 0.03914743816825  0.09893052650336
 0.04397889193522  0.10423011656682
 0.04908074946939  0.10943348117638
 0.05445068447508  0.11448611046254
 0.06008625222958  0.11940380706593
 0.06598489129532  0.12417167828774
 0.07214392531150  0.12877884511543
 0.07856056486356  0.13322104638605
 0.08523190942881  0.13747774751311
 0.09215494939655  0.14155493550525
 0.09932656816081  0.14535890479001
 0.10674354428388  0.14889982973098
 0.11440255372875  0.15219384030288
 0.12230017215836  0.15524880134826
 0.13043287729981  0.15808226056693
 0.13879705137124  0.16067928161100
 0.14738898356933  0.16305068052519
 0.15620487261522  0.16519213999579
 0.16524082935662  0.16710010719152
 0.17449287942368  0.16877411589918
 0.18395696593648  0.17021985592665
 0.19362895226156  0.17141523441718
 0.20350462481523  0.17240130555013
 0.21357969591104  0.17316507171942
 0.22384980664904  0.17370545223307
 0.23431052984421  0.17403964418447
 0.24495737299152  0.17416431680131
 0.25578578126504  0.17409075129492
 0.26679114054851  0.17383298241327
 0.27796878049454  0.17341504731431
 0.28931397761012  0.17287041983512
 0.30082195836536  0.17204728710369
 0.31248790232310  0.17093322031748
 0.32430694528642  0.16966306758507
 0.33627418246151  0.16822385623139
 0.34838467163305  0.16663009000837
 0.36063343634940  0.16488008599514
 0.37301546911492  0.16297691585782
 0.38552573458651  0.16093028127553
 0.39815917277187  0.15873782740891
 0.41091070222652  0.15641522005732
 0.42377522324701  0.15396589982975
 0.43674762105748  0.15138701643681
 0.44982276898702  0.14868659157948
 0.46299553163497  0.14587713941518
 0.47626076802162  0.14299769993882
 0.48961333472159  0.14012624932632
 0.50304808897727  0.13714542699056
 0.51655989178980  0.13407702992072
 0.53014361098485  0.13095426259738
 0.54379412425086  0.12775270939862
 0.55750632214700  0.12448564655733
 0.57127511107864  0.12117446515299
 0.58509541623763  0.11780316714520
 0.59896218450522  0.11437014406764
 0.61287038731501  0.11086723480227
 0.62681502347395  0.10733634325822
 0.64079112193878  0.10375578223810
 0.65479374454593  0.10010345677282
 0.66881798869260  0.09638083790767
 0.68285898996699  0.09257415395256
 0.69691192472552  0.08862961848211
 0.71097201261509  0.08484143469097
 0.72503451903847  0.08133680790553
 0.73909475756089  0.07783223408201
 0.75314809225595  0.07434579421846
 0.76718993998929  0.07086942153626
 0.78121577263805  0.06741546382018
 0.79522111924475  0.06397801861911
 0.80920156810384  0.06055235230330
 0.82315276877957  0.05714209333792
 0.83707043405364  0.05373741476621
 0.85095034180140  0.05033988187953
 0.86478833679525  0.04695142574825
 0.87858033243403  0.04357024631349
 0.89232231239738  0.04019195690187
 0.90601033222389  0.03680202597641
 0.91964052081219  0.03340571544605
 0.93320908184397  0.02999686584167
 0.94671229512825  0.02668973877464
 0.96014651786608  0.02328710390928
 0.97350818583500  0.01987192316025
 0.98679381449281  0.01593964520776
 1.00000000000000  0.00514628546683
</coords>