<reference>
Airfoil "Interp_024137" created on 07-Dec-2021 09:39:54 for blade project exampleBladeYaml_numad
</reference>
<coords>
 1.00000000000000  0.00000000000000
 1.00000000000000 -0.00741417848683
 0.98421375798636 -0.00293577652092
 0.96843145023519 -0.00369789926896
 0.95265701002844 -0.00460347076041
 0.93689436868733 -0.00539633866607
 0.92114745459252 -0.00670304140535
 0.90542019220516 -0.00753027774062
 0.88971650108872 -0.00902069003833
 0.87404029493228 -0.01113141999571
 0.85839548057505 -0.01388036363638
 0.84278595703275 -0.01721225959377
 0.82721561452590 -0.02107905292932
 0.81168833351028 -0.02539962676076
 0.79620798370985 -0.03013541187583
 0.78077842315231 -0.03525117195781
 0.76540349720763 -0.04070197963333
 0.75008703762969 -0.04647024721857
 0.73483286160132 -0.05252854950140
 0.71964477078299 -0.05881495917530
 0.70452655036533 -0.06526485609497
 0.68948196812583 -0.07183799658032
 0.67451477348979 -0.07848440218026
 0.65962869659589 -0.08528091339716
 0.64482744736657 -0.09208784516446
 0.63011471458345 -0.09875249549265
 0.61549416496799 -0.10526418517627
 0.60096944226766 -0.11160143568362
 0.58654416634787 -0.11773929392799
 0.57222193228979 -0.12367061339286
 0.55800630949442 -0.12939102406884
 0.54390084079298 -0.13487178965144
 0.52990904156400 -0.14008831660319
 0.51603439885716 -0.14504649837516
 0.50228037052432 -0.14975615211914
 0.48865038435767 -0.15420079528737
 0.47514783723553 -0.15835491273223
 0.46177609427571 -0.16224825837878
 0.44853848799689 -0.16585994586201
 0.43543831748808 -0.16915669511315
 0.42247884758641 -0.17218294812860
 0.40966330806347 -0.17491524668206
 0.39699489282039 -0.17735033450227
 0.38447675909182 -0.17949595830499
 0.37211202665914 -0.18135709755664
 0.35990377707289 -0.18293769327249
 0.34785505288481 -0.18424688196818
 0.33596885688957 -0.18530012108694
 0.32424815137639 -0.18608728474392
 0.31269585739082 -0.18661984489977
 0.30131485400669 -0.18691427704074
 0.29010797760867 -0.18697014158529
 0.27907802118528 -0.18678054286059
 0.26822773363292 -0.18636419972286
 0.25755981907072 -0.18568141159370
 0.24707693616662 -0.18476058377663
 0.23678169747483 -0.18365476759494
 0.22667666878466 -0.18236562580482
 0.21676436848111 -0.18089220412455
 0.20704726691722 -0.17922763097523
 0.19752778579842 -0.17738571558850
 0.18820829757898 -0.17538027093664
 0.17909112487074 -0.17319855462735
 0.17017853986427 -0.17086026405298
 0.16147276376262 -0.16838612026821
 0.15297596622770 -0.16573632209684
 0.14469026483959 -0.16293740508381
 0.13661772456878 -0.16000235862596
 0.12876035726154 -0.15692593261858
 0.12112012113854 -0.15371274202930
 0.11369892030679 -0.15037986906523
 0.10649860428513 -0.14693498408062
 0.09952096754325 -0.14337403563517
 0.09276774905452 -0.13969952377827
 0.08624063186256 -0.13590722062443
 0.07994124266183 -0.13202770457976
 0.07387115139216 -0.12809818799698
 0.06803187084757 -0.12403854834510
 0.06242485629917 -0.11984447077502
 0.05705150513256 -0.11553615918856
 0.05191315649949 -0.11111198493855
 0.04701109098416 -0.10658051239472
 0.04234653028407 -0.10195790388941
 0.03792063690554 -0.09723176613000
 0.03373451387398 -0.09242407969780
 0.02978920445901 -0.08751435095109
 0.02608569191446 -0.08248735989926
 0.02262489923329 -0.07735843704598
 0.01940768891760 -0.07211825653150
 0.01643486276363 -0.06676034192509
 0.01370716166200 -0.06139190592459
 0.01122526541300 -0.05601278254890
 0.00898979255721 -0.05068047238812
 0.00700130022133 -0.04520771027403
 0.00526028397934 -0.03946055017193
 0.00376717772899 -0.03308967644709
 0.00252235358366 -0.02576410873968
 0.00152612177962 -0.01890004785494
 0.00077873059872 -0.01231851171184
 0.00028036630652 -0.00477361704410
 0.00003115310584 -0.00074105503969
 0.00000000000000  0.00000000000000
 0.00003115310584  0.00068727200574
 0.00028036630652  0.00430133381317
 0.00077873059872  0.01091514196660
 0.00152612177962  0.01736664861942
 0.00252235358366  0.02440600278654
 0.00376717772899  0.03312316870444
 0.00526028397934  0.04045309036283
 0.00700130022133  0.04680470531013
 0.00898979255721  0.05251247813493
 0.01122526541300  0.05811253638137
 0.01370716166200  0.06375361219731
 0.01643486276363  0.06942200457275
 0.01940768891760  0.07507834619317
 0.02262489923329  0.08062670316798
 0.02608569191446  0.08612994429514
 0.02978920445901  0.09153594089675
 0.03373451387398  0.09683555851430
 0.03792063690554  0.10202675755174
 0.04234653028407  0.10711336411073
 0.04701109098416  0.11210071806790
 0.05191315649949  0.11695101037162
 0.05705150513256  0.12167741351853
 0.06242485629917  0.12627784905397
 0.06803187084757  0.13072230385980
 0.07387115139216  0.13501715785057
 0.07994124266183  0.13916369769247
 0.08624063186256  0.14323244900116
 0.09276774905452  0.14719226816035
 0.09952096754325  0.15100076311633
 0.10649860428513  0.15466778161337
 0.11369892030679  0.15817770055394
 0.12112012113854  0.16155024189477
 0.12876035726154  0.16476210442666
 0.13661772456878  0.16781371085107
 0.14469026483959  0.17069275919036
 0.15297596622770  0.17338520347527
 0.16147276376262  0.17589030584089
 0.17017853986427  0.17821368271084
 0.17909112487074  0.18033762947291
 0.18820829757898  0.18226358407610
 0.19752778579842  0.18398568159492
 0.20704726691722  0.18549319432891
 0.21676436848111  0.18679658380279
 0.22667666878466  0.18790233464879
 0.23678169747483  0.18879862601401
 0.24707693616662  0.18948158254277
 0.25755981907072  0.18993641218782
 0.26822773363292  0.19020792225057
 0.27907802118528  0.19033482028645
 0.29010797760867  0.19027123772506
 0.30131485400669  0.19001801371992
 0.31269585739082  0.18957066115519
 0.32424815137639  0.18892915906248
 0.33596885688957  0.18808654802923
 0.34785505288481  0.18705789982862
 0.35990377707289  0.18585991161339
 0.37211202665914  0.18446179546364
 0.38447675909182  0.18288299099356
 0.39699489282039  0.18112742642386
 0.40966330806347  0.17918501769670
 0.42247884758641  0.17707656769875
 0.43543831748808  0.17477902400053
 0.44853848799689  0.17226750204218
 0.46177609427571  0.16960854098199
 0.47514783723553  0.16678760796578
 0.48865038435767  0.16380080162727
 0.50228037052432  0.16067484234803
 0.51603439885716  0.15741309162800
 0.52990904156400  0.15400755919499
 0.54390084079298  0.15047670136309
 0.55800630949442  0.14684007801403
 0.57222193228979  0.14310087510832
 0.58654416634787  0.13924513836579
 0.60096944226766  0.13530589763859
 0.61549416496799  0.13129720391993
 0.63011471458345  0.12721264691967
 0.64482744736657  0.12307415332764
 0.65962869659589  0.11892936246943
 0.67451477348979  0.11466091501593
 0.68948196812583  0.11016916269339
 0.70452655036533  0.10560025375226
 0.71964477078299  0.10097459588028
 0.73483286160132  0.09627802780780
 0.75008703762969  0.09152751827144
 0.76540349720763  0.08673456607017
 0.78077842315231  0.08189277197758
 0.79620798370985  0.07701093791758
 0.81168833351028  0.07210790368202
 0.82721561452590  0.06718326569633
 0.84278595703275  0.06224417600138
 0.85839548057505  0.05729641255982
 0.87404029493228  0.05236001609806
 0.88971650108872  0.04743344441210
 0.90542019220516  0.04252869733353
 0.92114745459252  0.03768648071460
 0.93689436868733  0.03283389568174
 0.95265701002844  0.02796439011466
 0.96843145023519  0.02302598268799
 0.98421375798636  0.01827541605869
 1.00000000000000  0.00741417848683
</coords>