<reference>
Airfoil "Interp_089655" created on 07-Dec-2021 09:39:54 for blade project exampleBladeYaml_numad
</reference>
<coords>
 1.00000000000000 -0.00000083631202
 0.99500291504140  0.00064241222565
 0.98966110066197  0.00126347316045
 0.98397627614654  0.00173711887780
 0.97795050449722  0.00189441777923
 0.97158619127520  0.00196214369046
 0.96488608310022  0.00208818598783
 0.95785326580928  0.00215926724130
 0.95049116227604  0.00206470000300
 0.94280352989294  0.00189063314244
 0.93479445771826  0.00171647295014
 0.92646836329086  0.00150541534812
 0.91782998911537  0.00123990831529
 0.90888439882128  0.00096197767895
 0.89963697299950  0.00066303452465
 0.89009340472021  0.00033245935017
 0.88025969473642 -0.00001915661128
 0.87014214637763 -0.00041425020231
 0.85974736013862 -0.00089184211124
 0.84908222796845 -0.00144374368132
 0.83815392726512 -0.00208095234560
 0.82696991458180 -0.00281730412955
 0.81553791905053 -0.00364646601761
 0.80386593552982 -0.00457139773183
 0.79196221748276 -0.00560197110235
 0.77983526959249 -0.00674188453834
 0.76749384012227 -0.00800363981092
 0.75494691302743 -0.00938363510509
 0.74220369982693 -0.01088956147525
 0.72927363124246 -0.01252435332616
 0.71616634861312 -0.01429216159381
 0.70289169509412 -0.01620944962417
 0.68945970664800 -0.01826557937050
 0.67588060283722 -0.02043969903731
 0.66216477742701 -0.02274093201129
 0.64832278880776 -0.02518231305933
 0.63436535024623 -0.02774805546891
 0.62030331997509 -0.03042879838451
 0.60614769113052 -0.03322031401457
 0.59190958154775 -0.03604134672071
 0.57760022342440 -0.03894443198509
 0.56323095286182 -0.04192473081360
 0.54881319929474 -0.04498188182111
 0.53435847481937 -0.04808623657786
 0.51987836343072 -0.05119915152465
 0.50538451017931 -0.05426916049707
 0.49088861025831 -0.05729842839476
 0.47640239803147 -0.06028405520766
 0.46193763601279 -0.06318537226080
 0.44750610380879 -0.06598507327761
 0.43311958703400 -0.06863914447493
 0.41878986621083 -0.07141412943357
 0.40452870566458 -0.07260848287928
 0.39034784242444 -0.07426462797154
 0.37625897514163 -0.07579537058596
 0.36227375303521 -0.07711907580307
 0.34840376487682 -0.07821282843843
 0.33466052802488 -0.07909023096206
 0.32105547751916 -0.07975935294320
 0.30759995524648 -0.08019776694758
 0.29430519918808 -0.08040552417049
 0.28118233275940 -0.08038587179732
 0.26824235425261 -0.08013846680719
 0.25549612639235 -0.07969824063855
 0.24295436601502 -0.07906572135486
 0.23062763388164 -0.07823802860303
 0.21852632463441 -0.07724128345428
 0.20666065690693 -0.07607798561800
 0.19504066359756 -0.07474643968335
 0.18367618231588 -0.07327757151123
 0.17257684601126 -0.07168090769512
 0.16175207379311 -0.06993871915108
 0.15121106195167 -0.06805181536642
 0.14096277518817 -0.06605844788454
 0.13101593806318 -0.06395565219572
 0.12137902667138 -0.06176849948931
 0.11206026055107 -0.05951009650464
 0.10306759483635 -0.05717092927353
 0.09440871265975 -0.05476477071890
 0.08609101781275 -0.05229426181018
 0.07812162767146 -0.04978034595753
 0.07050736639439 -0.04722683315387
 0.06325475839915 -0.04464065266205
 0.05637002212428 -0.04203530116497
 0.04985906408261 -0.03942867396473
 0.04372747321184 -0.03680876662120
 0.03798051552802 -0.03416947299115
 0.03262312908708 -0.03153018921266
 0.02765991925958 -0.02889998687020
 0.02309515432311 -0.02625609364499
 0.01893276137682 -0.02363893539356
 0.01517632258218 -0.02100435240652
 0.01182907173342 -0.01843875660673
 0.00889389116136 -0.01598424686594
 0.00637330897343 -0.01359219971886
 0.00426949663272 -0.01125059175150
 0.00258426687846 -0.00858382145251
 0.00131907198986 -0.00500590182315
 0.00047500239523 -0.00181198611496
 0.00005278562753 -0.00027515354342
 0.00000000000000  0.00000000000000
 0.00021113113424  0.00075141362073
 0.00084434254477  0.00440458330909
 0.00189908842937  0.01078720427973
 0.00337445969857  0.01470628494755
 0.00526918484635  0.01772475088855
 0.00758163116804  0.02103141724552
 0.01030980632394  0.02446533039349
 0.01345136024747  0.02798321315761
 0.01700358739563  0.03153840897397
 0.02096342933981  0.03516991928550
 0.02532747769424  0.03884831080452
 0.03009197737923  0.04255465992153
 0.03525283021600  0.04627690527181
 0.04080559884959  0.05000588425596
 0.04674551099582  0.05372750655017
 0.05306746400837  0.05744575626180
 0.05976602976119  0.06114252221368
 0.06683545984162  0.06480718034895
 0.07426969104910  0.06843282565783
 0.08206235119387  0.07199986640730
 0.09020676519013  0.07550498223127
 0.09869596143755  0.07894535535211
 0.10752267848491  0.08229044573817
 0.11667937196916  0.08553432177517
 0.12615822182328  0.08867853777237
 0.13595113974555  0.09175121905905
 0.14604977692315  0.09460619134813
 0.15644553200231  0.09738311916121
 0.16712955929710  0.09998687012546
 0.17809277722900  0.10242559127018
 0.18932587698867  0.10472170528880
 0.20081933141157  0.10686607311835
 0.21256340405856  0.10875510454398
 0.22454815849265  0.11040842037067
 0.23676346774262  0.11184149007492
 0.24919902394432  0.11309850034033
 0.26184434815007  0.11411370402405
 0.27468880029654  0.11485513826464
 0.28772158932122  0.11538032392372
 0.30093178341764  0.11562579981057
 0.31430832041918  0.11570122354462
 0.32784001830111  0.11556068844987
 0.34151558579088  0.11522696030439
 0.35532363307574  0.11470686749825
 0.36925268259763  0.11408342477944
 0.38329117992431  0.11327103973617
 0.39742750468636  0.11241508265092
 0.41164998156904  0.11167338284679
 0.42594689134839  0.11073267058445
 0.44030648196060  0.10891591473471
 0.45471697959383  0.10721357679865
 0.46916659979151  0.10537581539984
 0.48364355855634  0.10342675097572
 0.49813608344391  0.10133471083306
 0.51263242463519  0.09907902044410
 0.52712086597697  0.09673176417712
 0.54158973597933  0.09433784330760
 0.55602741875950  0.09188016542751
 0.57042236492125  0.08939811124313
 0.58476310235921  0.08681409892037
 0.59903824697744  0.08413511187432
 0.61323651331190  0.08146933691585
 0.62734672504624  0.07884543268653
 0.64135782541068  0.07622203873189
 0.65525888745388  0.07355506207108
 0.66903912417761  0.07088594253804
 0.68268789852436  0.06824079294357
 0.69619473320820  0.06559936499876
 0.70954932037914  0.06296390107707
 0.72274153111168  0.06035623719394
 0.73576142470824  0.05777123105176
 0.74859925780831  0.05520768016134
 0.76124549329466  0.05267001984063
 0.77369080898760  0.05016249556998
 0.78592610611923  0.04766705931274
 0.79794251757906  0.04519131880939
 0.80973141592319  0.04276744134607
 0.82128442113931  0.04037838212709
 0.83259340815981  0.03801637062700
 0.84365051411585  0.03570183982973
 0.85444814532540  0.03342068162402
 0.86497898400834  0.03117737362016
 0.87523599472231  0.02897851426360
 0.88521243051298  0.02682391792967
 0.89490183877296  0.02472232406812
 0.90429806680351  0.02267111619713
 0.91339526707402  0.02067146800619
 0.92218790217392  0.01872454569218
 0.93067074945257  0.01683059041408
 0.93883890534255  0.01499659187405
 0.94668778936229  0.01321910663254
 0.95421314779440  0.01149941261154
 0.96141105703607  0.00984796838125
 0.96827792661852  0.00827635962739
 0.97481050189270  0.00677763950425
 0.98100586637885  0.00532553315967
 0.98686144377760  0.00390742942729
 0.99237499964109  0.00254021981973
 0.99754464270250  0.00118219539079
</coords>