<reference>
Airfoil "Interp_041379" created on 07-Dec-2021 09:39:54 for blade project exampleBladeYaml_numad
</reference>
<coords>
 1.00000000000000  0.00000000000000
 1.00000000000000 -0.00003860259752
 0.99975079456309 -0.00055144838870
 0.99900342666575 -0.00658715195167
 0.99775864130055 -0.00610501065814
 0.99601767929663 -0.00563380137103
 0.99378227608276 -0.00511865756878
 0.99105465995749 -0.00456378920777
 0.98783754986789 -0.00396965098561
 0.98413415269925 -0.00334060070221
 0.97994816007843 -0.00267592564618
 0.97528374469389 -0.00198480517737
 0.97014555613634 -0.00127687850185
 0.96453871626387 -0.00056285761769
 0.95846881409639  0.00014448420491
 0.95194190024441  0.00083544421916
 0.94496448087759  0.00150140480213
 0.93754351123930  0.00209784875830
 0.92968638871346  0.00259736843565
 0.92140094545068  0.00299635201065
 0.91269544056099  0.00327249697231
 0.90357855188099  0.00341674704376
 0.89405936732360  0.00347617825939
 0.88414737581899  0.00344205996176
 0.87385245785585  0.00293604969606
 0.86318487563232  0.00219585755970
 0.85215526282634  0.00121567829656
 0.84077461399582 -0.00002280157427
 0.82905427361902 -0.00153685459742
 0.81700592478612 -0.00333760308043
 0.80464157755326 -0.00544262411019
 0.79197355697065 -0.00787684481258
 0.77901449079672 -0.01066264232067
 0.76577729691045 -0.01368109837754
 0.75227517043459 -0.01704640118627
 0.73852157058244 -0.02074514295643
 0.72453020724146 -0.02475875607426
 0.71031502730689 -0.02907598348082
 0.69589020077925 -0.03368370505246
 0.68127010663931 -0.03856736270346
 0.66646931851488 -0.04373527115032
 0.65150259015344 -0.04909686393165
 0.63638484071530 -0.05461443099130
 0.62113113990189 -0.06024512526984
 0.60575669293391 -0.06594236021715
 0.59027682539445 -0.07166076230216
 0.57470696795213 -0.07735355324039
 0.55906264097945 -0.08298004768698
 0.54335943908178 -0.08850125778739
 0.52761301555225 -0.09387580483810
 0.51183906676831 -0.09907493396452
 0.49605331654514 -0.10408756135287
 0.48027150046187 -0.10889808120464
 0.46450935017599 -0.11349625714490
 0.44878257774169 -0.11770788797056
 0.43310685994776 -0.12136534183465
 0.41749782269060 -0.12469844735049
 0.40197102539801 -0.12769000034442
 0.38654194551920 -0.13034048074644
 0.37122596309655 -0.13265311233701
 0.35603834543442 -0.13461851800057
 0.34099423188038 -0.13624386824818
 0.32610861873401 -0.13753289257865
 0.31139634429821 -0.13849267247962
 0.29687207408811 -0.13912638182205
 0.28255028621210 -0.13943931099717
 0.26844525693983 -0.13942878727721
 0.25457104647120 -0.13909969710360
 0.24094148492096 -0.13846426419511
 0.22757015853246 -0.13751336429193
 0.21447039613465 -0.13624341131214
 0.20165525585557 -0.13465102598625
 0.18913751210575 -0.13273066019235
 0.17692964284440 -0.13048552837021
 0.16504381714107 -0.12790798642330
 0.15349188304533 -0.12490173805327
 0.14228535577631 -0.12140116320609
 0.13143540624411 -0.11764775980669
 0.12095284991438 -0.11365414046817
 0.11084813602724 -0.10944452689876
 0.10113133718124 -0.10502775433867
 0.09181213929280 -0.10043097994376
 0.08289983194104 -0.09567705590132
 0.07440329910775 -0.09078011039910
 0.06633101032164 -0.08577102051391
 0.05869101221573 -0.08065418196308
 0.05149092050627 -0.07547013672255
 0.04473791240127 -0.07019908783254
 0.03843871944607 -0.06473606690965
 0.03259962081320 -0.05928201773004
 0.02722643704317 -0.05383964519045
 0.02232452424240 -0.04841620810999
 0.01789876874419 -0.04303031950369
 0.01395358223787 -0.03774087160713
 0.01049289737114 -0.03257725007507
 0.00752016382994 -0.02762765532783
 0.00503834489972 -0.02292503248418
 0.00304991451156 -0.01793629068144
 0.00155685477610 -0.01294130046413
 0.00056065400778 -0.00638813771095
 0.00006230524117 -0.00072053406080
 0.00000000000000  0.00000000000000
 0.00006230524117  0.00076306715734
 0.00056065400778  0.00691707729019
 0.00155685477610  0.01418197302924
 0.00304991451156  0.01971336706874
 0.00503834489972  0.02536503010349
 0.00752016382994  0.03059208756499
 0.01049289737114  0.03585447716233
 0.01395358223787  0.04142778282042
 0.01789876874419  0.04717570786599
 0.02232452424240  0.05294803944892
 0.02722643704317  0.05862780201986
 0.03259962081320  0.06421401653969
 0.03843871944607  0.06973038698939
 0.04473791240127  0.07520165457651
 0.05149092050627  0.08051911636612
 0.05869101221573  0.08569655940063
 0.06633101032164  0.09074519976800
 0.07440329910775  0.09565415255391
 0.08289983194104  0.10040764562581
 0.09181213929280  0.10497835589719
 0.10113133718124  0.10935942583114
 0.11084813602724  0.11351911653350
 0.12095284991438  0.11745551593458
 0.13143540624411  0.12115013920290
 0.14228535577631  0.12459484963884
 0.15349188304533  0.12776646209173
 0.16504381714107  0.13043357758056
 0.17692964284440  0.13267316079071
 0.18913751210575  0.13457459228149
 0.20165525585557  0.13615263690076
 0.21447039613465  0.13741141030777
 0.22757015853246  0.13836144002638
 0.24094148492096  0.13902855387509
 0.25457104647120  0.13942527182868
 0.26844525693983  0.13956200848331
 0.28255028621210  0.13942746502554
 0.29687207408811  0.13905505711407
 0.31139634429821  0.13844182223083
 0.32610861873401  0.13759331462079
 0.34099423188038  0.13654094483248
 0.35603834543442  0.13527816337993
 0.37122596309655  0.13381226298986
 0.38654194551920  0.13216248700877
 0.40197102539801  0.13032949171861
 0.41749782269060  0.12832373565678
 0.43310685994776  0.12615765530214
 0.44878257774169  0.12384324099976
 0.46450935017599  0.12161786575006
 0.48027150046187  0.11932847121735
 0.49605331654514  0.11683009680177
 0.51183906676831  0.11415549310601
 0.52761301555225  0.11134438640042
 0.54335943908178  0.10842380928736
 0.55906264097945  0.10540438603707
 0.57470696795213  0.10229180664319
 0.59027682539445  0.09910708538185
 0.60575669293391  0.09586739321378
 0.62113113990189  0.09257665931258
 0.63638484071530  0.08925169397321
 0.65150259015344  0.08590956068198
 0.66646931851488  0.08255559785380
 0.68127010663931  0.07920546369140
 0.69589020077925  0.07582646556055
 0.71031502730689  0.07246150491257
 0.72453020724146  0.06911818892725
 0.73852157058244  0.06581117050619
 0.75227517043459  0.06255737065391
 0.76577729691045  0.05936051710240
 0.77901449079672  0.05622720478943
 0.79197355697065  0.05328828776400
 0.80464157755326  0.05041735071203
 0.81700592478612  0.04761280884099
 0.82905427361902  0.04487842976663
 0.84077461399582  0.04221905190317
 0.85215526282634  0.03963745878297
 0.86318487563232  0.03714113071381
 0.87385245785585  0.03472866964623
 0.88414737581899  0.03240581624198
 0.89405936732360  0.02993605577469
 0.90357855188099  0.02766584763886
 0.91269544056099  0.02558699831902
 0.92140094545068  0.02363951155075
 0.92968638871346  0.02180531410048
 0.93754351123930  0.02008245961835
 0.94496448087759  0.01846578876334
 0.95194190024441  0.01694966232933
 0.95846881409639  0.01553574051400
 0.96453871626387  0.01422588833090
 0.97014555613634  0.01302199773599
 0.97528374469389  0.01192580903190
 0.97994816007843  0.01093820242485
 0.98413415269925  0.01006298513623
 0.98783754986789  0.00929773459850
 0.99105465995749  0.00863340488329
 0.99378227608276  0.00809119343207
 0.99601767929663  0.00765913840469
 0.99775864130055  0.00733630294049
 0.99900342666575  0.00727782875469
 0.99975079456309  0.00689955437879
 1.00000000000000  0.00003860259752
</coords>