<reference>
Airfoil "Interp_006000" created on 31-Oct-2019 15:10:14 for blade project BAR008_numad
</reference>
<coords>
 1.00000000000000  0.00005125872611
 0.99732313259797 -0.01388662357192
 0.99422655534847 -0.02722974503335
 0.99071151141429 -0.04062713437015
 0.98677966201393 -0.05406688351254
 0.98243308522491 -0.06750682378011
 0.97767427437119 -0.08099567167173
 0.97250613599614 -0.09450710782791
 0.96693198742316 -0.10799986263597
 0.96095555390603 -0.12146555374581
 0.95458096537184 -0.13483887976254
 0.94781275275971 -0.14811336458213
 0.94065584395862 -0.16124850043177
 0.93311555934850 -0.17426519434676
 0.92519760694877 -0.18714740908030
 0.91690807717916 -0.19984173420887
 0.90825343723780 -0.21231955055330
 0.89924052510218 -0.22459695505388
 0.88987654315885 -0.23664431686063
 0.88016905146792 -0.24842091111416
 0.87012596066925 -0.25993322156194
 0.85975552453706 -0.27117501924314
 0.84906633219038 -0.28213174269314
 0.83806729996690 -0.29275705271081
 0.82676766296843 -0.30305136898579
 0.81517696628597 -0.31305523074600
 0.80330505591329 -0.32271225555707
 0.79116206935790 -0.33202175564065
 0.77875842595857 -0.34099158337531
 0.76610481691906 -0.34958050594579
 0.75321219506789 -0.35783980709559
 0.74009176435411 -0.36567282221307
 0.72675496908962 -0.37315495457289
 0.71321348294861 -0.38025245245890
 0.69947919773482 -0.38694377221837
 0.68556421192803 -0.39321204032835
 0.67148081902077 -0.39909022765772
 0.65724149565700 -0.40457542454379
 0.64285888958443 -0.40963305009709
 0.62834580743231 -0.41426222820960
 0.61371520232688 -0.41848071397062
 0.59898016135672 -0.42227439160788
 0.58415389290032 -0.42564183085643
 0.56924971382848 -0.42855801903938
 0.55428103659421 -0.43108072625497
 0.53926135622286 -0.43314547278171
 0.52420423721541 -0.43480995686313
 0.50912330037781 -0.43600947379709
 0.49403220958953 -0.43678326697586
 0.47894465852431 -0.43709776179076
 0.46387435733632 -0.43701024871191
 0.44883501932491 -0.43651772912551
 0.43384034759114 -0.43554076007546
 0.41890402169935 -0.43418405542971
 0.40403968435696 -0.43238358177974
 0.38926092812564 -0.43013956911141
 0.37458128217718 -0.42751515223711
 0.36001419910700 -0.42443463000084
 0.34557304181853 -0.42098597119062
 0.33127107049129 -0.41710037611106
 0.31712142964579 -0.41282314152343
 0.30313713531787 -0.40811777058780
 0.28933106235541 -0.40302667967254
 0.27571593184975 -0.39756017788073
 0.26230429871454 -0.39167985526710
 0.24910853942416 -0.38543608673105
 0.23614083992395 -0.37880851238645
 0.22341318372418 -0.37183334480381
 0.21093734018966 -0.36446265679897
 0.19872485303655 -0.35675911693626
 0.18678702904769 -0.34872331937646
 0.17513492701786 -0.34031436864753
 0.16377934693973 -0.33159000526716
 0.15273081944131 -0.32252983489421
 0.14199959548541 -0.31315378920996
 0.13159563634129 -0.30346218813411
 0.12152860383840 -0.29349458023910
 0.11180785091200 -0.28321256648165
 0.10244241244994 -0.27266557722022
 0.09344099644972 -0.26185856139285
 0.08481197549458 -0.25082395438000
 0.07656337855714 -0.23947929661583
 0.06870288313866 -0.22794573911476
 0.06123780775170 -0.21617780032299
 0.05417510475374 -0.20416816996381
 0.04752135353880 -0.19196487662607
 0.04128275409377 -0.17956782583594
 0.03546512092600 -0.16699645202976
 0.03007387736796 -0.15426816513939
 0.02511405026486 -0.14139004062517
 0.02059026505031 -0.12842069528289
 0.01650674121498 -0.11526893107505
 0.01286728817279 -0.10191682988656
 0.00967530152867 -0.08842711972587
 0.00693375975167 -0.07477121955134
 0.00464522125659 -0.06111671739154
 0.00281182189719 -0.04746035566119
 0.00143527287339 -0.03368957260968
 0.00051685905446 -0.01976136824636
 0.00005743772003 -0.00648558326078
 0.00000000000000  0.00000000000000
 0.00022973747526  0.01327566179969
 0.00091873544981  0.02675565657306
 0.00206635078009  0.04042799530779
 0.00367151226042  0.05410573303173
 0.00573272167270  0.06798203202508
 0.00824805525444  0.08169041671737
 0.01121516558383  0.09536698051529
 0.01463128387981  0.10882574650715
 0.01849322271499  0.12208820464955
 0.02279737913867  0.13517652987759
 0.02753973820682  0.14815302460952
 0.03271587691565  0.16094449597391
 0.03832096853465  0.17357540353944
 0.04434978733506  0.18612134149094
 0.05079671370887  0.19846481399763
 0.05765573967333  0.21058789971005
 0.06492047475558  0.22249084181995
 0.07258415225148  0.23418133701975
 0.08063963585242  0.24567471899949
 0.08907942663357  0.25689254047986
 0.09789567039671  0.26786644973209
 0.10708016536013  0.27857793128538
 0.11662437018825  0.28902353594117
 0.12651941235277  0.29918534506894
 0.13675609681718  0.30904582947172
 0.14732491503591  0.31861343858507
 0.15821605425935  0.32785948958654
 0.16941940713533  0.33675753441345
 0.18092458159765  0.34534740102306
 0.19272091103176  0.35359771223505
 0.20479746470768  0.36151040597280
 0.21714305846953  0.36907208596988
 0.22974626567133  0.37625918579220
 0.24259542834811  0.38308670171385
 0.25567866861119  0.38952638974195
 0.26898390025647  0.39560653236911
 0.28249884057409  0.40131827899353
 0.29621102234777  0.40659766638593
 0.31010780603207  0.41150054058006
 0.32417639209523  0.41599694025079
 0.33840383351560  0.42005953005686
 0.35277704841916  0.42374342587545
 0.36728283284552  0.42698666128646
 0.38190787363000  0.42981919637078
 0.39663876138863  0.43222934357657
 0.41146200359363  0.43422092340082
 0.42636403772604  0.43578228765839
 0.44133124449269  0.43689667981372
 0.45634996109433  0.43759036087231
 0.47140649453181  0.43787774594830
 0.48648713493696  0.43768948954105
 0.50157816891531  0.43710157880601
 0.51666589288703  0.43606573234512
 0.53173662641313  0.43458717036096
 0.54677672549368  0.43269845778446
 0.56177259582477  0.43039199108870
 0.57671070600122  0.42762805737855
 0.59157760065189  0.42446914937638
 0.60635991349458  0.42089350121784
 0.62104438029760  0.41688973232407
 0.63561785173526  0.41247469109925
 0.65006730612441  0.40763645240416
 0.66437986202956  0.40239802213174
 0.67854279072402  0.39675876525015
 0.69254352849482  0.39073268931614
 0.70636968877911  0.38429876435991
 0.72000907412019  0.37748071471003
 0.73344968793122  0.37028110462750
 0.74667974605508  0.36269975340066
 0.75968768810890  0.35476318120032
 0.77246218860205  0.34647088930922
 0.78499216781664  0.33783019603140
 0.79726680243975  0.32882110670330
 0.80927553593698  0.31950587073994
 0.82100808865693  0.30986933680058
 0.83245446765675  0.29992291554083
 0.84360497623912  0.28965008164536
 0.85445022319112  0.27910592453778
 0.86498113171595  0.26826546063143
 0.87518894804875  0.25713336651581
 0.88506524974800  0.24573630611673
 0.89460195365430  0.23410251501810
 0.90379132350879  0.22224148049874
 0.91262597722364  0.21013441837901
 0.92109889379759  0.19781352665971
 0.92920341986958  0.18526547834792
 0.93693327590426  0.17255604847279
 0.94428256200310  0.15964300991653
 0.95124576333564  0.14657568564746
 0.95781775518543  0.13331813102451
 0.96399380760576  0.11991364385184
 0.96976958968072  0.10637273205694
 0.97514117338738  0.09273890152756
 0.98010503705543  0.07896931341891
 0.98465806842086  0.06508940115787
 0.98879756727080  0.05114777900560
 0.99252124767700  0.03704215246756
 0.99582723981584  0.02281855480068
 0.99871409137312  0.00837125274656
</coords>