<reference>
Airfoil "Interp_062350" created on 31-Oct-2019 15:10:14 for blade project BAR008_numad
</reference>
<coords>
 1.00000000000000  0.00000000000000
 1.00000000000000 -0.00629711170157
 0.98421375798636 -0.00367038143274
 0.96843145023519 -0.00134507754757
 0.95265701002844  0.00049037528988
 0.93689436868733  0.00182892991395
 0.92114745459252  0.00267265870926
 0.90542019220516  0.00301479787685
 0.88971650108872  0.00284414157029
 0.87404029493228  0.00217511538105
 0.85839548057505  0.00105270470841
 0.84278595703275 -0.00049360201932
 0.82721561452590 -0.00244432093214
 0.81168833351028 -0.00479529354062
 0.79620798370985 -0.00753875433636
 0.78077842315231 -0.01068910182345
 0.76540349720763 -0.01424430710905
 0.75008703762969 -0.01814608301482
 0.73483286160132 -0.02235523195091
 0.71964477078299 -0.02683375601953
 0.70452655036533 -0.03155222073062
 0.68948196812583 -0.03658883855316
 0.67451477348979 -0.04182786380214
 0.65962869659589 -0.04715990998360
 0.64482744736657 -0.05255735948813
 0.63011471458345 -0.05798645116688
 0.61549416496799 -0.06340110240773
 0.60096944226766 -0.06877088567401
 0.58654416634787 -0.07405149838179
 0.57222193228979 -0.07922058703301
 0.55800630949442 -0.08422659267735
 0.54390084079298 -0.08907208757506
 0.52990904156400 -0.09371287648106
 0.51603439885716 -0.09813943392516
 0.50228037052432 -0.10233472640002
 0.48865038435767 -0.10629259675406
 0.47514783723553 -0.10999605590497
 0.46177609427571 -0.11343447334654
 0.44853848799689 -0.11661416582964
 0.43543831748808 -0.11952479999886
 0.42247884758641 -0.12218598172096
 0.40966330806347 -0.12458583535730
 0.39699489282039 -0.12672488195960
 0.38447675909182 -0.12861493554953
 0.37211202665914 -0.13025619363804
 0.35990377707289 -0.13164913554937
 0.34785505288481 -0.13279741971728
 0.33596885688957 -0.13371357344881
 0.32424815137639 -0.13439884040900
 0.31269585739082 -0.13486593424542
 0.30131485400669 -0.13511443701007
 0.29010797760867 -0.13515085638377
 0.27907802118528 -0.13497976240975
 0.26822773363292 -0.13460027183811
 0.25755981907072 -0.13403256984837
 0.24707693616662 -0.13327386053650
 0.23678169747483 -0.13233302708945
 0.22667666878466 -0.13121283519349
 0.21676436848111 -0.12991842641876
 0.20704726691722 -0.12845047017506
 0.19752778579842 -0.12682180074005
 0.18820829757898 -0.12502840210086
 0.17909112487074 -0.12308790002067
 0.17017853986427 -0.12099881956814
 0.16147276376262 -0.11875653095462
 0.15297596622770 -0.11638219855077
 0.14469026483959 -0.11388144643126
 0.13661772456878 -0.11125907036050
 0.12876035726154 -0.10851799919063
 0.12112012113854 -0.10566880324486
 0.11369892030679 -0.10272066668648
 0.10649860428513 -0.09968028555174
 0.09952096754325 -0.09654802288228
 0.09276774905452 -0.09334198809294
 0.08624063186256 -0.09007321285253
 0.07994124266183 -0.08673872261483
 0.07387115139216 -0.08335488233514
 0.06803187084757 -0.07993056892559
 0.06242485629917 -0.07646133215289
 0.05705150513256 -0.07296173597930
 0.05191315649949 -0.06944784783298
 0.04701109098416 -0.06591924757089
 0.04234653028407 -0.06237936849315
 0.03792063690554 -0.05883685624741
 0.03373451387398 -0.05529841506730
 0.02978920445901 -0.05176533654203
 0.02608569191446 -0.04823775177893
 0.02262489923329 -0.04472576383353
 0.01940768891760 -0.04125914582042
 0.01643486276363 -0.03787385080271
 0.01370716166200 -0.03449946091655
 0.01122526541300 -0.03113101500039
 0.00898979255721 -0.02778200180383
 0.00700130022133 -0.02447340992507
 0.00526028397934 -0.02122759191131
 0.00376717772899 -0.01803978124544
 0.00252235358366 -0.01484279377896
 0.00152612177962 -0.01175354326620
 0.00077873059872 -0.00858971585006
 0.00028036630652 -0.00527808535576
 0.00003115310584 -0.00179270907211
 0.00000000000000  0.00000000000000
 0.00003115310584  0.00181194583952
 0.00028036630652  0.00543207213217
 0.00077873059872  0.00901919143151
 0.00152612177962  0.01262878252350
 0.00252235358366  0.01629239001803
 0.00376717772899  0.01988623033880
 0.00526028397934  0.02358584328625
 0.00700130022133  0.02727745305115
 0.00898979255721  0.03097850897637
 0.01122526541300  0.03470132669687
 0.01370716166200  0.03844846198801
 0.01643486276363  0.04220661914388
 0.01940768891760  0.04596812682219
 0.02262489923329  0.04966994716107
 0.02608569191446  0.05334130191894
 0.02978920445901  0.05699387744569
 0.03373451387398  0.06063728677676
 0.03792063690554  0.06427283537642
 0.04234653028407  0.06788852559613
 0.04701109098416  0.07147512335646
 0.05191315649949  0.07502600239286
 0.05705150513256  0.07853377741561
 0.06242485629917  0.08199492250783
 0.06803187084757  0.08540558129815
 0.07387115139216  0.08875915030115
 0.07994124266183  0.09205001897938
 0.08624063186256  0.09526703674673
 0.09276774905452  0.09840468592185
 0.09952096754325  0.10146236613456
 0.10649860428513  0.10442104687248
 0.11369892030679  0.10727481978917
 0.12112012113854  0.11002991691412
 0.12876035726154  0.11267183646353
 0.13661772456878  0.11519796889956
 0.14469026483959  0.11760118279235
 0.15297596622770  0.11986568096153
 0.16147276376262  0.12200031147699
 0.17017853986427  0.12400291729810
 0.17909112487074  0.12585188677732
 0.18820829757898  0.12754952184680
 0.19752778579842  0.12909252057806
 0.20704726691722  0.13048422360768
 0.21676436848111  0.13171261233823
 0.22667666878466  0.13277788964700
 0.23678169747483  0.13369008696191
 0.24707693616662  0.13444057290410
 0.25755981907072  0.13503945690445
 0.26822773363292  0.13547826842040
 0.27907802118528  0.13574371182529
 0.29010797760867  0.13584914361623
 0.30131485400669  0.13578955192703
 0.31269585739082  0.13557680998203
 0.32424815137639  0.13519484283146
 0.33596885688957  0.13467868489800
 0.34785505288481  0.13400158733575
 0.35990377707289  0.13317170603715
 0.37211202665914  0.13219552199952
 0.38447675909182  0.13107868910088
 0.39699489282039  0.12981336587645
 0.40966330806347  0.12841803822886
 0.42247884758641  0.12687801147895
 0.43543831748808  0.12521113878616
 0.44853848799689  0.12342186594556
 0.46177609427571  0.12150263029363
 0.47514783723553  0.11946298421141
 0.48865038435767  0.11729490223472
 0.50228037052432  0.11501661670437
 0.51603439885716  0.11262022202411
 0.52990904156400  0.11013524345268
 0.54390084079298  0.10754620116213
 0.55800630949442  0.10486547860200
 0.57222193228979  0.10209134368588
 0.58654416634787  0.09922448249983
 0.60096944226766  0.09628283377502
 0.61549416496799  0.09326444455999
 0.63011471458345  0.09017140843894
 0.64482744736657  0.08701447660033
 0.65962869659589  0.08379906163833
 0.67451477348979  0.08053922134612
 0.68948196812583  0.07724809996108
 0.70452655036533  0.07390448886968
 0.71964477078299  0.07038854158559
 0.73483286160132  0.06683935943359
 0.75008703762969  0.06326352005869
 0.76540349720763  0.05967120694649
 0.78077842315231  0.05608239961034
 0.79620798370985  0.05249022395307
 0.81168833351028  0.04889687444291
 0.82721561452590  0.04529508515139
 0.84278595703275  0.04169953656418
 0.85839548057505  0.03810411090329
 0.87404029493228  0.03452384406527
 0.88971650108872  0.03095843074047
 0.90542019220516  0.02741409800187
 0.92114745459252  0.02390217761519
 0.93689436868733  0.02042395970086
 0.95265701002844  0.01697826696075
 0.96843145023519  0.01353980271550
 0.98421375798636  0.01005976316168
 1.00000000000000  0.00664793341738
</coords>