<reference>
Airfoil "Interp_038936" created on 31-Oct-2019 15:10:14 for blade project BAR008_numad
</reference>
<coords>
 1.00000000000000  0.00000000000000
 1.00000000000000 -0.01216938132634
 0.98421375798636 -0.00784350402346
 0.96843145023519 -0.00432950497808
 0.95265701002844 -0.00219164180644
 0.93689436868733 -0.00094849541041
 0.92114745459252 -0.00039624916200
 0.90542019220516 -0.00048918538510
 0.88971650108872 -0.00120596543174
 0.87404029493228 -0.00253645875826
 0.85839548057505 -0.00444169041904
 0.84278595703275 -0.00688227473143
 0.82721561452590 -0.00981890398152
 0.81168833351028 -0.01321290458636
 0.79620798370985 -0.01701629642518
 0.78077842315231 -0.02123718181795
 0.76540349720763 -0.02585367876070
 0.75008703762969 -0.03078999152065
 0.73483286160132 -0.03600033214363
 0.71964477078299 -0.04146684631290
 0.70452655036533 -0.04715441897698
 0.68948196812583 -0.05301146060231
 0.67451477348979 -0.05900960911871
 0.65962869659589 -0.06507966325947
 0.64482744736657 -0.07117916566450
 0.63011471458345 -0.07727179231883
 0.61549416496799 -0.08331694346009
 0.60096944226766 -0.08927192596756
 0.58654416634787 -0.09510555484532
 0.57222193228979 -0.10079234608549
 0.55800630949442 -0.10630444028766
 0.54390084079298 -0.11162405295694
 0.52990904156400 -0.11672509135954
 0.51603439885716 -0.12160330644167
 0.50228037052432 -0.12623670516095
 0.48865038435767 -0.13063236513684
 0.47514783723553 -0.13476842818433
 0.46177609427571 -0.13863597618808
 0.44853848799689 -0.14223720781122
 0.43543831748808 -0.14556465625986
 0.42247884758641 -0.14861105445814
 0.40966330806347 -0.15137897796423
 0.39699489282039 -0.15387040437216
 0.38447675909182 -0.15608889314102
 0.37211202665914 -0.15805173854809
 0.35990377707289 -0.15974316365053
 0.34785505288481 -0.16118627030738
 0.33596885688957 -0.16237397137406
 0.32424815137639 -0.16331785762344
 0.31269585739082 -0.16402169779360
 0.30131485400669 -0.16449620980958
 0.29010797760867 -0.16474200853894
 0.27907802118528 -0.16475737188254
 0.26822773363292 -0.16454479855049
 0.25755981907072 -0.16412491719343
 0.24707693616662 -0.16349349778147
 0.23678169747483 -0.16265926031071
 0.22667666878466 -0.16161600335865
 0.21676436848111 -0.16038416508029
 0.20704726691722 -0.15895799483341
 0.19752778579842 -0.15735277166418
 0.18820829757898 -0.15556963437776
 0.17909112487074 -0.15361113721059
 0.17017853986427 -0.15149071386955
 0.16147276376262 -0.14920488905341
 0.15297596622770 -0.14675554099330
 0.14469026483959 -0.14415719523760
 0.13661772456878 -0.14141396963322
 0.12876035726154 -0.13852247244967
 0.12112012113854 -0.13549675993400
 0.11369892030679 -0.13234684435114
 0.10649860428513 -0.12906968465746
 0.09952096754325 -0.12567840944314
 0.09276774905452 -0.12217401898686
 0.08624063186256 -0.11856086181733
 0.07994124266183 -0.11483922058221
 0.07387115139216 -0.11103071856604
 0.06803187084757 -0.10712126677416
 0.06242485629917 -0.10312552168256
 0.05705150513256 -0.09904565550363
 0.05191315649949 -0.09489470994967
 0.04701109098416 -0.09065971800716
 0.04234653028407 -0.08638108581868
 0.03792063690554 -0.08204278136320
 0.03373451387398 -0.07766300670624
 0.02978920445901 -0.07323920754095
 0.02608569191446 -0.06875903897837
 0.02262489923329 -0.06422463115825
 0.01940768891760 -0.05962302488237
 0.01643486276363 -0.05497578961445
 0.01370716166200 -0.05032580552383
 0.01122526541300 -0.04567442458798
 0.00898979255721 -0.04106109146263
 0.00700130022133 -0.03644561156756
 0.00526028397934 -0.03172627407778
 0.00376717772899 -0.02680018537294
 0.00252235358366 -0.02134306546409
 0.00152612177962 -0.01590406247156
 0.00077873059872 -0.01088647570051
 0.00028036630652 -0.00634231992835
 0.00003115310584 -0.00205739083884
 0.00000000000000  0.00000000000000
 0.00003115310584  0.00204853614698
 0.00028036630652  0.00633517589998
 0.00077873059872  0.01090583769259
 0.00152612177962  0.01591410665243
 0.00252235358366  0.02168553793998
 0.00376717772899  0.02791999327847
 0.00526028397934  0.03343140211680
 0.00700130022133  0.03850133941631
 0.00898979255721  0.04336156707777
 0.01122526541300  0.04822128438655
 0.01370716166200  0.05313320072050
 0.01643486276363  0.05804417586518
 0.01940768891760  0.06294016601612
 0.02262489923329  0.06777641928425
 0.02608569191446  0.07254842676835
 0.02978920445901  0.07726865006780
 0.03373451387398  0.08192441451973
 0.03792063690554  0.08652134955437
 0.04234653028407  0.09106126067528
 0.04701109098416  0.09551652896674
 0.05191315649949  0.09990190609989
 0.05705150513256  0.10418428729583
 0.06242485629917  0.10836982555899
 0.06803187084757  0.11244234322668
 0.07387115139216  0.11641086835489
 0.07994124266183  0.12026008649812
 0.08624063186256  0.12400092827506
 0.09276774905452  0.12761258998862
 0.09952096754325  0.13108858793017
 0.10649860428513  0.13441892661513
 0.11369892030679  0.13761204339746
 0.12112012113854  0.14065761711786
 0.12876035726154  0.14354777995662
 0.13661772456878  0.14628552932591
 0.14469026483959  0.14885751852711
 0.15297596622770  0.15125546089880
 0.16147276376262  0.15348323347599
 0.17017853986427  0.15553011723977
 0.17909112487074  0.15739306975064
 0.18820829757898  0.15907101737663
 0.19752778579842  0.16055605997912
 0.20704726691722  0.16185462834881
 0.21676436848111  0.16296248065254
 0.22667666878466  0.16388246329978
 0.23678169747483  0.16462337051180
 0.24707693616662  0.16517243543076
 0.25755981907072  0.16554832600009
 0.26822773363292  0.16573804008434
 0.27907802118528  0.16574262811746
 0.29010797760867  0.16557329016408
 0.30131485400669  0.16522494284938
 0.31269585739082  0.16470301792219
 0.32424815137639  0.16400728991695
 0.33596885688957  0.16314778265999
 0.34785505288481  0.16211698749793
 0.35990377707289  0.16092633322588
 0.37211202665914  0.15957331195775
 0.38447675909182  0.15806296155761
 0.39699489282039  0.15639850184000
 0.40966330806347  0.15457155110643
 0.42247884758641  0.15260387137385
 0.43543831748808  0.15049421954727
 0.44853848799689  0.14824543534847
 0.46177609427571  0.14586442493714
 0.47514783723553  0.14334903072888
 0.48865038435767  0.14069535483788
 0.50228037052432  0.13792798732425
 0.51603439885716  0.13504141249310
 0.52990904156400  0.13204870155048
 0.54390084079298  0.12895263555344
 0.55800630949442  0.12576606131914
 0.57222193228979  0.12247702482649
 0.58654416634787  0.11909735124347
 0.60096944226766  0.11563923386668
 0.61549416496799  0.11210280761603
 0.63011471458345  0.10848782925859
 0.64482744736657  0.10481023831450
 0.65962869659589  0.10106795334106
 0.67451477348979  0.09726433736180
 0.68948196812583  0.09340713775902
 0.70452655036533  0.08950313151174
 0.71964477078299  0.08554526590764
 0.73483286160132  0.08154672908826
 0.75008703762969  0.07750713413262
 0.76540349720763  0.07346351437826
 0.78077842315231  0.06941307326787
 0.79620798370985  0.06534604370743
 0.81168833351028  0.06125230820747
 0.82721561452590  0.05714222723299
 0.84278595703275  0.05302155598050
 0.85839548057505  0.04889757347166
 0.87404029493228  0.04477636746602
 0.88971650108872  0.04065952533355
 0.90542019220516  0.03655740973284
 0.92114745459252  0.03248992149675
 0.93689436868733  0.02847421897805
 0.95265701002844  0.02448317437224
 0.96843145023519  0.02053582772778
 0.98421375798636  0.01683345381115
 1.00000000000000  0.01297155853225
</coords>