<reference>
Airfoil "Interp_100000" created on 31-Oct-2019 15:10:14 for blade project BAR008_numad
</reference>
<coords>
 1.00000000000000  0.00000000000000
 0.98421375798636  0.00273201180128
 0.96843145023519  0.00456263328787
 0.95265701002844  0.00562475463854
 0.93689436868733  0.00604591415858
 0.92114745459252  0.00594936920043
 0.90542019220516  0.00545519561099
 0.88971650108872  0.00467750042359
 0.87404029493228  0.00367162441884
 0.85839548057505  0.00244783369921
 0.84278595703275  0.00101561132346
 0.82721561452590 -0.00060766523993
 0.81168833351028 -0.00239384816894
 0.79620798370985 -0.00431406997809
 0.78077842315231 -0.00634342981080
 0.76540349720763 -0.00846715669570
 0.75008703762969 -0.01067218236092
 0.73483286160132 -0.01294534862163
 0.71964477078299 -0.01527259280335
 0.70452655036533 -0.01763969600058
 0.68948196812583 -0.02003270167471
 0.67451477348979 -0.02243820998858
 0.65962869659589 -0.02484335479108
 0.64482744736657 -0.02723565366503
 0.63011471458345 -0.02960464422113
 0.61549416496799 -0.03194319999863
 0.60096944226766 -0.03424479254700
 0.58654416634787 -0.03650292568327
 0.57222193228979 -0.03871000262670
 0.55800630949442 -0.04085832088259
 0.54390084079298 -0.04294060718021
 0.52990904156400 -0.04495022770412
 0.51603439885716 -0.04688122430890
 0.50228037052432 -0.04872808487879
 0.48865038435767 -0.05048549019299
 0.47514783723553 -0.05214717935989
 0.46177609427571 -0.05370693205212
 0.44853848799689 -0.05515912292419
 0.43543831748808 -0.05650006964021
 0.42247884758641 -0.05772936963073
 0.40966330806347 -0.05884723616405
 0.39699489282039 -0.05985402023647
 0.38447675909182 -0.06074677318743
 0.37211202665914 -0.06151890994604
 0.35990377707289 -0.06216441984425
 0.34785505288481 -0.06267841495150
 0.33596885688957 -0.06306430043128
 0.32424815137639 -0.06333358534425
 0.31269585739082 -0.06349758916435
 0.30131485400669 -0.06356703411634
 0.29010797760867 -0.06354986792794
 0.27907802118528 -0.06344979329699
 0.26822773363292 -0.06327015941539
 0.25755981907072 -0.06301437110722
 0.24707693616662 -0.06268566030308
 0.23678169747483 -0.06228550693268
 0.22667666878466 -0.06181485189120
 0.21676436848111 -0.06127496755549
 0.20704726691722 -0.06066745465937
 0.19752778579842 -0.05999469767946
 0.18820829757898 -0.05926170454582
 0.17909112487074 -0.05847419466797
 0.17017853986427 -0.05763774826275
 0.16147276376262 -0.05675779843684
 0.15297596622770 -0.05583946641929
 0.14469026483959 -0.05488353418655
 0.13661772456878 -0.05388677095936
 0.12876035726154 -0.05284679971854
 0.12112012113854 -0.05176230643465
 0.11369892030679 -0.05063298711805
 0.10649860428513 -0.04945947122304
 0.09952096754325 -0.04824339226996
 0.09276774905452 -0.04698760351802
 0.08624063186256 -0.04569566923545
 0.07994124266183 -0.04437168894590
 0.07387115139216 -0.04301749747040
 0.06803187084757 -0.04163211255324
 0.06242485629917 -0.04021596416331
 0.05705150513256 -0.03877110179903
 0.05191315649949 -0.03729998153239
 0.04701109098416 -0.03580226711318
 0.04234653028407 -0.03427889444831
 0.03792063690554 -0.03273318128217
 0.03373451387398 -0.03117076095629
 0.02978920445901 -0.02959875602915
 0.02608569191446 -0.02800705931406
 0.02262489923329 -0.02636555057268
 0.01940768891760 -0.02465324524680
 0.01643486276363 -0.02285944743238
 0.01370716166200 -0.02099889470900
 0.01122526541300 -0.01910569023454
 0.00898979255721 -0.01720105631318
 0.00700130022133 -0.01529453718213
 0.00526028397934 -0.01338259507035
 0.00376717772899 -0.01146001161640
 0.00252235358366 -0.00952080482755
 0.00152612177962 -0.00755604125077
 0.00077873059872 -0.00554427492982
 0.00028036630652 -0.00343158531952
 0.00003115310584 -0.00121474614059
 0.00000000000000  0.00000000000000
 0.00012461048234  0.00224708366860
 0.00049841087383  0.00460637897587
 0.00112130801556  0.00696367541299
 0.00199314666851  0.00928064393049
 0.00311370955221  0.01153009577488
 0.00448271739889  0.01382539186123
 0.00609982902311  0.01627736493809
 0.00796464140674  0.01882205261373
 0.01007668979944  0.02137477950228
 0.01243544783448  0.02390845509931
 0.01504032765989  0.02643301137793
 0.01789068008502  0.02896634748459
 0.02098579474229  0.03153503571128
 0.02432490026423  0.03415747910961
 0.02790716447574  0.03682207493758
 0.03173169460149  0.03951610192728
 0.03579753748839  0.04222913066167
 0.04010367984314  0.04495333797764
 0.04464904848481  0.04768343194113
 0.04943251061222  0.05041520284321
 0.05445287408633  0.05314234162729
 0.05970888772732  0.05585925894540
 0.06519924162640  0.05856204850762
 0.07092256747227  0.06124854903845
 0.07687743889214  0.06391620396833
 0.08306237180721  0.06656082903979
 0.08947582480254  0.06917909370292
 0.09611619951118  0.07176900541403
 0.10298184101254  0.07432786365853
 0.11007103824482  0.07685101563894
 0.11738202443145  0.07933422997921
 0.12491297752141  0.08177400276662
 0.13266202064329  0.08416761435604
 0.14062722257309  0.08651309917546
 0.14880659821551  0.08880912097761
 0.15719810909865  0.09105220633448
 0.16579966388208  0.09323688279496
 0.17460911887802  0.09535787649858
 0.18362427858560  0.09741019040766
 0.19284289623801  0.09938908782447
 0.20226267436248  0.10129014261059
 0.21188126535281  0.10310905163280
 0.22169627205447  0.10484178216698
 0.23170524836203  0.10648457197876
 0.24190569982875  0.10803395618692
 0.25229508428829  0.10948671658822
 0.26287081248822  0.11083926437244
 0.27363024873536  0.11208785598798
 0.28457071155263  0.11322895314344
 0.29568947434733  0.11425928702865
 0.30698376609067  0.11517448681382
 0.31845077200837  0.11596393355820
 0.33008763428214  0.11661471816439
 0.34189145276196  0.11711333637680
 0.35385928568879  0.11744619586847
 0.36598815042776  0.11760806711139
 0.37827502421150  0.11760157090912
 0.39071684489348  0.11743026071429
 0.40331051171114  0.11709830789844
 0.41605288605869  0.11660701678001
 0.42894079226931  0.11595359824297
 0.44197101840656  0.11513515011635
 0.45514031706493  0.11414905556963
 0.46844540617910  0.11299587440115
 0.48188296984192  0.11167987575268
 0.49544965913082  0.11020614587669
 0.50914209294241  0.10858017247976
 0.52295685883511  0.10680516475654
 0.53689051387965  0.10488299945322
 0.55093958551708  0.10281590999643
 0.56510057242421  0.10060594001825
 0.57936994538622  0.09825339943148
 0.59374414817621  0.09575834991097
 0.60821959844151  0.09312123536749
 0.62279268859642  0.09034700029864
 0.63745978672138  0.08744547318071
 0.65221723746802  0.08442736021152
 0.66706136297024  0.08130187176416
 0.68198846376076  0.07807130653878
 0.69699481969313  0.07473658006448
 0.71207669086883  0.07129924057318
 0.72723031856940  0.06776623324603
 0.74245192619310  0.06414811349498
 0.75773772019622  0.06045594693464
 0.77308389103841  0.05670145921151
 0.78848661413218  0.05289708168135
 0.80394205079602  0.04905562612831
 0.81944634921110  0.04518709907651
 0.83499564538120  0.04129356412123
 0.85058606409574  0.03737581273428
 0.86621371989552  0.03343813139600
 0.88187471804109  0.02950120343402
 0.89756515548339  0.02559070828440
 0.91328112183645  0.02172740088966
 0.92901870035198  0.01789293086230
 0.94477396889549  0.01405054801361
 0.96054300092375  0.01016312948030
 0.97632186646338  0.00619315156314
 0.99210663309029  0.00210257432017
</coords>