<reference>
Airfoil "Interp_066381" created on 31-Oct-2019 15:10:14 for blade project BAR008_numad
</reference>
<coords>
 1.00000000000000  0.00000000000000
 1.00000000000000 -0.00559882425924
 0.98421375798636 -0.00310246916633
 0.96843145023519 -0.00084393127797
 0.95265701002844  0.00098676327784
 0.93689436868733  0.00235866038096
 0.92114745459252  0.00325876918433
 0.90542019220516  0.00367543792243
 0.88971650108872  0.00359412762665
 0.87404029493228  0.00303077664573
 0.85839548057505  0.00203043137712
 0.84278595703275  0.00061952750000
 0.82721561452590 -0.00118383176402
 0.81168833351028 -0.00338154073100
 0.79620798370985 -0.00596808364998
 0.78077842315231 -0.00896251190052
 0.76540349720763 -0.01236406875874
 0.75008703762969 -0.01608920417836
 0.73483286160132 -0.02010850545433
 0.71964477078299 -0.02439892498894
 0.70452655036533 -0.02892901429631
 0.68948196812583 -0.03380358937866
 0.67451477348979 -0.03888738833226
 0.65962869659589 -0.04406520280978
 0.64482744736657 -0.04931520812636
 0.63011471458345 -0.05460125984401
 0.61549416496799 -0.05987551041090
 0.60096944226766 -0.06511450426461
 0.58654416634787 -0.07027020176436
 0.57222193228979 -0.07532247217945
 0.55800630949442 -0.08021727215838
 0.54390084079298 -0.08495621530678
 0.52990904156400 -0.08949971035941
 0.51603439885716 -0.09383063633146
 0.50228037052432 -0.09794070720857
 0.48865038435767 -0.10181248995793
 0.47514783723553 -0.10543500373550
 0.46177609427571 -0.10879800233326
 0.44853848799689 -0.11190083744167
 0.43543831748808 -0.11473746077066
 0.42247884758641 -0.11732770772939
 0.40966330806347 -0.11966031647285
 0.39699489282039 -0.12173291470298
 0.38447675909182 -0.12356354550042
 0.37211202665914 -0.12514444441905
 0.35990377707289 -0.12648422854920
 0.34785505288481 -0.12758040056038
 0.33596885688957 -0.12845062268976
 0.32424815137639 -0.12909422591391
 0.31269585739082 -0.12952640815459
 0.30131485400669 -0.12974297521373
 0.29010797760867 -0.12975156961291
 0.27907802118528 -0.12955877544759
 0.26822773363292 -0.12916496607233
 0.25755981907072 -0.12858696264101
 0.24707693616662 -0.12782321187833
 0.23678169747483 -0.12688572386498
 0.22667666878466 -0.12577580057049
 0.21676436848111 -0.12449779048361
 0.20704726691722 -0.12305015729096
 0.19752778579842 -0.12144987496558
 0.18820829757898 -0.11968932459740
 0.17909112487074 -0.11779027667243
 0.17017853986427 -0.11574769362547
 0.16147276376262 -0.11356004852364
 0.15297596622770 -0.11124769647526
 0.14469026483959 -0.10881329158075
 0.13661772456878 -0.10626484862347
 0.12876035726154 -0.10360574405275
 0.12112012113854 -0.10084363692391
 0.11369892030679 -0.09798818165848
 0.10649860428513 -0.09504806403243
 0.09952096754325 -0.09202158447731
 0.09276774905452 -0.08892671843820
 0.08624063186256 -0.08577530464516
 0.07994124266183 -0.08256289212750
 0.07387115139216 -0.07930525935117
 0.06803187084757 -0.07601205606560
 0.06242485629917 -0.07267775347378
 0.05705150513256 -0.06931554479659
 0.05191315649949 -0.06594319515257
 0.04701109098416 -0.06256192772394
 0.04234653028407 -0.05917403232224
 0.03792063690554 -0.05578636769664
 0.03373451387398 -0.05240429705655
 0.02978920445901 -0.04902696374952
 0.02608569191446 -0.04565509304201
 0.02262489923329 -0.04230217290009
 0.01940768891760 -0.03900352155716
 0.01643486276363 -0.03579903337928
 0.01370716166200 -0.03260286617936
 0.01122526541300 -0.02940729124227
 0.00898979255721 -0.02623193468927
 0.00700130022133 -0.02310631136845
 0.00526028397934 -0.02005615803470
 0.00376717772899 -0.01706384803188
 0.00252235358366 -0.01406718312069
 0.00152612177962 -0.01111987448458
 0.00077873059872 -0.00808909915120
 0.00028036630652 -0.00493764989419
 0.00003115310584 -0.00165911003188
 0.00000000000000  0.00000000000000
 0.00003115310584  0.00170488803480
 0.00028036630652  0.00511961270789
 0.00077873059872  0.00855904063514
 0.00152612177962  0.01206820631117
 0.00252235358366  0.01566591674750
 0.00376717772899  0.01923101581920
 0.00526028397934  0.02284937416420
 0.00700130022133  0.02643603535097
 0.00898979255721  0.03001973122789
 0.01122526541300  0.03362485816787
 0.01370716166200  0.03726045848376
 0.01643486276363  0.04091200111145
 0.01940768891760  0.04456987228590
 0.02262489923329  0.04815831367146
 0.02608569191446  0.05171226529351
 0.02978920445901  0.05524736718182
 0.03373451387398  0.05877614114380
 0.03792063690554  0.06230112957412
 0.04234653028407  0.06580883517619
 0.04701109098416  0.06928896562793
 0.05191315649949  0.07273439283460
 0.05705150513256  0.07613945094142
 0.06242485629917  0.07950319107180
 0.06803187084757  0.08282046547820
 0.07387115139216  0.08608287455855
 0.07994124266183  0.08928533247769
 0.08624063186256  0.09241922506633
 0.09276774905452  0.09547944734405
 0.09952096754325  0.09846278300289
 0.10649860428513  0.10135274633935
 0.11369892030679  0.10414460450337
 0.12112012113854  0.10684325886070
 0.12876035726154  0.10943617768614
 0.13661772456878  0.11191975801610
 0.14469026483959  0.11428573316757
 0.15297596622770  0.11651827448839
 0.16147276376262  0.11862694585237
 0.17017853986427  0.12061254447482
 0.17909112487074  0.12244981908251
 0.18820829757898  0.12414251038264
 0.19752778579842  0.12568708263080
 0.20704726691722  0.12708530936361
 0.21676436848111  0.12832621186140
 0.22667666878466  0.12940897167734
 0.23678169747483  0.13034216315336
 0.24707693616662  0.13111906904268
 0.25755981907072  0.13174552967354
 0.26822773363292  0.13221674984723
 0.27907802118528  0.13251387107425
 0.29010797760867  0.13265117005295
 0.30131485400669  0.13262646915555
 0.31269585739082  0.13244935728170
 0.32424815137639  0.13210236860742
 0.33596885688957  0.13161979274025
 0.34785505288481  0.13097803423068
 0.35990377707289  0.13018092681313
 0.37211202665914  0.12923956628424
 0.38447675909182  0.12815606348636
 0.39699489282039  0.12692410128190
 0.40966330806347  0.12556715866285
 0.42247884758641  0.12406280674052
 0.43543831748808  0.12243002654269
 0.44853848799689  0.12067896130659
 0.46177609427571  0.11879512651753
 0.47514783723553  0.11679438893616
 0.48865038435767  0.11466578299811
 0.50228037052432  0.11242626056400
 0.51603439885716  0.11006984159328
 0.52990904156400  0.10762362755945
 0.54390084079298  0.10507351888048
 0.55800630949442  0.10242767489288
 0.57222193228979  0.09969015105075
 0.58654416634787  0.09685818740410
 0.60096944226766  0.09395223746845
 0.61549416496799  0.09096745822132
 0.63011471458345  0.08790813001734
 0.64482744736657  0.08478438492362
 0.65962869659589  0.08160533028811
 0.67451477348979  0.07838656306166
 0.68948196812583  0.07514269285693
 0.70452655036533  0.07184494224853
 0.71964477078299  0.06835840581057
 0.73483286160132  0.06484139522911
 0.75008703762969  0.06130242016473
 0.76540349720763  0.05777108300666
 0.78077842315231  0.05427402980751
 0.79620798370985  0.05076727663572
 0.81168833351028  0.04726143208931
 0.82721561452590  0.04374793122643
 0.84278595703275  0.04024045757258
 0.85839548057505  0.03673243557115
 0.87404029493228  0.03323785600644
 0.88971650108872  0.02975616170818
 0.90542019220516  0.02629402286262
 0.92114745459252  0.02286154292187
 0.93689436868733  0.01945438103550
 0.95265701002844  0.01607685927588
 0.96843145023519  0.01269576635846
 0.98421375798636  0.00926950191672
 1.00000000000000  0.00593015702403
</coords>