<reference>
Airfoil "Interp_052272" created on 31-Oct-2019 15:10:14 for blade project BAR008_numad
</reference>
<coords>
 1.00000000000000  0.00000000000000
 1.00000000000000 -0.00809316234239
 0.98421375798636 -0.00510917471625
 0.96843145023519 -0.00261167902524
 0.95265701002844 -0.00076704436103
 0.93689436868733  0.00047451564854
 0.92114745459252  0.00116007393282
 0.90542019220516  0.00129786771306
 0.88971650108872  0.00088671195663
 0.87404029493228 -0.00006208221209
 0.85839548057505 -0.00150593671011
 0.84278595703275 -0.00340803914774
 0.82721561452590 -0.00574481489158
 0.81168833351028 -0.00849454599674
 0.79620798370985 -0.01164411989553
 0.78077842315231 -0.01519639447232
 0.76540349720763 -0.01914870111315
 0.75008703762969 -0.02347715039012
 0.73483286160132 -0.02812308949759
 0.71964477078299 -0.03303160381557
 0.70452655036533 -0.03817700664959
 0.68948196812583 -0.04352729445071
 0.67451477348979 -0.04905098913027
 0.65962869659589 -0.05467716830521
 0.64482744736657 -0.06035835475551
 0.63011471458345 -0.06606494849483
 0.61549416496799 -0.07175471052666
 0.60096944226766 -0.07737976371127
 0.58654416634787 -0.08290771105556
 0.57222193228979 -0.08830760470722
 0.55800630949442 -0.09353837820130
 0.54390084079298 -0.09860069116251
 0.52990904156400 -0.10344286679253
 0.51603439885716 -0.10807192981699
 0.50228037052432 -0.11245058194107
 0.48865038435767 -0.11659675001590
 0.47514783723553 -0.12047928683087
 0.46177609427571 -0.12408754632841
 0.44853848799689 -0.12743926357428
 0.43543831748808 -0.13051828046806
 0.42247884758641 -0.13333899542466
 0.40966330806347 -0.13588910335903
 0.39699489282039 -0.13818063710226
 0.38447675909182 -0.14020523277682
 0.37211202665914 -0.14198442005940
 0.35990377707289 -0.14350094211211
 0.34785505288481 -0.14477054568781
 0.33596885688957 -0.14579682298506
 0.32424815137639 -0.14658428064372
 0.31269585739082 -0.14713793278091
 0.30131485400669 -0.14746865737540
 0.29010797760867 -0.14757863485042
 0.27907802118528 -0.14746912462876
 0.26822773363292 -0.14713691301709
 0.25755981907072 -0.14661015085920
 0.24707693616662 -0.14588164437778
 0.23678169747483 -0.14495319647708
 0.22667666878466 -0.14383089096151
 0.21676436848111 -0.14252149844678
 0.20704726691722 -0.14103200163117
 0.19752778579842 -0.13936512549267
 0.18820829757898 -0.13752407239645
 0.17909112487074 -0.13551672406115
 0.17017853986427 -0.13335071940113
 0.16147276376262 -0.13101639087250
 0.15297596622770 -0.12853146493753
 0.14469026483959 -0.12591039960208
 0.13661772456878 -0.12315205134515
 0.12876035726154 -0.12025727977519
 0.12112012113854 -0.11724218730632
 0.11369892030679 -0.11411497908384
 0.10649860428513 -0.11087750784842
 0.09952096754325 -0.10753492608455
 0.09276774905452 -0.10410481261602
 0.08624063186256 -0.10059549988991
 0.07994124266183 -0.09700742911383
 0.07387115139216 -0.09335790106303
 0.06803187084757 -0.08965398022092
 0.06242485629917 -0.08589426769404
 0.05705150513256 -0.08209547003031
 0.05191315649949 -0.07826870917009
 0.04701109098416 -0.07441047749011
 0.04234653028407 -0.07052749167566
 0.03792063690554 -0.06663276264864
 0.03373451387398 -0.06273581201277
 0.02978920445901 -0.05884310716887
 0.02608569191446 -0.05495437744621
 0.02262489923329 -0.05107144037103
 0.01940768891760 -0.04720228121285
 0.01643486276363 -0.04335602394292
 0.01370716166200 -0.03952526298308
 0.01122526541300 -0.03571319531985
 0.00898979255721 -0.03191783917139
 0.00700130022133 -0.02813628554112
 0.00526028397934 -0.02437545328673
 0.00376717772899 -0.02065086095113
 0.00252235358366 -0.01692996362006
 0.00152612177962 -0.01333136602713
 0.00077873059872 -0.00970012915164
 0.00028036630652 -0.00594287099527
 0.00003115310584 -0.00202882375157
 0.00000000000000  0.00000000000000
 0.00003115310584  0.00199145159011
 0.00028036630652  0.00601589447032
 0.00077873059872  0.00999334400592
 0.00152612177962  0.01395639515278
 0.00252235358366  0.01792138539672
 0.00376717772899  0.02181325968324
 0.00526028397934  0.02580598263269
 0.00700130022133  0.02981912124614
 0.00898979255721  0.03385320468898
 0.01122526541300  0.03790299761155
 0.01370716166200  0.04196293310319
 0.01643486276363  0.04602473064593
 0.01940768891760  0.05008260650324
 0.02262489923329  0.05412294106012
 0.02608569191446  0.05814220079038
 0.02978920445901  0.06213699045416
 0.03373451387398  0.06610957693017
 0.03792063690554  0.07005844822417
 0.04234653028407  0.07397638735622
 0.04701109098416  0.07785692178716
 0.05191315649949  0.08169415724371
 0.05705150513256  0.08547717630030
 0.06242485629917  0.08919679302496
 0.06803187084757  0.09285195126852
 0.07387115139216  0.09644017395933
 0.07994124266183  0.09995474268119
 0.08624063186256  0.10338004005103
 0.09276774905452  0.10670962214980
 0.09952096754325  0.10994772811229
 0.10649860428513  0.11307249984210
 0.11369892030679  0.11607597005181
 0.12112012113854  0.11896557144642
 0.12876035726154  0.12172439290884
 0.13661772456878  0.12435135806299
 0.14469026483959  0.12684198671611
 0.15297596622770  0.12918281921790
 0.16147276376262  0.13138022973458
 0.17017853986427  0.13342115256968
 0.17909112487074  0.13529993449895
 0.18820829757898  0.13701323778193
 0.19752778579842  0.13855564253446
 0.20704726691722  0.13993472790657
 0.21676436848111  0.14113801565998
 0.22667666878466  0.14216980162328
 0.23678169747483  0.14303798964858
 0.24707693616662  0.14373100114087
 0.25755981907072  0.14426563999884
 0.26822773363292  0.14462904339802
 0.27907802118528  0.14482074777732
 0.29010797760867  0.14484993657815
 0.30131485400669  0.14470693655766
 0.31269585739082  0.14440432077631
 0.32424815137639  0.14393442458349
 0.33596885688957  0.14332661141439
 0.34785505288481  0.14255387939712
 0.35990377707289  0.14163194929055
 0.37211202665914  0.14055727738652
 0.38447675909182  0.13934286539097
 0.39699489282039  0.13798136442692
 0.40966330806347  0.13647238464274
 0.42247884758641  0.13482826038893
 0.43543831748808  0.13305624468858
 0.44853848799689  0.13114915548450
 0.46177609427571  0.12912023415184
 0.47514783723553  0.12696142877843
 0.48865038435767  0.12467362035120
 0.50228037052432  0.12227562992008
 0.51603439885716  0.11976159156991
 0.52990904156400  0.11715689360305
 0.54390084079298  0.11444822661996
 0.55800630949442  0.11165600542100
 0.57222193228979  0.10876461894359
 0.58654416634787  0.10578410924309
 0.60096944226766  0.10272354336061
 0.61549416496799  0.09958728586262
 0.63011471458345  0.09637116111734
 0.64482744736657  0.09309047672881
 0.65962869659589  0.08973853529483
 0.67451477348979  0.08632251035838
 0.68948196812583  0.08284747575643
 0.70452655036533  0.07932706329904
 0.71964477078299  0.07572322817218
 0.73483286160132  0.07207664006355
 0.75008703762969  0.06839030367553
 0.76540349720763  0.06464471039578
 0.78077842315231  0.06084408988572
 0.79620798370985  0.05704185869224
 0.81168833351028  0.05322513745886
 0.82721561452590  0.04939564052111
 0.84278595703275  0.04557022618893
 0.85839548057505  0.04174674494932
 0.87404029493228  0.03794184559634
 0.88971650108872  0.03415713080392
 0.90542019220516  0.03039587253011
 0.92114745459252  0.02667315934432
 0.93689436868733  0.02300525049301
 0.95265701002844  0.01937523979818
 0.96843145023519  0.01578076419622
 0.98421375798636  0.01215802000495
 1.00000000000000  0.00851609696462
</coords>