<reference>
Airfoil "Interp_008000" created on 31-Oct-2019 15:10:14 for blade project BAR008_numad
</reference>
<coords>
 1.00000000000000  0.00010563264287
 0.99483477908373 -0.01323196547656
 0.98933026224827 -0.02498514727178
 0.98348820328086 -0.03692442511583
 0.97731069429915 -0.04904065990750
 0.97080016459562 -0.06125467062573
 0.96395937914523 -0.07364109601707
 0.95679143677761 -0.08614549576781
 0.94929976801517 -0.09870882245171
 0.94148813257931 -0.11133739321220
 0.93336061656673 -0.12392035543000
 0.92492162929866 -0.13646034081173
 0.91617589984574 -0.14888822718175
 0.90712847323190 -0.16125637710224
 0.89778470632074 -0.17354154174004
 0.88815026338827 -0.18564828518385
 0.87823111138626 -0.19753931983050
 0.86803351490063 -0.20926316315072
 0.85756403080973 -0.22076650531204
 0.84682950264752 -0.23197554508198
 0.83583705467721 -0.24291943284847
 0.82459408568087 -0.25360205528464
 0.81310826247105 -0.26400715218094
 0.80138751313073 -0.27405285447864
 0.78944001998795 -0.28374656186330
 0.77727421233209 -0.29317795396927
 0.76489875887870 -0.30224360251286
 0.75232255999026 -0.31095373617868
 0.73955473966033 -0.31933736799832
 0.72660463726902 -0.32732439556174
 0.71348179911756 -0.33502524652589
 0.70019596975043 -0.34225311071461
 0.68675708307328 -0.34916398740897
 0.67317525327548 -0.35569816683450
 0.65946076556601 -0.36182324420514
 0.64562406673177 -0.36751551284824
 0.63167575552749 -0.37284394901643
 0.61762657290670 -0.37780808608682
 0.60348739210318 -0.38234553562675
 0.58926920857267 -0.38646213800791
 0.57498312980466 -0.39020011910764
 0.56064036501418 -0.39353475441341
 0.54625221472371 -0.39646641349591
 0.53183006024541 -0.39894776054780
 0.51738535307396 -0.40109530101315
 0.50292960420036 -0.40278418308822
 0.48847437335726 -0.40413674545904
 0.47403125820624 -0.40502828826633
 0.45961188347774 -0.40553243924732
 0.44522789007421 -0.40558077517263
 0.43089092414727 -0.40529218169198
 0.41661262615952 -0.40466304842924
 0.40240461994166 -0.40353092400082
 0.38827850175595 -0.40210006695237
 0.37424582937638 -0.40024904879487
 0.36031811119655 -0.39797874707688
 0.34650679537582 -0.39540749259079
 0.33282325903450 -0.39237962117580
 0.31927879750856 -0.38906727507828
 0.30588461367459 -0.38533249596601
 0.29265180735533 -0.38126263891224
 0.27959136481633 -0.37678188863743
 0.26671414836404 -0.37196913378346
 0.25403088605543 -0.36683867871432
 0.24155216152954 -0.36130602827643
 0.22928840397061 -0.35546504394232
 0.21724987821301 -0.34927224186760
 0.20544667499747 -0.34279358134906
 0.19388870138829 -0.33592200544578
 0.18258567136099 -0.32877286022833
 0.17154709656961 -0.32134161044808
 0.16078227730277 -0.31354163854499
 0.15030029363744 -0.30548007716069
 0.14010999679904 -0.29710617861367
 0.13022000073649 -0.28844659700398
 0.12063867392039 -0.27949030428125
 0.11137413137255 -0.27030379807970
 0.10243422693457 -0.26080219026194
 0.09382654578322 -0.25107685964038
 0.08555839719991 -0.24112964339324
 0.07763680760139 -0.23101148580188
 0.07006851383864 -0.22054467239946
 0.06285995677033 -0.20995279864140
 0.05601727511750 -0.19913323221790
 0.04954629960520 -0.18806488980809
 0.04345254739714 -0.17683296898957
 0.03774121682859 -0.16541805677833
 0.03241718244292 -0.15384134714832
 0.02748499033658 -0.14212882022458
 0.02294885381709 -0.13028635866366
 0.01881264937841 -0.11841846776334
 0.01507991299753 -0.10633157651492
 0.01175383675608 -0.09397157096948
 0.00883726579014 -0.08144206260021
 0.00633269557144 -0.06865455700528
 0.00424226952237 -0.05592489469100
 0.00256777696747 -0.04327830502239
 0.00131065142310 -0.03050863275063
 0.00047196922730 -0.01746986475753
 0.00005244851085 -0.00568815077584
 0.00000000000000  0.00000000000000
 0.00020978281457  0.01172125689530
 0.00083895161826  0.02388605588096
 0.00188696766275  0.03642621545400
 0.00335293360640  0.04905809107793
 0.00523559437205  0.06219273284576
 0.00753333834668  0.07506373640590
 0.01024419892184  0.08793193966350
 0.01336585637335  0.10045511889692
 0.01689564007824  0.11269996952044
 0.02083053106704  0.12473233439047
 0.02516716490856  0.13669294990320
 0.02990183492465  0.14844806137435
 0.03503049573147  0.16005636005054
 0.04054876710402  0.17167568360060
 0.04645193815999  0.18308508971866
 0.05273497185877  0.19426800887209
 0.05939250981135  0.20524319652562
 0.06641887739620  0.21602986843629
 0.07380808917616  0.22666757987257
 0.08155385461100  0.23701721988109
 0.08964958406001  0.24715646561643
 0.09808839506871  0.25706237577210
 0.10686311893345  0.26673898457463
 0.11596630753749  0.27615748602813
 0.12539024045178  0.28529112687567
 0.13512693229342  0.29416661754356
 0.14516814033468  0.30273851631151
 0.15550537235482  0.31096741314560
 0.16612989472733  0.31894459902955
 0.17703274073424  0.32661554507210
 0.18820471909969  0.33399119208914
 0.19963642273400  0.34104983396490
 0.21131823767989  0.34775170393034
 0.22324035225192  0.35413793821551
 0.23539276636016  0.36016188950659
 0.24776530100892  0.36588333572752
 0.26034760796125  0.37128889096750
 0.27312917955953  0.37625927393378
 0.28609935869269  0.38091277096189
 0.29924734890011  0.38519541837467
 0.31256222460228  0.38905773020502
 0.32603294144823  0.39261144579817
 0.33964834676944  0.39573652976997
 0.35339719013006  0.39849332176821
 0.36726813396292  0.40086283737089
 0.38124976428104  0.40285957947967
 0.39533060145404  0.40446439070975
 0.40949911103875  0.40564061225946
 0.42374371465355  0.40643730935709
 0.43805280088568  0.40688914043011
 0.45241473622077  0.40686115366651
 0.46681787598390  0.40649811002706
 0.48125057528147  0.40570215189856
 0.49570119993305  0.40448757847336
 0.51015813738257  0.40292054699678
 0.52460980757811  0.40097880671086
 0.53904467380965  0.39857691256008
 0.55345125349405  0.39583825537984
 0.56781812889680  0.39271731813455
 0.58213395778003  0.38918849943699
 0.59638748396626  0.38528245530901
 0.61056754780759  0.38097008083399
 0.62466309655016  0.37629024534808
 0.63866319458355  0.37123546973560
 0.65255703356534  0.36582597020920
 0.66633394241069  0.36001675960717
 0.67998339713737  0.35384979730441
 0.69349503055649  0.34731740190834
 0.70685864179956  0.34041132245812
 0.72006420567249  0.33317768299770
 0.73310188182755  0.32561025198205
 0.74596202374420  0.31771605787186
 0.75863518751010  0.30944528294575
 0.77111214039386  0.30090911868042
 0.78338386920100  0.29206464188057
 0.79544158840513  0.28292358092312
 0.80727674804646  0.27344343947542
 0.81888104138993  0.26372799680154
 0.83024641233557  0.25371815323908
 0.84136506257384  0.24341029284168
 0.85222945847927  0.23284348073352
 0.86283233773541  0.22205669924959
 0.87316671568498  0.21105578000139
 0.88322589139899  0.19979760152571
 0.89300345345904  0.18833588353051
 0.90249328544721  0.17662376833447
 0.91168957113834  0.16477659704600
 0.92058679938980  0.15270100714614
 0.92917976872392  0.14048572471618
 0.93746359159896  0.12804755821279
 0.94543369836447  0.11545985431792
 0.95308584089727  0.10272497790746
 0.96041609591486  0.08990929409417
 0.96742086796294  0.07690273161426
 0.97409689207445  0.06374330298378
 0.98044123609771  0.05054260083339
 0.98645130269143  0.03711014817720
 0.99212483098505  0.02352241042426
 0.99745989790277  0.00954206373833
</coords>