<reference>
Airfoil "Interp_014000" created on 31-Oct-2019 15:10:14 for blade project BAR008_numad
</reference>
<coords>
 1.00000000000000  0.00030613668101
 0.98664141995148 -0.01213585610783
 0.97320832155246 -0.01838486462921
 0.95970413991471 -0.02533269960730
 0.94613238597003 -0.03295003423866
 0.93249664545037 -0.04101574790255
 0.91880057779146 -0.04967839446410
 0.90504791496047 -0.05880178166878
 0.89124246020837 -0.06827541073977
 0.87738808674745 -0.07814595765206
 0.86348873635480 -0.08816509305745
 0.84954841790253 -0.09834671009807
 0.83557120581553 -0.10854032250709
 0.82156123845775 -0.11889289740307
 0.80752271644795 -0.12935849071377
 0.79345990090606 -0.13969790969932
 0.77937711163119 -0.14986158316987
 0.76527872521259 -0.15998491273731
 0.75116917307481 -0.16994099954491
 0.73705293945840 -0.17954402179631
 0.72293455933758 -0.18889581901787
 0.70881861627632 -0.19802510258933
 0.69470974022450 -0.20691131858264
 0.68061260525552 -0.21534924492158
 0.66653192724734 -0.22336795011760
 0.65247246150836 -0.23121776333413
 0.63843900035018 -0.23863660282344
 0.62443637060898 -0.24566895822025
 0.61046943111734 -0.25241365787035
 0.59654307012861 -0.25870406154200
 0.58266220269574 -0.26484484872495
 0.56883176800661 -0.27034778809588
 0.55505672667799 -0.27563551075281
 0.54134205801030 -0.28056641494935
 0.52769275720529 -0.28506647815422
 0.51411383254896 -0.28909168114425
 0.50061030256183 -0.29282609903555
 0.48718719311914 -0.29628257606427
 0.47384953454296 -0.29930123001272
 0.46060235866898 -0.30191080742559
 0.44745069589003 -0.30423836428864
 0.43439957217897 -0.30621954313260
 0.42145400609339 -0.30786410560463
 0.40861900576457 -0.30905326362547
 0.39589956587314 -0.31009282193485
 0.38330066461408 -0.31066130211193
 0.37082726065361 -0.31109083308002
 0.35848429008036 -0.31106685274946
 0.34627666335354 -0.31076994857831
 0.33420926225070 -0.31002603713497
 0.32228693681749 -0.30913513417765
 0.31051450232225 -0.30809263274673
 0.29889673621778 -0.30649841896167
 0.28743837511306 -0.30483411150247
 0.27614411175743 -0.30283021581764
 0.26501859203980 -0.30047103754946
 0.25406641200550 -0.29804956769135
 0.24329211489331 -0.29517660047027
 0.23270018819524 -0.29226666465287
 0.22229506074155 -0.28897839421131
 0.21208109981357 -0.28552574453009
 0.20206260828687 -0.28172178388712
 0.19224382180708 -0.27774626606674
 0.18262890600098 -0.27362892530617
 0.17322195372526 -0.26915007529557
 0.16402698235525 -0.26452774806040
 0.15504793111603 -0.25965268694322
 0.14628865845832 -0.25468150409384
 0.13775293948134 -0.24932718496298
 0.12944446340489 -0.24386453873165
 0.12136683109301 -0.23827639472135
 0.11352355263114 -0.23233223537170
 0.10591804495919 -0.22629242279950
 0.09855362956233 -0.22001198316111
 0.09143353022175 -0.21353752195378
 0.08456087082718 -0.20682392157931
 0.07793867325328 -0.20001935091777
 0.07156985530155 -0.19289515087766
 0.06545722870986 -0.18567247982407
 0.05960349723101 -0.17834680888907
 0.05401125478239 -0.17102253264680
 0.04868298366797 -0.16322907986265
 0.04362105287463 -0.15550804752120
 0.03882771644393 -0.14758166665158
 0.03430511192100 -0.13937886736431
 0.03005525888193 -0.13110214272982
 0.02608005754079 -0.12267535896518
 0.02238128743767 -0.11411393985273
 0.01896060620888 -0.10547622810341
 0.01581954844030 -0.09677817028245
 0.01295952460509 -0.08826240815198
 0.01038182008642 -0.07942562757920
 0.00808759428641 -0.07009208336631
 0.00607787982181 -0.06048769549880
 0.00435358180727 -0.05024956082667
 0.00291547722680 -0.04011900076929
 0.00176421439399 -0.03036361307089
 0.00090031250144 -0.02059052811942
 0.00032416125984 -0.01034411637572
 0.00003602062699 -0.00320694263798
 0.00000000000000  0.00000000000000
 0.00014407844399  0.00681262130556
 0.00057624875827  0.01487866539956
 0.00129631593491  0.02395177355006
 0.00230395511145  0.03350733579296
 0.00359871179674  0.04462714654421
 0.00518000218696  0.05514238096596
 0.00704711357139  0.06565433028598
 0.00919920482768  0.07538881593692
 0.01163530700603  0.08455471290751
 0.01435432400192  0.09339001606915
 0.01735503331673  0.10228649165174
 0.02063608690551  0.11092129267645
 0.02419601211124  0.11945161032269
 0.02803321268475  0.12828227286558
 0.03214596988928  0.13687640831710
 0.03653244368887  0.14521925530400
 0.04119067401935  0.15339981647993
 0.04611858214098  0.16145834562436
 0.05131397207140  0.16951624109408
 0.05677453209765  0.17724826552449
 0.06249783636603  0.18486733318160
 0.06848134654821  0.19234119032532
 0.07472241358230  0.19969505957623
 0.08121827948718  0.20686539494022
 0.08796607924863  0.21379832767678
 0.09496284277549  0.22057750625167
 0.10220549692417  0.22710611072179
 0.10969086758972  0.23330368100001
 0.11741568186163  0.23941986569431
 0.12537657024240  0.24533015952152
 0.13357006892705  0.25107295930473
 0.14199262214143  0.25660188692144
 0.15064058453737  0.26182564529539
 0.15951022364254  0.26686658324828
 0.16859772236285  0.27162165068388
 0.17789918153528  0.27624409669930
 0.18741062252875  0.28070828034816
 0.19712798989094  0.28472597520137
 0.20704715403865  0.28861045010864
 0.21716391398935  0.29222555154635
 0.22747400013158  0.29546481590251
 0.23797307703176  0.29859784354598
 0.24865674627504  0.30135170227701
 0.25952054933758  0.30385363926577
 0.27055997048799  0.30608696183775
 0.28177043971521  0.30808039858487
 0.29314733568041  0.30979300309813
 0.30468598869042  0.31115217121083
 0.31638168368998  0.31224325455852
 0.32822966327038  0.31317787954107
 0.34022513069183  0.31363081964981
 0.35236325291706  0.31393734099636
 0.36463916365342  0.31386657177700
 0.37704796640107  0.31344241746669
 0.38958473750451  0.31284011935665
 0.40224452920498  0.31199850756513
 0.41502237269108  0.31068164351161
 0.42791328114504  0.30920616471708
 0.44091225278215  0.30745366039774
 0.45401427388071  0.30535208549551
 0.46721432180004  0.30297797620168
 0.48050736798394  0.30024718152206
 0.49388838094727  0.29724688263890
 0.50735232924297  0.29395900475268
 0.52089418440727  0.29041542863946
 0.53450892388051  0.28649450547617
 0.54819153390125  0.28230237650983
 0.56193701237143  0.27779094807937
 0.57574037168992  0.27293553252658
 0.58959664155260  0.26783924711579
 0.60350087171640  0.26248021087495
 0.61744813472518  0.25686411083123
 0.63143352859539  0.25084216470475
 0.64545217945919  0.24468927148647
 0.65949924416318  0.23826873363994
 0.67356991282052  0.23159368835268
 0.68765941131452  0.22453410071620
 0.70176300375188  0.21735888437753
 0.71587599486357  0.20988938821588
 0.72999373235158  0.20210055552162
 0.74411160917979  0.19406816825421
 0.75822506580734  0.18586732598040
 0.77232959236267  0.17748653686908
 0.78642073075685  0.16881244232598
 0.80049407673455  0.15996451418549
 0.81454528186133  0.15078733931579
 0.82857005544570  0.14155715314925
 0.84256416639480  0.13203201879143
 0.85652344500239  0.12241418842116
 0.87044378466790  0.11247239767756
 0.88432114354557  0.10238658228284
 0.89815154612250  0.09212722516664
 0.91193108472487  0.08183820104888
 0.92565592095108  0.07121466845650
 0.93932228703141  0.06034493397241
 0.95292648711314  0.04951087733337
 0.96646489847065  0.03827577332266
 0.97993397263976  0.02682991643913
 0.99333023647600  0.01444000395715
</coords>